Starting Time: 4/23/2012 11:10 AM	 	 	 	 	 	 
Seconds	Thermocouple 1	Thermocouple 2	Thermocouple 3	Thermocouple 4	MainPres	PrepPres
6.118350	NaN	NaN	NaN	NaN	1.538873E-10	4.464368E-10
6.195354	NaN	NaN	NaN	NaN	1.538873E-10	4.464368E-10
6.260358	NaN	NaN	NaN	NaN	1.538873E-10	4.464368E-10
6.322362	NaN	NaN	NaN	NaN	1.551517E-10	4.400181E-10
6.472370	NaN	NaN	NaN	NaN	1.551517E-10	4.400181E-10
6.591377	NaN	NaN	NaN	NaN	1.551517E-10	4.400181E-10
6.679382	NaN	NaN	NaN	NaN	1.551517E-10	4.400181E-10
6.762387	NaN	NaN	NaN	NaN	1.551517E-10	4.400181E-10
6.835391	NaN	NaN	NaN	NaN	1.527508E-10	4.469235E-10
6.951397	NaN	NaN	NaN	NaN	1.527508E-10	4.469235E-10
7.108407	NaN	NaN	NaN	NaN	1.527508E-10	4.469235E-10
7.172410	NaN	NaN	NaN	NaN	1.527508E-10	4.469235E-10
7.270416	NaN	NaN	NaN	NaN	1.527508E-10	4.414852E-10
7.355421	NaN	NaN	NaN	NaN	1.611257E-10	4.414852E-10
7.442426	NaN	NaN	NaN	NaN	1.611257E-10	4.414852E-10
7.581434	NaN	NaN	NaN	NaN	1.611257E-10	4.414852E-10
7.664438	NaN	NaN	NaN	NaN	1.611257E-10	4.414852E-10
7.747443	NaN	NaN	NaN	NaN	1.611257E-10	4.414852E-10
7.825448	NaN	NaN	NaN	NaN	1.603514E-10	4.384452E-10
7.951455	NaN	NaN	NaN	NaN	1.603514E-10	4.384452E-10
8.073462	NaN	NaN	NaN	NaN	1.603514E-10	4.384452E-10
8.148466	NaN	NaN	NaN	NaN	1.603514E-10	4.384452E-10
8.221470	NaN	NaN	NaN	NaN	1.603514E-10	4.384452E-10
8.332477	NaN	NaN	NaN	NaN	1.523317E-10	4.454211E-10
8.452484	NaN	NaN	NaN	NaN	1.523317E-10	4.454211E-10
8.591491	NaN	NaN	NaN	NaN	1.523317E-10	4.454211E-10
8.673496	NaN	NaN	NaN	NaN	1.523317E-10	4.454211E-10
8.757501	NaN	NaN	NaN	NaN	1.523317E-10	4.454211E-10
8.830505	NaN	NaN	NaN	NaN	1.570199E-10	4.454211E-10
8.917510	NaN	NaN	NaN	NaN	1.570199E-10	4.454211E-10
8.983514	NaN	NaN	NaN	NaN	1.570199E-10	4.454211E-10
9.099521	NaN	NaN	NaN	NaN	1.570199E-10	4.454211E-10
9.162524	NaN	NaN	NaN	NaN	1.570199E-10	4.454211E-10
9.240529	NaN	NaN	NaN	NaN	1.570199E-10	4.454211E-10
9.340534	NaN	NaN	NaN	NaN	1.544840E-10	4.401592E-10
9.455541	NaN	NaN	NaN	NaN	1.544840E-10	4.401592E-10
9.610550	NaN	NaN	NaN	NaN	1.544840E-10	4.401592E-10
9.692554	NaN	NaN	NaN	NaN	1.544840E-10	4.401592E-10
9.775559	NaN	NaN	NaN	NaN	1.544840E-10	4.401592E-10
9.849564	NaN	NaN	NaN	NaN	1.515574E-10	4.492159E-10
9.960570	NaN	NaN	NaN	NaN	1.515574E-10	4.492159E-10
10.099578	NaN	NaN	NaN	NaN	1.515574E-10	4.492159E-10
10.175582	NaN	NaN	NaN	NaN	1.515574E-10	4.492159E-10
10.240586	NaN	NaN	NaN	NaN	1.515574E-10	4.492159E-10
10.335591	NaN	NaN	NaN	NaN	1.536032E-10	4.415628E-10
10.448598	NaN	NaN	NaN	NaN	1.536032E-10	4.415628E-10
10.587605	NaN	NaN	NaN	NaN	1.536032E-10	4.415628E-10
10.671610	NaN	NaN	NaN	NaN	1.536032E-10	4.415628E-10
10.753615	NaN	NaN	NaN	NaN	1.536032E-10	4.415628E-10
10.831620	NaN	NaN	NaN	NaN	1.576095E-10	4.460347E-10
10.940626	NaN	NaN	NaN	NaN	1.576095E-10	4.460347E-10
11.116636	NaN	NaN	NaN	NaN	1.576095E-10	4.460347E-10
11.191640	NaN	NaN	NaN	NaN	1.576095E-10	4.460347E-10
11.256644	NaN	NaN	NaN	NaN	1.576095E-10	4.460347E-10
11.336648	NaN	NaN	NaN	NaN	1.576095E-10	4.491665E-10
11.456656	NaN	NaN	NaN	NaN	1.576095E-10	4.491665E-10
11.572662	NaN	NaN	NaN	NaN	1.576095E-10	4.491665E-10
11.645666	NaN	NaN	NaN	NaN	1.576095E-10	4.491665E-10
11.721671	NaN	NaN	NaN	NaN	1.576095E-10	4.491665E-10
11.820676	NaN	NaN	NaN	NaN	1.479347E-10	4.421271E-10
11.951684	NaN	NaN	NaN	NaN	1.479347E-10	4.421271E-10
12.091691	NaN	NaN	NaN	NaN	1.479347E-10	4.421271E-10
12.167696	NaN	NaN	NaN	NaN	1.479347E-10	4.421271E-10
12.250701	NaN	NaN	NaN	NaN	1.479347E-10	4.421271E-10
12.345706	NaN	NaN	NaN	NaN	1.479347E-10	4.478334E-10
12.447712	NaN	NaN	NaN	NaN	1.479347E-10	4.478334E-10
12.513716	NaN	NaN	NaN	NaN	1.479347E-10	4.478334E-10
12.647724	NaN	NaN	NaN	NaN	1.479347E-10	4.478334E-10
12.712727	NaN	NaN	NaN	NaN	1.479347E-10	4.478334E-10
12.822733	NaN	NaN	NaN	NaN	1.585116E-10	4.456397E-10
12.941741	NaN	NaN	NaN	NaN	1.585116E-10	4.456397E-10
13.007744	NaN	NaN	NaN	NaN	1.585116E-10	4.456397E-10
13.106750	NaN	NaN	NaN	NaN	1.585116E-10	4.456397E-10
13.181754	NaN	NaN	NaN	NaN	1.585116E-10	4.456397E-10
13.247758	NaN	NaN	NaN	NaN	1.585116E-10	4.456397E-10
13.335763	NaN	NaN	NaN	NaN	1.552725E-10	4.446381E-10
13.448770	NaN	NaN	NaN	NaN	1.552725E-10	4.446381E-10
13.514773	NaN	NaN	NaN	NaN	1.552725E-10	4.446381E-10
13.642780	NaN	NaN	NaN	NaN	1.552725E-10	4.446381E-10
13.730785	NaN	NaN	NaN	NaN	1.552725E-10	4.446381E-10
13.841792	NaN	NaN	NaN	NaN	1.546119E-10	4.446381E-10
13.926796	NaN	NaN	NaN	NaN	1.546119E-10	4.446381E-10
14.008801	NaN	NaN	NaN	NaN	1.546119E-10	4.446381E-10
14.093806	NaN	NaN	NaN	NaN	1.546119E-10	4.446381E-10
14.167810	NaN	NaN	NaN	NaN	1.546119E-10	4.446381E-10
14.240815	NaN	NaN	NaN	NaN	1.546119E-10	4.446381E-10
14.338820	NaN	NaN	NaN	NaN	1.599039E-10	4.446381E-10
14.415824	NaN	NaN	NaN	NaN	1.599039E-10	4.446381E-10
14.480828	NaN	NaN	NaN	NaN	1.599039E-10	4.446381E-10
14.609836	NaN	NaN	NaN	NaN	1.599039E-10	4.446381E-10
14.675839	NaN	NaN	NaN	NaN	1.599039E-10	4.446381E-10
14.752844	NaN	NaN	NaN	NaN	1.599039E-10	4.446381E-10
14.836849	NaN	NaN	NaN	NaN	1.513230E-10	4.438764E-10
14.940855	NaN	NaN	NaN	NaN	1.513230E-10	4.438764E-10
15.085863	NaN	NaN	NaN	NaN	1.513230E-10	4.438764E-10
15.158867	NaN	NaN	NaN	NaN	1.513230E-10	4.438764E-10
15.241872	NaN	NaN	NaN	NaN	1.513230E-10	4.438764E-10
15.346878	NaN	NaN	NaN	NaN	1.555069E-10	4.434743E-10
15.450884	NaN	NaN	NaN	NaN	1.555069E-10	4.434743E-10
15.585892	NaN	NaN	NaN	NaN	1.555069E-10	4.434743E-10
15.651896	NaN	NaN	NaN	NaN	1.555069E-10	4.434743E-10
15.728900	NaN	NaN	NaN	NaN	1.555069E-10	4.434743E-10
15.840906	NaN	NaN	NaN	NaN	1.568281E-10	4.428818E-10
15.917911	NaN	NaN	NaN	NaN	1.568281E-10	4.428818E-10
15.982914	NaN	NaN	NaN	NaN	1.568281E-10	4.428818E-10
16.117922	NaN	NaN	NaN	NaN	1.568281E-10	4.428818E-10
16.193926	NaN	NaN	NaN	NaN	1.568281E-10	4.428818E-10
16.281931	NaN	NaN	NaN	NaN	1.568281E-10	4.428818E-10
16.361936	NaN	NaN	NaN	NaN	1.568281E-10	4.571934E-10
16.452941	NaN	NaN	NaN	NaN	1.568281E-10	4.571934E-10
16.560947	NaN	NaN	NaN	NaN	1.568281E-10	4.571934E-10
16.625951	NaN	NaN	NaN	NaN	1.568281E-10	4.571934E-10
16.691955	NaN	NaN	NaN	NaN	1.568281E-10	4.571934E-10
16.756958	NaN	NaN	NaN	NaN	1.568281E-10	4.571934E-10
16.844964	NaN	NaN	NaN	NaN	1.554927E-10	4.513107E-10
16.956970	NaN	NaN	NaN	NaN	1.554927E-10	4.513107E-10
17.104979	NaN	NaN	NaN	NaN	1.554927E-10	4.513107E-10
17.191983	NaN	NaN	NaN	NaN	1.554927E-10	4.513107E-10
17.267988	NaN	NaN	NaN	NaN	1.554927E-10	4.513107E-10
17.351993	NaN	NaN	NaN	NaN	1.545053E-10	4.461617E-10
17.450998	NaN	NaN	NaN	NaN	1.545053E-10	4.461617E-10
17.517002	NaN	NaN	NaN	NaN	1.545053E-10	4.461617E-10
17.591006	NaN	NaN	NaN	NaN	1.545053E-10	4.461617E-10
17.673011	NaN	NaN	NaN	NaN	1.545053E-10	4.461617E-10
17.756016	NaN	NaN	NaN	NaN	1.545053E-10	4.461617E-10
17.844021	NaN	NaN	NaN	NaN	1.535819E-10	4.403285E-10
17.943027	NaN	NaN	NaN	NaN	1.535819E-10	4.403285E-10
18.026031	NaN	NaN	NaN	NaN	1.535819E-10	4.403285E-10
18.131037	NaN	NaN	NaN	NaN	1.535819E-10	4.403285E-10
18.196041	NaN	NaN	NaN	NaN	1.535819E-10	4.403285E-10
18.279046	NaN	NaN	NaN	NaN	1.535819E-10	4.403285E-10
18.346049	NaN	NaN	NaN	NaN	1.559331E-10	4.560366E-10
18.456056	NaN	NaN	NaN	NaN	1.559331E-10	4.560366E-10
18.521060	NaN	NaN	NaN	NaN	1.559331E-10	4.560366E-10
18.623065	NaN	NaN	NaN	NaN	1.559331E-10	4.560366E-10
18.706070	NaN	NaN	NaN	NaN	1.559331E-10	4.560366E-10
18.771074	NaN	NaN	NaN	NaN	1.559331E-10	4.560366E-10
18.851079	NaN	NaN	NaN	NaN	1.562172E-10	4.431428E-10
18.951084	NaN	NaN	NaN	NaN	1.562172E-10	4.431428E-10
19.016088	NaN	NaN	NaN	NaN	1.562172E-10	4.431428E-10
19.098093	NaN	NaN	NaN	NaN	1.562172E-10	4.431428E-10
19.173097	NaN	NaN	NaN	NaN	1.562172E-10	4.431428E-10
19.251101	NaN	NaN	NaN	NaN	1.562172E-10	4.431428E-10
19.345107	NaN	NaN	NaN	NaN	1.573964E-10	4.534973E-10
19.473114	NaN	NaN	NaN	NaN	1.573964E-10	4.534973E-10
19.613122	NaN	NaN	NaN	NaN	1.573964E-10	4.534973E-10
19.696126	NaN	NaN	NaN	NaN	1.573964E-10	4.534973E-10
19.778131	NaN	NaN	NaN	NaN	1.573964E-10	4.534973E-10
19.851136	NaN	NaN	NaN	NaN	1.578084E-10	4.472197E-10
19.950141	NaN	NaN	NaN	NaN	1.578084E-10	4.472197E-10
20.016145	NaN	NaN	NaN	NaN	1.578084E-10	4.472197E-10
20.123151	NaN	NaN	NaN	NaN	1.578084E-10	4.472197E-10
20.197155	NaN	NaN	NaN	NaN	1.578084E-10	4.472197E-10
20.286160	NaN	NaN	NaN	NaN	1.578084E-10	4.472197E-10
20.402167	NaN	NaN	NaN	NaN	1.537879E-10	4.470152E-10
20.478171	NaN	NaN	NaN	NaN	1.537879E-10	4.470152E-10
20.623179	NaN	NaN	NaN	NaN	1.537879E-10	4.470152E-10
20.706184	NaN	NaN	NaN	NaN	1.537879E-10	4.470152E-10
20.788189	NaN	NaN	NaN	NaN	1.537879E-10	4.470152E-10
20.926197	NaN	NaN	NaN	NaN	1.575314E-10	4.470152E-10
21.015202	NaN	NaN	NaN	NaN	1.575314E-10	4.470152E-10
21.156210	NaN	NaN	NaN	NaN	1.575314E-10	4.470152E-10
21.232214	NaN	NaN	NaN	NaN	1.575314E-10	4.470152E-10
21.337221	NaN	NaN	NaN	NaN	1.556064E-10	4.497660E-10
21.452227	NaN	NaN	NaN	NaN	1.556064E-10	4.497660E-10
21.517231	NaN	NaN	NaN	NaN	1.556064E-10	4.497660E-10
21.625237	NaN	NaN	NaN	NaN	1.556064E-10	4.497660E-10
21.691241	NaN	NaN	NaN	NaN	1.556064E-10	4.497660E-10
21.756245	NaN	NaN	NaN	NaN	1.556064E-10	4.497660E-10
21.856250	NaN	NaN	NaN	NaN	1.556064E-10	4.480450E-10
21.951256	NaN	NaN	NaN	NaN	1.556064E-10	4.480450E-10
22.068262	NaN	NaN	NaN	NaN	1.556064E-10	4.480450E-10
22.154267	NaN	NaN	NaN	NaN	1.556064E-10	4.480450E-10
22.237272	NaN	NaN	NaN	NaN	1.556064E-10	4.480450E-10
22.341278	NaN	NaN	NaN	NaN	1.556064E-10	4.487292E-10
22.443284	NaN	NaN	NaN	NaN	1.556064E-10	4.487292E-10
22.522288	NaN	NaN	NaN	NaN	1.556064E-10	4.487292E-10
22.641295	NaN	NaN	NaN	NaN	1.556064E-10	4.487292E-10
22.724300	NaN	NaN	NaN	NaN	1.556064E-10	4.487292E-10
22.840306	NaN	NaN	NaN	NaN	1.586608E-10	4.514518E-10
22.944313	NaN	NaN	NaN	NaN	1.586608E-10	4.514518E-10
23.032318	NaN	NaN	NaN	NaN	1.586608E-10	4.514518E-10
23.131323	NaN	NaN	NaN	NaN	1.586608E-10	4.514518E-10
23.205328	NaN	NaN	NaN	NaN	1.586608E-10	4.514518E-10
23.270331	NaN	NaN	NaN	NaN	1.586608E-10	4.514518E-10
23.365336	NaN	NaN	NaN	NaN	1.528076E-10	4.519949E-10
23.446341	NaN	NaN	NaN	NaN	1.528076E-10	4.519949E-10
23.518345	NaN	NaN	NaN	NaN	1.528076E-10	4.519949E-10
23.632352	NaN	NaN	NaN	NaN	1.528076E-10	4.519949E-10
23.704356	NaN	NaN	NaN	NaN	1.528076E-10	4.519949E-10
23.787361	NaN	NaN	NaN	NaN	1.528076E-10	4.519949E-10
23.900367	NaN	NaN	NaN	NaN	1.561178E-10	4.519949E-10
23.988372	NaN	NaN	NaN	NaN	1.561178E-10	4.519949E-10
24.128380	NaN	NaN	NaN	NaN	1.561178E-10	4.519949E-10
24.192384	NaN	NaN	NaN	NaN	1.561178E-10	4.519949E-10
24.274388	NaN	NaN	NaN	NaN	1.561178E-10	4.519949E-10
24.363393	NaN	NaN	NaN	NaN	1.498526E-10	4.560436E-10
24.435398	NaN	NaN	NaN	NaN	1.498526E-10	4.560436E-10
24.511402	NaN	NaN	NaN	NaN	1.498526E-10	4.560436E-10
24.629409	NaN	NaN	NaN	NaN	1.498526E-10	4.560436E-10
24.705413	NaN	NaN	NaN	NaN	1.498526E-10	4.560436E-10
24.771417	NaN	NaN	NaN	NaN	1.498526E-10	4.560436E-10
24.872423	NaN	NaN	NaN	NaN	1.599039E-10	4.527497E-10
24.950427	NaN	NaN	NaN	NaN	1.599039E-10	4.527497E-10
25.032432	NaN	NaN	NaN	NaN	1.599039E-10	4.527497E-10
25.131437	NaN	NaN	NaN	NaN	1.599039E-10	4.527497E-10
25.206442	NaN	NaN	NaN	NaN	1.599039E-10	4.527497E-10
25.271446	NaN	NaN	NaN	NaN	1.599039E-10	4.527497E-10
25.372451	NaN	NaN	NaN	NaN	1.552086E-10	4.506054E-10
25.454456	NaN	NaN	NaN	NaN	1.552086E-10	4.506054E-10
25.520460	NaN	NaN	NaN	NaN	1.552086E-10	4.506054E-10
25.627466	NaN	NaN	NaN	NaN	1.552086E-10	4.506054E-10
25.693470	NaN	NaN	NaN	NaN	1.552086E-10	4.506054E-10
25.771474	NaN	NaN	NaN	NaN	1.552086E-10	4.506054E-10
25.872480	NaN	NaN	NaN	NaN	1.547184E-10	4.506054E-10
25.951484	NaN	NaN	NaN	NaN	1.547184E-10	4.506054E-10
26.033489	NaN	NaN	NaN	NaN	1.547184E-10	4.506054E-10
26.118494	NaN	NaN	NaN	NaN	1.547184E-10	4.506054E-10
26.205499	NaN	NaN	NaN	NaN	1.547184E-10	4.506054E-10
26.281503	NaN	NaN	NaN	NaN	1.547184E-10	4.506054E-10
26.371509	NaN	NaN	NaN	NaN	1.531202E-10	4.493781E-10
26.448513	NaN	NaN	NaN	NaN	1.531202E-10	4.493781E-10
26.514517	NaN	NaN	NaN	NaN	1.531202E-10	4.493781E-10
26.658525	NaN	NaN	NaN	NaN	1.531202E-10	4.493781E-10
26.746530	NaN	NaN	NaN	NaN	1.531202E-10	4.493781E-10
26.857536	NaN	NaN	NaN	NaN	1.557200E-10	4.529401E-10
26.982543	NaN	NaN	NaN	NaN	1.557200E-10	4.529401E-10
27.105550	NaN	NaN	NaN	NaN	1.557200E-10	4.529401E-10
27.188555	NaN	NaN	NaN	NaN	1.557200E-10	4.529401E-10
27.271560	NaN	NaN	NaN	NaN	1.557200E-10	4.529401E-10
27.377566	NaN	NaN	NaN	NaN	1.516569E-10	4.550632E-10
27.447570	NaN	NaN	NaN	NaN	1.516569E-10	4.550632E-10
27.520574	NaN	NaN	NaN	NaN	1.516569E-10	4.550632E-10
27.660582	NaN	NaN	NaN	NaN	1.516569E-10	4.550632E-10
27.735587	NaN	NaN	NaN	NaN	1.516569E-10	4.550632E-10
27.801590	NaN	NaN	NaN	NaN	1.516569E-10	4.550632E-10
27.917597	NaN	NaN	NaN	NaN	1.548889E-10	4.560860E-10
28.000602	NaN	NaN	NaN	NaN	1.548889E-10	4.560860E-10
28.130609	NaN	NaN	NaN	NaN	1.548889E-10	4.560860E-10
28.203613	NaN	NaN	NaN	NaN	1.548889E-10	4.560860E-10
28.268617	NaN	NaN	NaN	NaN	1.548889E-10	4.560860E-10
28.452628	NaN	NaN	NaN	NaN	1.573609E-10	4.425151E-10
28.541633	NaN	NaN	NaN	NaN	1.573609E-10	4.425151E-10
28.643639	NaN	NaN	NaN	NaN	1.573609E-10	4.425151E-10
28.715642	NaN	NaN	NaN	NaN	1.573609E-10	4.425151E-10
28.796647	NaN	NaN	NaN	NaN	1.573609E-10	4.425151E-10
28.882652	NaN	NaN	NaN	NaN	1.573609E-10	4.549574E-10
28.953656	NaN	NaN	NaN	NaN	1.573609E-10	4.549574E-10
29.018660	NaN	NaN	NaN	NaN	1.573609E-10	4.549574E-10
29.108665	NaN	NaN	NaN	NaN	1.573609E-10	4.549574E-10
29.193670	NaN	NaN	NaN	NaN	1.573609E-10	4.549574E-10
29.276675	NaN	NaN	NaN	NaN	1.573609E-10	4.549574E-10
29.422683	NaN	NaN	NaN	NaN	1.543846E-10	4.521713E-10
29.498687	NaN	NaN	NaN	NaN	1.543846E-10	4.521713E-10
29.638695	NaN	NaN	NaN	NaN	1.543846E-10	4.521713E-10
29.721700	NaN	NaN	NaN	NaN	1.543846E-10	4.521713E-10
29.803705	NaN	NaN	NaN	NaN	1.543846E-10	4.521713E-10
29.930712	NaN	NaN	NaN	NaN	1.559828E-10	4.496108E-10
29.996716	NaN	NaN	NaN	NaN	1.559828E-10	4.496108E-10
30.175726	NaN	NaN	NaN	NaN	1.559828E-10	4.496108E-10
30.240730	NaN	NaN	NaN	NaN	1.559828E-10	4.496108E-10
30.306734	NaN	NaN	NaN	NaN	1.559828E-10	4.496108E-10
30.448741	NaN	NaN	NaN	NaN	1.562954E-10	4.442925E-10
30.521746	NaN	NaN	NaN	NaN	1.562954E-10	4.442925E-10
30.611751	NaN	NaN	NaN	NaN	1.562954E-10	4.442925E-10
30.677755	NaN	NaN	NaN	NaN	1.562954E-10	4.442925E-10
30.742758	NaN	NaN	NaN	NaN	1.562954E-10	4.442925E-10
30.807762	NaN	NaN	NaN	NaN	1.562954E-10	4.442925E-10
30.936769	NaN	NaN	NaN	NaN	1.578794E-10	4.521925E-10
31.018774	NaN	NaN	NaN	NaN	1.578794E-10	4.521925E-10
31.139781	NaN	NaN	NaN	NaN	1.578794E-10	4.521925E-10
31.220786	NaN	NaN	NaN	NaN	1.578794E-10	4.521925E-10
31.296790	NaN	NaN	NaN	NaN	1.578794E-10	4.521925E-10
31.386796	NaN	NaN	NaN	NaN	1.607137E-10	4.516705E-10
31.468800	NaN	NaN	NaN	NaN	1.607137E-10	4.516705E-10
31.541804	NaN	NaN	NaN	NaN	1.607137E-10	4.516705E-10
31.695813	NaN	NaN	NaN	NaN	1.607137E-10	4.516705E-10
31.761817	NaN	NaN	NaN	NaN	1.607137E-10	4.516705E-10
31.866823	NaN	NaN	NaN	NaN	1.577729E-10	4.423387E-10
31.960828	NaN	NaN	NaN	NaN	1.577729E-10	4.423387E-10
32.043833	NaN	NaN	NaN	NaN	1.577729E-10	4.423387E-10
32.145839	NaN	NaN	NaN	NaN	1.577729E-10	4.423387E-10
32.220843	NaN	NaN	NaN	NaN	1.577729E-10	4.423387E-10
32.286847	NaN	NaN	NaN	NaN	1.577729E-10	4.423387E-10
32.386853	NaN	NaN	NaN	NaN	1.577729E-10	4.486163E-10
32.468857	NaN	NaN	NaN	NaN	1.577729E-10	4.486163E-10
32.541862	NaN	NaN	NaN	NaN	1.577729E-10	4.486163E-10
32.614865	NaN	NaN	NaN	NaN	1.577729E-10	4.486163E-10
32.680869	NaN	NaN	NaN	NaN	1.577729E-10	4.486163E-10
32.745873	NaN	NaN	NaN	NaN	1.577729E-10	4.486163E-10
32.811877	NaN	NaN	NaN	NaN	1.577729E-10	4.486163E-10
32.901882	NaN	NaN	NaN	NaN	1.612180E-10	4.486163E-10
32.983887	NaN	NaN	NaN	NaN	1.612180E-10	4.486163E-10
33.122895	NaN	NaN	NaN	NaN	1.612180E-10	4.486163E-10
33.196899	NaN	NaN	NaN	NaN	1.612180E-10	4.486163E-10
33.278903	NaN	NaN	NaN	NaN	1.612180E-10	4.486163E-10
33.385910	NaN	NaN	NaN	NaN	1.571762E-10	4.541604E-10
33.466914	NaN	NaN	NaN	NaN	1.571762E-10	4.541604E-10
33.543919	NaN	NaN	NaN	NaN	1.571762E-10	4.541604E-10
33.646924	NaN	NaN	NaN	NaN	1.571762E-10	4.541604E-10
33.711928	NaN	NaN	NaN	NaN	1.571762E-10	4.541604E-10
33.789933	NaN	NaN	NaN	NaN	1.571762E-10	4.541604E-10
33.891939	NaN	NaN	NaN	NaN	1.571762E-10	4.556557E-10
33.961943	NaN	NaN	NaN	NaN	1.571762E-10	4.556557E-10
34.027946	NaN	NaN	NaN	NaN	1.571762E-10	4.556557E-10
34.123952	NaN	NaN	NaN	NaN	1.571762E-10	4.556557E-10
34.215957	NaN	NaN	NaN	NaN	1.571762E-10	4.556557E-10
34.280961	NaN	NaN	NaN	NaN	1.571762E-10	4.556557E-10
34.386967	NaN	NaN	NaN	NaN	1.514012E-10	4.556557E-10
34.451971	NaN	NaN	NaN	NaN	1.514012E-10	4.556557E-10
34.540976	NaN	NaN	NaN	NaN	1.514012E-10	4.556557E-10
34.647982	NaN	NaN	NaN	NaN	1.514012E-10	4.556557E-10
34.720986	NaN	NaN	NaN	NaN	1.514012E-10	4.556557E-10
34.802991	NaN	NaN	NaN	NaN	1.514012E-10	4.556557E-10
34.882995	NaN	NaN	NaN	NaN	1.602733E-10	4.493922E-10
34.975000	NaN	NaN	NaN	NaN	1.602733E-10	4.493922E-10
35.120009	NaN	NaN	NaN	NaN	1.602733E-10	4.493922E-10
35.193013	NaN	NaN	NaN	NaN	1.602733E-10	4.493922E-10
35.276018	NaN	NaN	NaN	NaN	1.602733E-10	4.493922E-10
35.387024	NaN	NaN	NaN	NaN	1.562670E-10	4.456750E-10
35.469029	NaN	NaN	NaN	NaN	1.562670E-10	4.456750E-10
35.541033	NaN	NaN	NaN	NaN	1.562670E-10	4.456750E-10
35.675041	NaN	NaN	NaN	NaN	1.562670E-10	4.456750E-10
35.751045	NaN	NaN	NaN	NaN	1.562670E-10	4.456750E-10
35.817049	NaN	NaN	NaN	NaN	1.562670E-10	4.456750E-10
35.886053	NaN	NaN	NaN	NaN	1.516711E-10	4.465567E-10
35.990058	NaN	NaN	NaN	NaN	1.516711E-10	4.465567E-10
36.128067	NaN	NaN	NaN	NaN	1.516711E-10	4.465567E-10
36.214071	NaN	NaN	NaN	NaN	1.516711E-10	4.465567E-10
36.303077	NaN	NaN	NaN	NaN	1.516711E-10	4.465567E-10
36.386081	NaN	NaN	NaN	NaN	1.543917E-10	4.473396E-10
36.458086	NaN	NaN	NaN	NaN	1.543917E-10	4.473396E-10
36.546091	NaN	NaN	NaN	NaN	1.543917E-10	4.473396E-10
36.681098	NaN	NaN	NaN	NaN	1.543917E-10	4.473396E-10
36.746102	NaN	NaN	NaN	NaN	1.543917E-10	4.473396E-10
36.873109	NaN	NaN	NaN	NaN	1.577729E-10	4.630054E-10
36.977115	NaN	NaN	NaN	NaN	1.577729E-10	4.630054E-10
37.042119	NaN	NaN	NaN	NaN	1.577729E-10	4.630054E-10
37.147125	NaN	NaN	NaN	NaN	1.577729E-10	4.630054E-10
37.211128	NaN	NaN	NaN	NaN	1.577729E-10	4.630054E-10
37.293133	NaN	NaN	NaN	NaN	1.577729E-10	4.630054E-10
37.399139	NaN	NaN	NaN	NaN	1.547611E-10	4.609811E-10
37.470143	NaN	NaN	NaN	NaN	1.547611E-10	4.609811E-10
37.548148	NaN	NaN	NaN	NaN	1.547611E-10	4.609811E-10
37.650154	NaN	NaN	NaN	NaN	1.547611E-10	4.609811E-10
37.715157	NaN	NaN	NaN	NaN	1.547611E-10	4.609811E-10
37.781161	NaN	NaN	NaN	NaN	1.547611E-10	4.609811E-10
37.892168	NaN	NaN	NaN	NaN	1.562386E-10	4.609811E-10
37.958171	NaN	NaN	NaN	NaN	1.562386E-10	4.609811E-10
38.023175	NaN	NaN	NaN	NaN	1.562386E-10	4.609811E-10
38.152182	NaN	NaN	NaN	NaN	1.562386E-10	4.609811E-10
38.227187	NaN	NaN	NaN	NaN	1.562386E-10	4.609811E-10
38.292190	NaN	NaN	NaN	NaN	1.562386E-10	4.609811E-10
38.397196	NaN	NaN	NaN	NaN	1.538731E-10	4.618557E-10
38.485201	NaN	NaN	NaN	NaN	1.538731E-10	4.618557E-10
38.550205	NaN	NaN	NaN	NaN	1.538731E-10	4.618557E-10
38.652211	NaN	NaN	NaN	NaN	1.538731E-10	4.618557E-10
38.717215	NaN	NaN	NaN	NaN	1.538731E-10	4.618557E-10
38.782218	NaN	NaN	NaN	NaN	1.538731E-10	4.618557E-10
38.882224	NaN	NaN	NaN	NaN	1.578723E-10	4.480238E-10
38.993230	NaN	NaN	NaN	NaN	1.578723E-10	4.480238E-10
39.132238	NaN	NaN	NaN	NaN	1.578723E-10	4.480238E-10
39.206243	NaN	NaN	NaN	NaN	1.578723E-10	4.480238E-10
39.288247	NaN	NaN	NaN	NaN	1.578723E-10	4.480238E-10
39.405254	NaN	NaN	NaN	NaN	1.560539E-10	4.442502E-10
39.476258	NaN	NaN	NaN	NaN	1.560539E-10	4.442502E-10
39.552262	NaN	NaN	NaN	NaN	1.560539E-10	4.442502E-10
39.660268	NaN	NaN	NaN	NaN	1.560539E-10	4.442502E-10
39.725272	NaN	NaN	NaN	NaN	1.560539E-10	4.442502E-10
39.801277	NaN	NaN	NaN	NaN	1.560539E-10	4.442502E-10
39.902282	NaN	NaN	NaN	NaN	1.564090E-10	4.539135E-10
40.015289	NaN	NaN	NaN	NaN	1.564090E-10	4.539135E-10
40.110294	NaN	NaN	NaN	NaN	1.564090E-10	4.539135E-10
40.201300	NaN	NaN	NaN	NaN	1.564090E-10	4.539135E-10
40.266303	NaN	NaN	NaN	NaN	1.564090E-10	4.539135E-10
40.395310	NaN	NaN	NaN	NaN	1.581920E-10	4.529472E-10
40.487316	NaN	NaN	NaN	NaN	1.581920E-10	4.529472E-10
40.569321	NaN	NaN	NaN	NaN	1.581920E-10	4.529472E-10
40.671326	NaN	NaN	NaN	NaN	1.581920E-10	4.529472E-10
40.760332	NaN	NaN	NaN	NaN	1.581920E-10	4.529472E-10
40.881338	NaN	NaN	NaN	NaN	1.581920E-10	4.511556E-10
41.017346	NaN	NaN	NaN	NaN	1.581920E-10	4.511556E-10
41.134353	NaN	NaN	NaN	NaN	1.581920E-10	4.511556E-10
41.211357	NaN	NaN	NaN	NaN	1.581920E-10	4.511556E-10
41.295362	NaN	NaN	NaN	NaN	1.581920E-10	4.511556E-10
41.405368	NaN	NaN	NaN	NaN	1.560468E-10	4.502668E-10
41.476372	NaN	NaN	NaN	NaN	1.560468E-10	4.502668E-10
Starting Time: 4/23/2012 11:13 AM	 	 	 	 	 	 
Seconds	Thermocouple 1	Thermocouple 2	Thermocouple 3	Thermocouple 4	MainPres	PrepPres
6.265358	NaN	NaN	NaN	NaN	1.580002E-10	4.900556E-10
6.354363	NaN	NaN	NaN	NaN	1.580002E-10	4.900556E-10
6.478371	NaN	NaN	NaN	NaN	1.580002E-10	4.821980E-10
6.543374	NaN	NaN	NaN	NaN	1.580002E-10	4.821980E-10
6.608378	NaN	NaN	NaN	NaN	1.580002E-10	4.821980E-10
6.709383	NaN	NaN	NaN	NaN	1.580002E-10	4.821980E-10
6.784388	NaN	NaN	NaN	NaN	1.580002E-10	4.821980E-10
6.849391	NaN	NaN	NaN	NaN	1.580002E-10	4.821980E-10
6.930397	NaN	NaN	NaN	NaN	1.580002E-10	4.821980E-10
7.014401	NaN	NaN	NaN	NaN	1.578865E-10	4.821980E-10
7.086405	NaN	NaN	NaN	NaN	1.578865E-10	4.821980E-10
7.198411	NaN	NaN	NaN	NaN	1.578865E-10	4.821980E-10
7.263415	NaN	NaN	NaN	NaN	1.578865E-10	4.821980E-10
7.329419	NaN	NaN	NaN	NaN	1.578865E-10	4.821980E-10
7.402423	NaN	NaN	NaN	NaN	1.578865E-10	4.821980E-10
7.516430	NaN	NaN	NaN	NaN	1.548818E-10	4.873682E-10
7.594434	NaN	NaN	NaN	NaN	1.548818E-10	4.873682E-10
7.716441	NaN	NaN	NaN	NaN	1.548818E-10	4.873682E-10
7.789445	NaN	NaN	NaN	NaN	1.548818E-10	4.873682E-10
7.859449	NaN	NaN	NaN	NaN	1.548818E-10	4.873682E-10
7.981456	NaN	NaN	NaN	NaN	1.570057E-10	4.869661E-10
8.059461	NaN	NaN	NaN	NaN	1.570057E-10	4.869661E-10
8.141466	NaN	NaN	NaN	NaN	1.570057E-10	4.869661E-10
8.243472	NaN	NaN	NaN	NaN	1.570057E-10	4.869661E-10
8.319476	NaN	NaN	NaN	NaN	1.570057E-10	4.869661E-10
8.393480	NaN	NaN	NaN	NaN	1.570057E-10	4.869661E-10
8.475485	NaN	NaN	NaN	NaN	1.570057E-10	4.998670E-10
8.557489	NaN	NaN	NaN	NaN	1.570057E-10	4.998670E-10
8.640494	NaN	NaN	NaN	NaN	1.570057E-10	4.998670E-10
8.725499	NaN	NaN	NaN	NaN	1.570057E-10	4.998670E-10
8.788503	NaN	NaN	NaN	NaN	1.570057E-10	4.998670E-10
8.871507	NaN	NaN	NaN	NaN	1.570057E-10	4.998670E-10
8.975513	NaN	NaN	NaN	NaN	1.576024E-10	4.998670E-10
9.048517	NaN	NaN	NaN	NaN	1.576024E-10	4.998670E-10
9.113521	NaN	NaN	NaN	NaN	1.576024E-10	4.998670E-10
9.242528	NaN	NaN	NaN	NaN	1.576024E-10	4.998670E-10
9.308532	NaN	NaN	NaN	NaN	1.576024E-10	4.998670E-10
9.374536	NaN	NaN	NaN	NaN	1.576024E-10	4.998670E-10
9.455541	NaN	NaN	NaN	NaN	1.576024E-10	4.897875E-10
9.555546	NaN	NaN	NaN	NaN	1.573822E-10	4.897875E-10
9.643551	NaN	NaN	NaN	NaN	1.573822E-10	4.897875E-10
9.742557	NaN	NaN	NaN	NaN	1.573822E-10	4.897875E-10
9.818562	NaN	NaN	NaN	NaN	1.573822E-10	4.897875E-10
9.905567	NaN	NaN	NaN	NaN	1.573822E-10	4.897875E-10
10.030574	NaN	NaN	NaN	NaN	1.584122E-10	4.918190E-10
10.103578	NaN	NaN	NaN	NaN	1.584122E-10	4.918190E-10
10.237586	NaN	NaN	NaN	NaN	1.584122E-10	4.918190E-10
10.303589	NaN	NaN	NaN	NaN	1.584122E-10	4.918190E-10
Starting Time: 4/23/2012 11:16 AM	 	 	 	 	 	 
Seconds	Thermocouple 1	Thermocouple 2	Thermocouple 3	Thermocouple 4	MainPres	PrepPres
7.518430	NaN	NaN	NaN	NaN	1.520618E-10	5.651188E-10
7.601435	NaN	NaN	NaN	NaN	1.520618E-10	5.651188E-10
7.683440	NaN	NaN	NaN	NaN	1.520618E-10	5.641243E-10
7.800447	NaN	NaN	NaN	NaN	1.541573E-10	5.641243E-10
7.872450	NaN	NaN	NaN	NaN	1.541573E-10	5.641243E-10
8.028460	NaN	NaN	NaN	NaN	1.541573E-10	5.641243E-10
8.100463	NaN	NaN	NaN	NaN	1.541573E-10	5.641243E-10
8.188468	NaN	NaN	NaN	NaN	1.541573E-10	5.628547E-10
8.299475	NaN	NaN	NaN	NaN	1.541573E-10	5.628547E-10
8.382480	NaN	NaN	NaN	NaN	1.541573E-10	5.628547E-10
8.455484	NaN	NaN	NaN	NaN	1.541573E-10	5.628547E-10
8.518487	NaN	NaN	NaN	NaN	1.541573E-10	5.628547E-10
8.601492	NaN	NaN	NaN	NaN	1.541573E-10	5.628547E-10
8.677496	NaN	NaN	NaN	NaN	1.541573E-10	5.701268E-10
8.831505	NaN	NaN	NaN	NaN	1.589663E-10	5.701268E-10
8.972513	NaN	NaN	NaN	NaN	1.589663E-10	5.701268E-10
9.055518	NaN	NaN	NaN	NaN	1.589663E-10	5.701268E-10
9.159524	NaN	NaN	NaN	NaN	1.589663E-10	5.588907E-10
9.297532	NaN	NaN	NaN	NaN	1.559828E-10	5.588907E-10
9.379537	NaN	NaN	NaN	NaN	1.559828E-10	5.588907E-10
9.534545	NaN	NaN	NaN	NaN	1.559828E-10	5.588907E-10
9.623551	NaN	NaN	NaN	NaN	1.559828E-10	5.588907E-10
9.705555	NaN	NaN	NaN	NaN	1.559828E-10	5.594479E-10
9.809561	NaN	NaN	NaN	NaN	1.525093E-10	5.594479E-10
9.875565	NaN	NaN	NaN	NaN	1.525093E-10	5.594479E-10
9.979571	NaN	NaN	NaN	NaN	1.525093E-10	5.594479E-10
10.044575	NaN	NaN	NaN	NaN	1.525093E-10	5.594479E-10
10.109579	NaN	NaN	NaN	NaN	1.525093E-10	5.594479E-10
10.175582	NaN	NaN	NaN	NaN	1.525093E-10	5.602590E-10
10.290589	NaN	NaN	NaN	NaN	1.544698E-10	5.602590E-10
10.378594	NaN	NaN	NaN	NaN	1.544698E-10	5.602590E-10
10.480600	NaN	NaN	NaN	NaN	1.544698E-10	5.602590E-10
10.554604	NaN	NaN	NaN	NaN	1.544698E-10	5.602590E-10
10.657610	NaN	NaN	NaN	NaN	1.544698E-10	5.663885E-10
10.779617	NaN	NaN	NaN	NaN	1.544698E-10	5.663885E-10
10.844621	NaN	NaN	NaN	NaN	1.544698E-10	5.663885E-10
10.939626	NaN	NaN	NaN	NaN	1.544698E-10	5.663885E-10
11.023631	NaN	NaN	NaN	NaN	1.544698E-10	5.663885E-10
11.105636	NaN	NaN	NaN	NaN	1.544698E-10	5.663885E-10
11.183640	NaN	NaN	NaN	NaN	1.544698E-10	5.663885E-10
11.266644	NaN	NaN	NaN	NaN	1.553577E-10	5.663885E-10
11.332648	NaN	NaN	NaN	NaN	1.553577E-10	5.663885E-10
11.454655	NaN	NaN	NaN	NaN	1.553577E-10	5.663885E-10
11.537660	NaN	NaN	NaN	NaN	1.553577E-10	5.663885E-10
11.602664	NaN	NaN	NaN	NaN	1.553577E-10	5.663885E-10
11.668668	NaN	NaN	NaN	NaN	1.553577E-10	5.555473E-10
11.793675	NaN	NaN	NaN	NaN	1.556490E-10	5.555473E-10
11.872679	NaN	NaN	NaN	NaN	1.556490E-10	5.555473E-10
12.012687	NaN	NaN	NaN	NaN	1.556490E-10	5.555473E-10
12.094692	NaN	NaN	NaN	NaN	1.556490E-10	5.555473E-10
12.176697	NaN	NaN	NaN	NaN	1.556490E-10	5.627630E-10
12.297704	NaN	NaN	NaN	NaN	1.529071E-10	5.627630E-10
12.362707	NaN	NaN	NaN	NaN	1.529071E-10	5.627630E-10
12.485714	NaN	NaN	NaN	NaN	1.529071E-10	5.627630E-10
12.561719	NaN	NaN	NaN	NaN	1.529071E-10	5.627630E-10
12.648724	NaN	NaN	NaN	NaN	1.529071E-10	5.627630E-10
12.764730	NaN	NaN	NaN	NaN	1.533333E-10	5.627630E-10
12.829734	NaN	NaN	NaN	NaN	1.533333E-10	5.627630E-10
12.895738	NaN	NaN	NaN	NaN	1.533333E-10	5.627630E-10
13.010745	NaN	NaN	NaN	NaN	1.533333E-10	5.627630E-10
13.093749	NaN	NaN	NaN	NaN	1.533333E-10	5.627630E-10
13.187755	NaN	NaN	NaN	NaN	1.533333E-10	5.700492E-10
13.308762	NaN	NaN	NaN	NaN	1.533333E-10	5.700492E-10
13.391766	NaN	NaN	NaN	NaN	1.533333E-10	5.700492E-10
13.469771	NaN	NaN	NaN	NaN	1.533333E-10	5.700492E-10
13.542775	NaN	NaN	NaN	NaN	1.533333E-10	5.700492E-10
13.618779	NaN	NaN	NaN	NaN	1.533333E-10	5.700492E-10
13.690784	NaN	NaN	NaN	NaN	1.533333E-10	5.689983E-10
13.807790	NaN	NaN	NaN	NaN	1.532480E-10	5.689983E-10
13.872794	NaN	NaN	NaN	NaN	1.532480E-10	5.689983E-10
13.962799	NaN	NaN	NaN	NaN	1.532480E-10	5.689983E-10
14.034803	NaN	NaN	NaN	NaN	1.532480E-10	5.689983E-10
14.123808	NaN	NaN	NaN	NaN	1.532480E-10	5.689983E-10
14.205813	NaN	NaN	NaN	NaN	1.532480E-10	5.627560E-10
14.305819	NaN	NaN	NaN	NaN	1.557910E-10	5.627560E-10
14.393824	NaN	NaN	NaN	NaN	1.557910E-10	5.627560E-10
14.528831	NaN	NaN	NaN	NaN	1.557910E-10	5.627560E-10
14.602836	NaN	NaN	NaN	NaN	1.557910E-10	5.627560E-10
14.674839	NaN	NaN	NaN	NaN	1.557910E-10	5.674112E-10
14.794847	NaN	NaN	NaN	NaN	1.569418E-10	5.674112E-10
14.860850	NaN	NaN	NaN	NaN	1.569418E-10	5.674112E-10
14.990858	NaN	NaN	NaN	NaN	1.569418E-10	5.674112E-10
15.067862	NaN	NaN	NaN	NaN	1.569418E-10	5.674112E-10
15.165868	NaN	NaN	NaN	NaN	1.569418E-10	5.654716E-10
15.293875	NaN	NaN	NaN	NaN	1.582204E-10	5.654716E-10
15.375880	NaN	NaN	NaN	NaN	1.582204E-10	5.654716E-10
15.488886	NaN	NaN	NaN	NaN	1.582204E-10	5.654716E-10
15.554890	NaN	NaN	NaN	NaN	1.582204E-10	5.654716E-10
15.644895	NaN	NaN	NaN	NaN	1.582204E-10	5.703102E-10
15.773902	NaN	NaN	NaN	NaN	1.509465E-10	5.703102E-10
15.839906	NaN	NaN	NaN	NaN	1.509465E-10	5.703102E-10
15.961913	NaN	NaN	NaN	NaN	1.509465E-10	5.703102E-10
16.028917	NaN	NaN	NaN	NaN	1.509465E-10	5.703102E-10
16.093921	NaN	NaN	NaN	NaN	1.509465E-10	5.703102E-10
16.174925	NaN	NaN	NaN	NaN	1.509465E-10	5.703102E-10
16.268931	NaN	NaN	NaN	NaN	1.523033E-10	5.703102E-10
16.357936	NaN	NaN	NaN	NaN	1.523033E-10	5.703102E-10
16.490943	NaN	NaN	NaN	NaN	1.523033E-10	5.703102E-10
16.577949	NaN	NaN	NaN	NaN	1.523033E-10	5.703102E-10
16.658953	NaN	NaN	NaN	NaN	1.523033E-10	5.668470E-10
16.778960	NaN	NaN	NaN	NaN	1.506837E-10	5.668470E-10
16.857965	NaN	NaN	NaN	NaN	1.506837E-10	5.668470E-10
17.045975	NaN	NaN	NaN	NaN	1.506837E-10	5.668470E-10
17.128980	NaN	NaN	NaN	NaN	1.506837E-10	5.668470E-10
17.217985	NaN	NaN	NaN	NaN	1.506837E-10	5.606328E-10
17.312991	NaN	NaN	NaN	NaN	1.553933E-10	5.606328E-10
17.399995	NaN	NaN	NaN	NaN	1.553933E-10	5.606328E-10
17.505002	NaN	NaN	NaN	NaN	1.553933E-10	5.606328E-10
17.569005	NaN	NaN	NaN	NaN	1.553933E-10	5.606328E-10
17.655010	NaN	NaN	NaN	NaN	1.553933E-10	5.576704E-10
17.776017	NaN	NaN	NaN	NaN	1.569702E-10	5.576704E-10
17.859022	NaN	NaN	NaN	NaN	1.569702E-10	5.576704E-10
17.994030	NaN	NaN	NaN	NaN	1.569702E-10	5.576704E-10
18.065033	NaN	NaN	NaN	NaN	1.569702E-10	5.576704E-10
18.169039	NaN	NaN	NaN	NaN	1.569702E-10	5.636729E-10
18.280046	NaN	NaN	NaN	NaN	1.549671E-10	5.636729E-10
18.363050	NaN	NaN	NaN	NaN	1.549671E-10	5.636729E-10
18.523060	NaN	NaN	NaN	NaN	1.549671E-10	5.636729E-10
18.597064	NaN	NaN	NaN	NaN	1.549671E-10	5.636729E-10
18.684069	NaN	NaN	NaN	NaN	1.549671E-10	5.695978E-10
18.816076	NaN	NaN	NaN	NaN	1.517776E-10	5.695978E-10
18.899081	NaN	NaN	NaN	NaN	1.517776E-10	5.695978E-10
18.995087	NaN	NaN	NaN	NaN	1.517776E-10	5.695978E-10
19.068091	NaN	NaN	NaN	NaN	1.517776E-10	5.695978E-10
19.166097	NaN	NaN	NaN	NaN	1.517776E-10	5.687655E-10
19.304104	NaN	NaN	NaN	NaN	1.550736E-10	5.687655E-10
19.386109	NaN	NaN	NaN	NaN	1.550736E-10	5.687655E-10
19.553119	NaN	NaN	NaN	NaN	1.550736E-10	5.687655E-10
19.636123	NaN	NaN	NaN	NaN	1.550736E-10	5.687655E-10
19.719128	NaN	NaN	NaN	NaN	1.550736E-10	5.701762E-10
19.818134	NaN	NaN	NaN	NaN	1.553506E-10	5.701762E-10
19.884138	NaN	NaN	NaN	NaN	1.553506E-10	5.701762E-10
19.970142	NaN	NaN	NaN	NaN	1.553506E-10	5.701762E-10
20.035146	NaN	NaN	NaN	NaN	1.553506E-10	5.701762E-10
20.101150	NaN	NaN	NaN	NaN	1.553506E-10	5.701762E-10
20.183155	NaN	NaN	NaN	NaN	1.553506E-10	5.640044E-10
20.320162	NaN	NaN	NaN	NaN	1.553506E-10	5.640044E-10
20.385166	NaN	NaN	NaN	NaN	1.553506E-10	5.640044E-10
20.470171	NaN	NaN	NaN	NaN	1.553506E-10	5.640044E-10
20.557176	NaN	NaN	NaN	NaN	1.553506E-10	5.640044E-10
20.633181	NaN	NaN	NaN	NaN	1.553506E-10	5.640044E-10
20.715185	NaN	NaN	NaN	NaN	1.553506E-10	5.644417E-10
20.789189	NaN	NaN	NaN	NaN	1.553506E-10	5.644417E-10
20.860193	NaN	NaN	NaN	NaN	1.553506E-10	5.644417E-10
21.014202	NaN	NaN	NaN	NaN	1.553506E-10	5.644417E-10
21.096207	NaN	NaN	NaN	NaN	1.553506E-10	5.644417E-10
21.200213	NaN	NaN	NaN	NaN	1.553506E-10	5.668329E-10
21.354222	NaN	NaN	NaN	NaN	1.574674E-10	5.668329E-10
21.493229	NaN	NaN	NaN	NaN	1.574674E-10	5.668329E-10
21.582235	NaN	NaN	NaN	NaN	1.574674E-10	5.668329E-10
21.680240	NaN	NaN	NaN	NaN	1.574674E-10	5.684975E-10
21.812248	NaN	NaN	NaN	NaN	1.593996E-10	5.684975E-10
21.877252	NaN	NaN	NaN	NaN	1.593996E-10	5.684975E-10
22.035261	NaN	NaN	NaN	NaN	1.593996E-10	5.684975E-10
22.124266	NaN	NaN	NaN	NaN	1.593996E-10	5.684975E-10
22.212271	NaN	NaN	NaN	NaN	1.593996E-10	5.684975E-10
22.285275	NaN	NaN	NaN	NaN	1.556206E-10	5.684975E-10
22.350278	NaN	NaN	NaN	NaN	1.556206E-10	5.684975E-10
22.495287	NaN	NaN	NaN	NaN	1.556206E-10	5.684975E-10
22.582292	NaN	NaN	NaN	NaN	1.556206E-10	5.684975E-10
22.675297	NaN	NaN	NaN	NaN	1.556206E-10	5.684975E-10
22.805305	NaN	NaN	NaN	NaN	1.564730E-10	5.684975E-10
22.871308	NaN	NaN	NaN	NaN	1.564730E-10	5.684975E-10
22.965314	NaN	NaN	NaN	NaN	1.564730E-10	5.684975E-10
23.050319	NaN	NaN	NaN	NaN	1.564730E-10	5.684975E-10
23.115322	NaN	NaN	NaN	NaN	1.564730E-10	5.684975E-10
23.203327	NaN	NaN	NaN	NaN	1.564730E-10	5.642866E-10
23.330335	NaN	NaN	NaN	NaN	1.522749E-10	5.642866E-10
23.396338	NaN	NaN	NaN	NaN	1.522749E-10	5.642866E-10
23.563348	NaN	NaN	NaN	NaN	1.522749E-10	5.642866E-10
23.645353	NaN	NaN	NaN	NaN	1.522749E-10	5.642866E-10
23.733358	NaN	NaN	NaN	NaN	1.522749E-10	5.628900E-10
23.827363	NaN	NaN	NaN	NaN	1.548250E-10	5.628900E-10
23.893367	NaN	NaN	NaN	NaN	1.548250E-10	5.628900E-10
24.013374	NaN	NaN	NaN	NaN	1.548250E-10	5.628900E-10
24.088378	NaN	NaN	NaN	NaN	1.548250E-10	5.628900E-10
24.175383	NaN	NaN	NaN	NaN	1.548250E-10	5.690688E-10
24.295390	NaN	NaN	NaN	NaN	1.560112E-10	5.690688E-10
24.361393	NaN	NaN	NaN	NaN	1.560112E-10	5.690688E-10
24.483401	NaN	NaN	NaN	NaN	1.560112E-10	5.690688E-10
24.564405	NaN	NaN	NaN	NaN	1.560112E-10	5.690688E-10
24.652411	NaN	NaN	NaN	NaN	1.560112E-10	5.690688E-10
24.718414	NaN	NaN	NaN	NaN	1.560112E-10	5.703314E-10
24.834421	NaN	NaN	NaN	NaN	1.562172E-10	5.703314E-10
24.917426	NaN	NaN	NaN	NaN	1.562172E-10	5.703314E-10
25.004430	NaN	NaN	NaN	NaN	1.562172E-10	5.703314E-10
25.087435	NaN	NaN	NaN	NaN	1.562172E-10	5.703314E-10
25.190441	NaN	NaN	NaN	NaN	1.562172E-10	5.738229E-10
25.328449	NaN	NaN	NaN	NaN	1.562172E-10	5.738229E-10
25.410454	NaN	NaN	NaN	NaN	1.562172E-10	5.738229E-10
25.489458	NaN	NaN	NaN	NaN	1.562172E-10	5.738229E-10
25.565463	NaN	NaN	NaN	NaN	1.562172E-10	5.738229E-10
25.649467	NaN	NaN	NaN	NaN	1.562172E-10	5.738229E-10
25.731472	NaN	NaN	NaN	NaN	1.562172E-10	5.728565E-10
25.825478	NaN	NaN	NaN	NaN	1.536671E-10	5.728565E-10
25.890481	NaN	NaN	NaN	NaN	1.536671E-10	5.728565E-10
26.015488	NaN	NaN	NaN	NaN	1.536671E-10	5.728565E-10
26.088492	NaN	NaN	NaN	NaN	1.536671E-10	5.728565E-10
26.192498	NaN	NaN	NaN	NaN	1.536671E-10	5.646040E-10
26.329506	NaN	NaN	NaN	NaN	1.563096E-10	5.646040E-10
26.417511	NaN	NaN	NaN	NaN	1.563096E-10	5.646040E-10
26.519517	NaN	NaN	NaN	NaN	1.563096E-10	5.646040E-10
26.583521	NaN	NaN	NaN	NaN	1.563096E-10	5.646040E-10
26.648524	NaN	NaN	NaN	NaN	1.563096E-10	5.646040E-10
26.720529	NaN	NaN	NaN	NaN	1.563096E-10	5.686244E-10
26.824534	NaN	NaN	NaN	NaN	1.536316E-10	5.686244E-10
26.890538	NaN	NaN	NaN	NaN	1.536316E-10	5.686244E-10
27.042547	NaN	NaN	NaN	NaN	1.536316E-10	5.686244E-10
27.114551	NaN	NaN	NaN	NaN	1.536316E-10	5.686244E-10
27.213557	NaN	NaN	NaN	NaN	1.536316E-10	5.690194E-10
27.302562	NaN	NaN	NaN	NaN	1.565369E-10	5.690194E-10
27.384566	NaN	NaN	NaN	NaN	1.565369E-10	5.690194E-10
27.513574	NaN	NaN	NaN	NaN	1.565369E-10	5.690194E-10
27.597579	NaN	NaN	NaN	NaN	1.565369E-10	5.690194E-10
27.700584	NaN	NaN	NaN	NaN	1.565369E-10	5.688290E-10
27.799590	NaN	NaN	NaN	NaN	1.568281E-10	5.688290E-10
27.888596	NaN	NaN	NaN	NaN	1.568281E-10	5.688290E-10
27.980601	NaN	NaN	NaN	NaN	1.568281E-10	5.688290E-10
28.045604	NaN	NaN	NaN	NaN	1.568281E-10	5.688290E-10
28.121609	NaN	NaN	NaN	NaN	1.568281E-10	5.688290E-10
28.219615	NaN	NaN	NaN	NaN	1.568281E-10	5.676793E-10
28.329621	NaN	NaN	NaN	NaN	1.533901E-10	5.676793E-10
28.394624	NaN	NaN	NaN	NaN	1.533901E-10	5.676793E-10
28.539633	NaN	NaN	NaN	NaN	1.533901E-10	5.676793E-10
28.615637	NaN	NaN	NaN	NaN	1.533901E-10	5.676793E-10
28.724643	NaN	NaN	NaN	NaN	1.533901E-10	5.676793E-10
28.798647	NaN	NaN	NaN	NaN	1.537453E-10	5.676793E-10
28.863651	NaN	NaN	NaN	NaN	1.537453E-10	5.676793E-10
28.987658	NaN	NaN	NaN	NaN	1.537453E-10	5.676793E-10
29.065663	NaN	NaN	NaN	NaN	1.537453E-10	5.676793E-10
29.147667	NaN	NaN	NaN	NaN	1.537453E-10	5.676793E-10
29.223672	NaN	NaN	NaN	NaN	1.537453E-10	5.674183E-10
29.328678	NaN	NaN	NaN	NaN	1.560468E-10	5.674183E-10
29.393682	NaN	NaN	NaN	NaN	1.560468E-10	5.674183E-10
29.512688	NaN	NaN	NaN	NaN	1.560468E-10	5.674183E-10
29.590693	NaN	NaN	NaN	NaN	1.560468E-10	5.674183E-10
29.673697	NaN	NaN	NaN	NaN	1.560468E-10	5.674183E-10
29.811706	NaN	NaN	NaN	NaN	1.593356E-10	5.643994E-10
29.883709	NaN	NaN	NaN	NaN	1.593356E-10	5.643994E-10
30.047719	NaN	NaN	NaN	NaN	1.593356E-10	5.643994E-10
30.129724	NaN	NaN	NaN	NaN	1.593356E-10	5.643994E-10
30.233729	NaN	NaN	NaN	NaN	1.593356E-10	5.759954E-10
30.338736	NaN	NaN	NaN	NaN	1.593356E-10	5.759954E-10
30.421741	NaN	NaN	NaN	NaN	1.593356E-10	5.759954E-10
30.494744	NaN	NaN	NaN	NaN	1.593356E-10	5.759954E-10
30.563748	NaN	NaN	NaN	NaN	1.593356E-10	5.759954E-10
30.645753	NaN	NaN	NaN	NaN	1.593356E-10	5.759954E-10
30.727758	NaN	NaN	NaN	NaN	1.593356E-10	5.675029E-10
30.833764	NaN	NaN	NaN	NaN	1.593356E-10	5.675029E-10
30.915769	NaN	NaN	NaN	NaN	1.593356E-10	5.675029E-10
31.031775	NaN	NaN	NaN	NaN	1.593356E-10	5.675029E-10
31.119780	NaN	NaN	NaN	NaN	1.593356E-10	5.675029E-10
31.218786	NaN	NaN	NaN	NaN	1.593356E-10	5.710367E-10
31.328792	NaN	NaN	NaN	NaN	1.573609E-10	5.710367E-10
31.410797	NaN	NaN	NaN	NaN	1.573609E-10	5.710367E-10
31.518803	NaN	NaN	NaN	NaN	1.573609E-10	5.710367E-10
31.602808	NaN	NaN	NaN	NaN	1.573609E-10	5.710367E-10
31.667811	NaN	NaN	NaN	NaN	1.573609E-10	5.710367E-10
31.733815	NaN	NaN	NaN	NaN	1.573609E-10	5.696261E-10
31.835821	NaN	NaN	NaN	NaN	1.507761E-10	5.696261E-10
31.920826	NaN	NaN	NaN	NaN	1.507761E-10	5.696261E-10
32.023832	NaN	NaN	NaN	NaN	1.507761E-10	5.696261E-10
32.112837	NaN	NaN	NaN	NaN	1.507761E-10	5.696261E-10
32.209843	NaN	NaN	NaN	NaN	1.507761E-10	5.696261E-10
32.315849	NaN	NaN	NaN	NaN	1.548179E-10	5.696261E-10
32.398853	NaN	NaN	NaN	NaN	1.548179E-10	5.696261E-10
32.522861	NaN	NaN	NaN	NaN	1.548179E-10	5.696261E-10
32.585864	NaN	NaN	NaN	NaN	1.548179E-10	5.696261E-10
32.650868	NaN	NaN	NaN	NaN	1.548179E-10	5.696261E-10
32.744873	NaN	NaN	NaN	NaN	1.548179E-10	5.750079E-10
32.832878	NaN	NaN	NaN	NaN	1.552299E-10	5.750079E-10
32.898882	NaN	NaN	NaN	NaN	1.552299E-10	5.750079E-10
32.995887	NaN	NaN	NaN	NaN	1.552299E-10	5.750079E-10
33.060891	NaN	NaN	NaN	NaN	1.552299E-10	5.750079E-10
33.136896	NaN	NaN	NaN	NaN	1.552299E-10	5.750079E-10
33.234901	NaN	NaN	NaN	NaN	1.552299E-10	5.695203E-10
33.333907	NaN	NaN	NaN	NaN	1.561036E-10	5.695203E-10
33.399910	NaN	NaN	NaN	NaN	1.561036E-10	5.695203E-10
33.547919	NaN	NaN	NaN	NaN	1.561036E-10	5.695203E-10
33.622923	NaN	NaN	NaN	NaN	1.561036E-10	5.695203E-10
33.708928	NaN	NaN	NaN	NaN	1.561036E-10	5.710720E-10
33.847936	NaN	NaN	NaN	NaN	1.537098E-10	5.710720E-10
33.929941	NaN	NaN	NaN	NaN	1.537098E-10	5.710720E-10
34.033947	NaN	NaN	NaN	NaN	1.537098E-10	5.710720E-10
34.115952	NaN	NaN	NaN	NaN	1.537098E-10	5.710720E-10
34.219957	NaN	NaN	NaN	NaN	1.537098E-10	5.710720E-10
34.314963	NaN	NaN	NaN	NaN	1.604153E-10	5.710720E-10
34.379967	NaN	NaN	NaN	NaN	1.604153E-10	5.710720E-10
34.502974	NaN	NaN	NaN	NaN	1.604153E-10	5.710720E-10
34.588979	NaN	NaN	NaN	NaN	1.604153E-10	5.710720E-10
34.659983	NaN	NaN	NaN	NaN	1.604153E-10	5.710720E-10
34.741987	NaN	NaN	NaN	NaN	1.604153E-10	5.679332E-10
34.847993	NaN	NaN	NaN	NaN	1.546403E-10	5.679332E-10
34.929998	NaN	NaN	NaN	NaN	1.546403E-10	5.679332E-10
35.060006	NaN	NaN	NaN	NaN	1.546403E-10	5.679332E-10
35.143010	NaN	NaN	NaN	NaN	1.546403E-10	5.679332E-10
35.231015	NaN	NaN	NaN	NaN	1.546403E-10	5.806436E-10
35.342022	NaN	NaN	NaN	NaN	1.569844E-10	5.806436E-10
35.408025	NaN	NaN	NaN	NaN	1.569844E-10	5.806436E-10
35.526032	NaN	NaN	NaN	NaN	1.569844E-10	5.806436E-10
35.593036	NaN	NaN	NaN	NaN	1.569844E-10	5.806436E-10
35.658040	NaN	NaN	NaN	NaN	1.569844E-10	5.806436E-10
35.745045	NaN	NaN	NaN	NaN	1.569844E-10	5.771380E-10
35.850051	NaN	NaN	NaN	NaN	1.593285E-10	5.771380E-10
35.933055	NaN	NaN	NaN	NaN	1.593285E-10	5.771380E-10
36.063063	NaN	NaN	NaN	NaN	1.593285E-10	5.771380E-10
36.145068	NaN	NaN	NaN	NaN	1.593285E-10	5.771380E-10
36.250073	NaN	NaN	NaN	NaN	1.593285E-10	5.725391E-10
36.339079	NaN	NaN	NaN	NaN	1.533333E-10	5.725391E-10
36.421083	NaN	NaN	NaN	NaN	1.533333E-10	5.725391E-10
36.529089	NaN	NaN	NaN	NaN	1.533333E-10	5.725391E-10
36.603094	NaN	NaN	NaN	NaN	1.533333E-10	5.725391E-10
36.691099	NaN	NaN	NaN	NaN	1.533333E-10	5.725391E-10
36.818106	NaN	NaN	NaN	NaN	1.573680E-10	5.784077E-10
36.883110	NaN	NaN	NaN	NaN	1.573680E-10	5.784077E-10
37.008117	NaN	NaN	NaN	NaN	1.573680E-10	5.784077E-10
37.073121	NaN	NaN	NaN	NaN	1.573680E-10	5.784077E-10
37.138124	NaN	NaN	NaN	NaN	1.573680E-10	5.784077E-10
37.247130	NaN	NaN	NaN	NaN	1.573680E-10	5.793034E-10
37.353137	NaN	NaN	NaN	NaN	1.629797E-10	5.793034E-10
37.419140	NaN	NaN	NaN	NaN	1.629797E-10	5.793034E-10
37.564149	NaN	NaN	NaN	NaN	1.629797E-10	5.793034E-10
37.647153	NaN	NaN	NaN	NaN	1.629797E-10	5.793034E-10
37.751160	NaN	NaN	NaN	NaN	1.629797E-10	5.737171E-10
37.852165	NaN	NaN	NaN	NaN	1.629797E-10	5.737171E-10
37.934170	NaN	NaN	NaN	NaN	1.629797E-10	5.737171E-10
38.022175	NaN	NaN	NaN	NaN	1.629797E-10	5.737171E-10
38.104180	NaN	NaN	NaN	NaN	1.629797E-10	5.737171E-10
38.180184	NaN	NaN	NaN	NaN	1.629797E-10	5.737171E-10
38.246188	NaN	NaN	NaN	NaN	1.629797E-10	5.753535E-10
38.345193	NaN	NaN	NaN	NaN	1.543562E-10	5.753535E-10
38.410197	NaN	NaN	NaN	NaN	1.543562E-10	5.753535E-10
38.534204	NaN	NaN	NaN	NaN	1.543562E-10	5.753535E-10
38.610209	NaN	NaN	NaN	NaN	1.543562E-10	5.753535E-10
38.675212	NaN	NaN	NaN	NaN	1.543562E-10	5.753535E-10
38.735216	NaN	NaN	NaN	NaN	1.543562E-10	5.740768E-10
38.845222	NaN	NaN	NaN	NaN	1.571336E-10	5.740768E-10
38.911226	NaN	NaN	NaN	NaN	1.571336E-10	5.740768E-10
39.036233	NaN	NaN	NaN	NaN	1.571336E-10	5.740768E-10
39.112237	NaN	NaN	NaN	NaN	1.571336E-10	5.740768E-10
39.178241	NaN	NaN	NaN	NaN	1.571336E-10	5.740768E-10
39.243245	NaN	NaN	NaN	NaN	1.571336E-10	5.747963E-10
39.342250	NaN	NaN	NaN	NaN	1.584051E-10	5.747963E-10
39.407254	NaN	NaN	NaN	NaN	1.584051E-10	5.747963E-10
39.536262	NaN	NaN	NaN	NaN	1.584051E-10	5.747963E-10
39.615266	NaN	NaN	NaN	NaN	1.584051E-10	5.747963E-10
39.698271	NaN	NaN	NaN	NaN	1.584051E-10	5.747963E-10
39.830278	NaN	NaN	NaN	NaN	1.523956E-10	5.716363E-10
39.903283	NaN	NaN	NaN	NaN	1.523956E-10	5.716363E-10
40.059291	NaN	NaN	NaN	NaN	1.523956E-10	5.716363E-10
40.142296	NaN	NaN	NaN	NaN	1.523956E-10	5.716363E-10
40.235301	NaN	NaN	NaN	NaN	1.523956E-10	5.760024E-10
40.340308	NaN	NaN	NaN	NaN	1.523956E-10	5.760024E-10
40.423312	NaN	NaN	NaN	NaN	1.523956E-10	5.760024E-10
40.508317	NaN	NaN	NaN	NaN	1.523956E-10	5.760024E-10
40.578321	NaN	NaN	NaN	NaN	1.523956E-10	5.760024E-10
40.643325	NaN	NaN	NaN	NaN	1.523956E-10	5.760024E-10
40.742331	NaN	NaN	NaN	NaN	1.523956E-10	5.807423E-10
40.845336	NaN	NaN	NaN	NaN	1.572970E-10	5.807423E-10
40.912340	NaN	NaN	NaN	NaN	1.572970E-10	5.807423E-10
41.037347	NaN	NaN	NaN	NaN	1.572970E-10	5.807423E-10
41.114352	NaN	NaN	NaN	NaN	1.572970E-10	5.807423E-10
41.190356	NaN	NaN	NaN	NaN	1.572970E-10	5.807423E-10
41.280361	NaN	NaN	NaN	NaN	1.532694E-10	5.807423E-10
41.347365	NaN	NaN	NaN	NaN	1.532694E-10	5.807423E-10
41.412369	NaN	NaN	NaN	NaN	1.532694E-10	5.807423E-10
41.589379	NaN	NaN	NaN	NaN	1.532694E-10	5.807423E-10
41.654383	NaN	NaN	NaN	NaN	1.532694E-10	5.807423E-10
41.742388	NaN	NaN	NaN	NaN	1.532694E-10	5.791200E-10
41.847394	NaN	NaN	NaN	NaN	1.584761E-10	5.791200E-10
41.934399	NaN	NaN	NaN	NaN	1.584761E-10	5.791200E-10
42.038405	NaN	NaN	NaN	NaN	1.584761E-10	5.791200E-10
42.103408	NaN	NaN	NaN	NaN	1.584761E-10	5.791200E-10
42.168412	NaN	NaN	NaN	NaN	1.584761E-10	5.791200E-10
42.284419	NaN	NaN	NaN	NaN	1.548960E-10	5.764327E-10
42.350422	NaN	NaN	NaN	NaN	1.548960E-10	5.764327E-10
42.415426	NaN	NaN	NaN	NaN	1.548960E-10	5.764327E-10
42.534433	NaN	NaN	NaN	NaN	1.548960E-10	5.764327E-10
42.609437	NaN	NaN	NaN	NaN	1.548960E-10	5.764327E-10
42.698442	NaN	NaN	NaN	NaN	1.548960E-10	5.764327E-10
42.788447	NaN	NaN	NaN	NaN	1.548960E-10	5.764327E-10
42.859452	NaN	NaN	NaN	NaN	1.548960E-10	5.764327E-10
42.942456	NaN	NaN	NaN	NaN	1.548960E-10	5.764327E-10
43.029461	NaN	NaN	NaN	NaN	1.548960E-10	5.764327E-10
43.112466	NaN	NaN	NaN	NaN	1.548960E-10	5.764327E-10
43.189470	NaN	NaN	NaN	NaN	1.548960E-10	5.764327E-10
43.289476	NaN	NaN	NaN	NaN	1.580641E-10	5.783371E-10
43.355480	NaN	NaN	NaN	NaN	1.580641E-10	5.783371E-10
43.438485	NaN	NaN	NaN	NaN	1.580641E-10	5.783371E-10
43.539491	NaN	NaN	NaN	NaN	1.580641E-10	5.783371E-10
43.623495	NaN	NaN	NaN	NaN	1.580641E-10	5.783371E-10
43.706500	NaN	NaN	NaN	NaN	1.580641E-10	5.783371E-10
43.805506	NaN	NaN	NaN	NaN	1.563451E-10	5.777023E-10
Starting Time: 4/23/2012 11:24 AM	 	 	 	 	 	 
Seconds	Thermocouple 1	Thermocouple 2	Thermocouple 3	Thermocouple 4	MainPres	PrepPres
6.572376	NaN	NaN	NaN	NaN	1.524880E-10	8.679042E-10
6.712384	NaN	NaN	NaN	NaN	1.524880E-10	8.679042E-10
6.788388	NaN	NaN	NaN	NaN	1.524880E-10	8.679042E-10
6.869393	NaN	NaN	NaN	NaN	1.524880E-10	8.629809E-10
6.963398	NaN	NaN	NaN	NaN	1.524880E-10	8.629809E-10
7.061404	NaN	NaN	NaN	NaN	1.524880E-10	8.629809E-10
7.126407	NaN	NaN	NaN	NaN	1.524880E-10	8.629809E-10
7.217412	NaN	NaN	NaN	NaN	1.524880E-10	8.629809E-10
7.303418	NaN	NaN	NaN	NaN	1.524880E-10	8.629809E-10
7.387422	NaN	NaN	NaN	NaN	1.524880E-10	8.629809E-10
7.453426	NaN	NaN	NaN	NaN	1.491849E-10	8.629809E-10
7.529430	NaN	NaN	NaN	NaN	1.491849E-10	8.629809E-10
7.602435	NaN	NaN	NaN	NaN	1.491849E-10	8.629809E-10
7.774445	NaN	NaN	NaN	NaN	1.491849E-10	8.629809E-10
7.873450	NaN	NaN	NaN	NaN	1.491849E-10	8.643493E-10
7.958455	NaN	NaN	NaN	NaN	1.558195E-10	8.643493E-10
8.067461	NaN	NaN	NaN	NaN	1.558195E-10	8.643493E-10
8.154466	NaN	NaN	NaN	NaN	1.558195E-10	8.643493E-10
8.259472	NaN	NaN	NaN	NaN	1.558195E-10	8.643493E-10
8.356478	NaN	NaN	NaN	NaN	1.558195E-10	8.634464E-10
8.458484	NaN	NaN	NaN	NaN	1.463009E-10	8.634464E-10
8.567490	NaN	NaN	NaN	NaN	1.463009E-10	8.634464E-10
8.633493	NaN	NaN	NaN	NaN	1.463009E-10	8.634464E-10
8.746500	NaN	NaN	NaN	NaN	1.463009E-10	8.634464E-10
8.811504	NaN	NaN	NaN	NaN	1.463009E-10	8.634464E-10
8.892509	NaN	NaN	NaN	NaN	1.463009E-10	8.668603E-10
8.967513	NaN	NaN	NaN	NaN	1.517350E-10	8.668603E-10
9.058518	NaN	NaN	NaN	NaN	1.517350E-10	8.668603E-10
9.124522	NaN	NaN	NaN	NaN	1.517350E-10	8.668603E-10
9.298532	NaN	NaN	NaN	NaN	1.517350E-10	8.668603E-10
9.369535	NaN	NaN	NaN	NaN	1.517350E-10	8.668603E-10
9.467541	NaN	NaN	NaN	NaN	1.517350E-10	8.668603E-10
9.542546	NaN	NaN	NaN	NaN	1.517350E-10	8.668603E-10
9.608550	NaN	NaN	NaN	NaN	1.517350E-10	8.668603E-10
9.697555	NaN	NaN	NaN	NaN	1.517350E-10	8.668603E-10
9.779559	NaN	NaN	NaN	NaN	1.517350E-10	8.668603E-10
9.883565	NaN	NaN	NaN	NaN	1.517350E-10	8.618664E-10
9.967570	NaN	NaN	NaN	NaN	1.548747E-10	8.618664E-10
10.098577	NaN	NaN	NaN	NaN	1.548747E-10	8.618664E-10
10.294589	NaN	NaN	NaN	NaN	1.548747E-10	8.618664E-10
10.381594	NaN	NaN	NaN	NaN	1.548747E-10	8.702107E-10
10.472599	NaN	NaN	NaN	NaN	1.521967E-10	8.702107E-10
10.564604	NaN	NaN	NaN	NaN	1.521967E-10	8.702107E-10
10.647609	NaN	NaN	NaN	NaN	1.521967E-10	8.702107E-10
10.755615	NaN	NaN	NaN	NaN	1.521967E-10	8.702107E-10
10.827619	NaN	NaN	NaN	NaN	1.521967E-10	8.702107E-10
10.915624	NaN	NaN	NaN	NaN	1.521967E-10	8.720446E-10
11.084634	NaN	NaN	NaN	NaN	1.563593E-10	8.720446E-10
11.224642	NaN	NaN	NaN	NaN	1.563593E-10	8.720446E-10
11.310647	NaN	NaN	NaN	NaN	1.563593E-10	8.720446E-10
11.394651	NaN	NaN	NaN	NaN	1.563593E-10	8.695759E-10
11.467656	NaN	NaN	NaN	NaN	1.525448E-10	8.695759E-10
11.569662	NaN	NaN	NaN	NaN	1.525448E-10	8.695759E-10
11.652666	NaN	NaN	NaN	NaN	1.525448E-10	8.695759E-10
11.754672	NaN	NaN	NaN	NaN	1.525448E-10	8.695759E-10
11.858678	NaN	NaN	NaN	NaN	1.525448E-10	8.672835E-10
11.923682	NaN	NaN	NaN	NaN	1.525448E-10	8.672835E-10
12.044689	NaN	NaN	NaN	NaN	1.517705E-10	8.672835E-10
12.122693	NaN	NaN	NaN	NaN	1.517705E-10	8.672835E-10
12.251700	NaN	NaN	NaN	NaN	1.517705E-10	8.672835E-10
12.356707	NaN	NaN	NaN	NaN	1.517705E-10	8.672835E-10
12.458713	NaN	NaN	NaN	NaN	1.533120E-10	8.672835E-10
12.577719	NaN	NaN	NaN	NaN	1.533120E-10	8.672835E-10
12.659724	NaN	NaN	NaN	NaN	1.533120E-10	8.672835E-10
12.793732	NaN	NaN	NaN	NaN	1.533120E-10	8.672835E-10
12.887737	NaN	NaN	NaN	NaN	1.533120E-10	8.698016E-10
12.977742	NaN	NaN	NaN	NaN	1.560468E-10	8.698016E-10
13.071747	NaN	NaN	NaN	NaN	1.560468E-10	8.698016E-10
13.136751	NaN	NaN	NaN	NaN	1.560468E-10	8.698016E-10
13.254758	NaN	NaN	NaN	NaN	1.560468E-10	8.698016E-10
13.357764	NaN	NaN	NaN	NaN	1.560468E-10	8.725736E-10
13.423768	NaN	NaN	NaN	NaN	1.560468E-10	8.725736E-10
13.592777	NaN	NaN	NaN	NaN	1.508471E-10	8.725736E-10
13.738786	NaN	NaN	NaN	NaN	1.508471E-10	8.725736E-10
13.821790	NaN	NaN	NaN	NaN	1.508471E-10	8.725736E-10
13.902795	NaN	NaN	NaN	NaN	1.508471E-10	8.660844E-10
14.033803	NaN	NaN	NaN	NaN	1.557484E-10	8.660844E-10
14.098806	NaN	NaN	NaN	NaN	1.557484E-10	8.660844E-10
14.261816	NaN	NaN	NaN	NaN	1.557484E-10	8.660844E-10
14.366821	NaN	NaN	NaN	NaN	1.557484E-10	8.753315E-10
14.456827	NaN	NaN	NaN	NaN	1.506340E-10	8.753315E-10
14.558833	NaN	NaN	NaN	NaN	1.506340E-10	8.753315E-10
14.624836	NaN	NaN	NaN	NaN	1.506340E-10	8.753315E-10
14.753844	NaN	NaN	NaN	NaN	1.506340E-10	8.753315E-10
14.857850	NaN	NaN	NaN	NaN	1.506340E-10	8.698862E-10
14.957855	NaN	NaN	NaN	NaN	1.523317E-10	8.698862E-10
15.104864	NaN	NaN	NaN	NaN	1.523317E-10	8.698862E-10
15.244872	NaN	NaN	NaN	NaN	1.523317E-10	8.698862E-10
15.330876	NaN	NaN	NaN	NaN	1.523317E-10	8.698862E-10
15.408881	NaN	NaN	NaN	NaN	1.523317E-10	8.729051E-10
15.534888	NaN	NaN	NaN	NaN	1.554785E-10	8.729051E-10
15.622893	NaN	NaN	NaN	NaN	1.554785E-10	8.729051E-10
15.783903	NaN	NaN	NaN	NaN	1.554785E-10	8.729051E-10
15.887908	NaN	NaN	NaN	NaN	1.554785E-10	8.788794E-10
15.977914	NaN	NaN	NaN	NaN	1.524880E-10	8.788794E-10
16.108921	NaN	NaN	NaN	NaN	1.524880E-10	8.788794E-10
16.253929	NaN	NaN	NaN	NaN	1.524880E-10	8.788794E-10
16.321933	NaN	NaN	NaN	NaN	1.524880E-10	8.788794E-10
16.404938	NaN	NaN	NaN	NaN	1.524880E-10	8.694278E-10
16.548946	NaN	NaN	NaN	NaN	1.524880E-10	8.694278E-10
16.613950	NaN	NaN	NaN	NaN	1.524880E-10	8.694278E-10
16.708955	NaN	NaN	NaN	NaN	1.524880E-10	8.694278E-10
16.791960	NaN	NaN	NaN	NaN	1.524880E-10	8.694278E-10
16.884965	NaN	NaN	NaN	NaN	1.524880E-10	8.735259E-10
16.979971	NaN	NaN	NaN	NaN	1.505132E-10	8.735259E-10
17.061975	NaN	NaN	NaN	NaN	1.505132E-10	8.735259E-10
17.126979	NaN	NaN	NaN	NaN	1.505132E-10	8.735259E-10
17.250987	NaN	NaN	NaN	NaN	1.505132E-10	8.735259E-10
17.319990	NaN	NaN	NaN	NaN	1.505132E-10	8.735259E-10
17.386994	NaN	NaN	NaN	NaN	1.505132E-10	8.729192E-10
17.482000	NaN	NaN	NaN	NaN	1.505132E-10	8.729192E-10
17.564004	NaN	NaN	NaN	NaN	1.505132E-10	8.729192E-10
17.647009	NaN	NaN	NaN	NaN	1.505132E-10	8.729192E-10
17.763016	NaN	NaN	NaN	NaN	1.505132E-10	8.729192E-10
17.868022	NaN	NaN	NaN	NaN	1.505132E-10	8.774264E-10
17.963027	NaN	NaN	NaN	NaN	1.557484E-10	8.774264E-10
18.072033	NaN	NaN	NaN	NaN	1.557484E-10	8.774264E-10
18.138037	NaN	NaN	NaN	NaN	1.557484E-10	8.774264E-10
18.256044	NaN	NaN	NaN	NaN	1.557484E-10	8.774264E-10
18.328048	NaN	NaN	NaN	NaN	1.557484E-10	8.774264E-10
18.413053	NaN	NaN	NaN	NaN	1.557484E-10	8.746826E-10
18.550061	NaN	NaN	NaN	NaN	1.528787E-10	8.746826E-10
18.638066	NaN	NaN	NaN	NaN	1.528787E-10	8.746826E-10
18.757072	NaN	NaN	NaN	NaN	1.528787E-10	8.746826E-10
18.839077	NaN	NaN	NaN	NaN	1.528787E-10	8.746826E-10
18.922082	NaN	NaN	NaN	NaN	1.528787E-10	8.746826E-10
19.021088	NaN	NaN	NaN	NaN	1.581209E-10	8.746826E-10
19.086092	NaN	NaN	NaN	NaN	1.581209E-10	8.746826E-10
19.152095	NaN	NaN	NaN	NaN	1.581209E-10	8.746826E-10
19.259101	NaN	NaN	NaN	NaN	1.581209E-10	8.746826E-10
19.328105	NaN	NaN	NaN	NaN	1.581209E-10	8.746826E-10
19.402110	NaN	NaN	NaN	NaN	1.581209E-10	8.746826E-10
19.487114	NaN	NaN	NaN	NaN	1.455196E-10	8.746826E-10
19.552118	NaN	NaN	NaN	NaN	1.455196E-10	8.746826E-10
19.624122	NaN	NaN	NaN	NaN	1.455196E-10	8.746826E-10
19.758130	NaN	NaN	NaN	NaN	1.455196E-10	8.746826E-10
19.823133	NaN	NaN	NaN	NaN	1.455196E-10	8.746826E-10
19.905138	NaN	NaN	NaN	NaN	1.455196E-10	8.702812E-10
19.984143	NaN	NaN	NaN	NaN	1.472599E-10	8.702812E-10
20.077148	NaN	NaN	NaN	NaN	1.472599E-10	8.702812E-10
20.154152	NaN	NaN	NaN	NaN	1.472599E-10	8.702812E-10
20.256158	NaN	NaN	NaN	NaN	1.472599E-10	8.702812E-10
20.327162	NaN	NaN	NaN	NaN	1.472599E-10	8.702812E-10
20.412167	NaN	NaN	NaN	NaN	1.472599E-10	8.722844E-10
20.484171	NaN	NaN	NaN	NaN	1.524312E-10	8.722844E-10
20.599178	NaN	NaN	NaN	NaN	1.524312E-10	8.722844E-10
20.664182	NaN	NaN	NaN	NaN	1.524312E-10	8.722844E-10
20.799190	NaN	NaN	NaN	NaN	1.524312E-10	8.722844E-10
20.903195	NaN	NaN	NaN	NaN	1.524312E-10	8.767352E-10
20.993200	NaN	NaN	NaN	NaN	1.528929E-10	8.767352E-10
21.079206	NaN	NaN	NaN	NaN	1.528929E-10	8.767352E-10
21.162210	NaN	NaN	NaN	NaN	1.528929E-10	8.767352E-10
21.264216	NaN	NaN	NaN	NaN	1.528929E-10	8.767352E-10
21.350221	NaN	NaN	NaN	NaN	1.528929E-10	8.767352E-10
21.422225	NaN	NaN	NaN	NaN	1.528929E-10	8.790417E-10
21.548232	NaN	NaN	NaN	NaN	1.528929E-10	8.790417E-10
21.636237	NaN	NaN	NaN	NaN	1.528929E-10	8.790417E-10
21.772245	NaN	NaN	NaN	NaN	1.528929E-10	8.790417E-10
21.881251	NaN	NaN	NaN	NaN	1.528929E-10	8.896360E-10
21.982257	NaN	NaN	NaN	NaN	1.563451E-10	8.896360E-10
22.074262	NaN	NaN	NaN	NaN	1.563451E-10	8.896360E-10
22.139266	NaN	NaN	NaN	NaN	1.563451E-10	8.896360E-10
22.257273	NaN	NaN	NaN	NaN	1.563451E-10	8.896360E-10
22.329277	NaN	NaN	NaN	NaN	1.563451E-10	8.896360E-10
22.413281	NaN	NaN	NaN	NaN	1.563451E-10	8.791545E-10
22.480286	NaN	NaN	NaN	NaN	1.579505E-10	8.791545E-10
22.583292	NaN	NaN	NaN	NaN	1.579505E-10	8.791545E-10
22.659296	NaN	NaN	NaN	NaN	1.579505E-10	8.791545E-10
22.757301	NaN	NaN	NaN	NaN	1.579505E-10	8.791545E-10
22.822305	NaN	NaN	NaN	NaN	1.579505E-10	8.791545E-10
22.903310	NaN	NaN	NaN	NaN	1.579505E-10	8.840779E-10
22.988315	NaN	NaN	NaN	NaN	1.521044E-10	8.840779E-10
23.074319	NaN	NaN	NaN	NaN	1.521044E-10	8.840779E-10
23.157324	NaN	NaN	NaN	NaN	1.521044E-10	8.840779E-10
23.285332	NaN	NaN	NaN	NaN	1.521044E-10	8.840779E-10
23.394338	NaN	NaN	NaN	NaN	1.521044E-10	8.849314E-10
23.484343	NaN	NaN	NaN	NaN	1.547397E-10	8.849314E-10
23.582348	NaN	NaN	NaN	NaN	1.547397E-10	8.849314E-10
23.665353	NaN	NaN	NaN	NaN	1.547397E-10	8.849314E-10
23.767359	NaN	NaN	NaN	NaN	1.547397E-10	8.849314E-10
23.843363	NaN	NaN	NaN	NaN	1.547397E-10	8.849314E-10
23.914368	NaN	NaN	NaN	NaN	1.547397E-10	8.758324E-10
23.988372	NaN	NaN	NaN	NaN	1.556774E-10	8.758324E-10
24.118379	NaN	NaN	NaN	NaN	1.556774E-10	8.758324E-10
24.281389	NaN	NaN	NaN	NaN	1.556774E-10	8.758324E-10
24.390395	NaN	NaN	NaN	NaN	1.556774E-10	8.758324E-10
24.486400	NaN	NaN	NaN	NaN	1.553506E-10	8.758324E-10
24.558404	NaN	NaN	NaN	NaN	1.553506E-10	8.758324E-10
24.647409	NaN	NaN	NaN	NaN	1.553506E-10	8.758324E-10
24.764416	NaN	NaN	NaN	NaN	1.553506E-10	8.758324E-10
24.837420	NaN	NaN	NaN	NaN	1.553506E-10	8.758324E-10
24.902424	NaN	NaN	NaN	NaN	1.553506E-10	8.822228E-10
