#Cu 100 Test 3_18.dat
#5/5/2022 2:42:20 AM
#Preliminary IPES Scan
#Sweep En
#Measure rgm, lgm, 6487
#Timestamp (sec)	X (mm)	Y (mm)	Z (mm)	Theta (deg)	EG Grid (V)	EG Energy (eV)	EG Extraction (V)	EG Focus 1 (V)	EG Focus 2 (V)	EG Filament (V)	EG X1 Alignment (V)	EG X2 Alignment (V)	EG Y1 Alignment (V)	EG Y2 Alignment (V)	6485 Samples	6487 Samples	6487 Voltage (V)	GM2 Dwell Time (s)	GM2 SCA Lower Limit (V)	GM2 SCA Upper Limit (V)	GM1 Dwell Time (s)	GM1 SCA Lower Limit (V)	GM1 SCA Upper Limit (V)	Voltage Supply A (V)	Voltage Supply B (V)	Dummy	GM2 Counts	GM1 Counts	Keithley6485 Current (A)	Keithley6487 Current (A)
#time	xpos	ypos	zpos	theta	grid	en	ext	f1	f2	fil	x1	x2	y1	y2	6485s	6487s	6487v	gm2dw	gm2ll	gm2ul	gm1dw	gm1ll	gm1ul	va	vb	dummy	gm2	gm1	6485c	6487c
3734577755.230783	-0.000500	0.000500	198.990000	0.000000	-15.000000	0.000000	100.000000	17.000000	100.000000	4.180000	0.000000	0.000000	0.000000	0.000000	1	1	0.000000	1.000000	1.000000	1.000000	1.000000	1.000000	1.000000	740.000000	740.000000	0.000000	12.000000	15.000000	-6.018940E-14	-4.653275E-8
3734577768.205746	-0.000500	0.000500	198.990000	0.000000	-15.000000	0.100000	100.000000	17.000000	100.000000	4.180000	0.000000	0.000000	0.000000	0.000000	1	1	0.000000	1.000000	1.000000	1.000000	1.000000	1.000000	1.000000	740.000000	740.000000	0.000000	9.000000	26.000000	-6.018940E-14	-4.449008E-8
3734577781.188888	-0.000500	0.000500	198.990000	0.000000	-15.000000	0.200000	100.000000	17.000000	100.000000	4.180000	0.000000	0.000000	0.000000	0.000000	1	1	0.000000	1.000000	1.000000	1.000000	1.000000	1.000000	1.000000	740.000000	740.000000	0.000000	11.000000	20.000000	-6.018940E-14	-5.082240E-8
3734577794.140606	-0.000500	0.000500	198.990000	0.000000	-15.000000	0.300000	100.000000	17.000000	100.000000	4.180000	0.000000	0.000000	0.000000	0.000000	1	1	0.000000	1.000000	1.000000	1.000000	1.000000	1.000000	1.000000	740.000000	740.000000	0.000000	10.000000	20.000000	-6.018940E-14	-4.673702E-8
3734577807.134469	-0.000500	0.000500	198.990000	0.000000	-15.000000	0.400000	100.000000	17.000000	100.000000	4.180000	0.000000	0.000000	0.000000	0.000000	1	1	0.000000	1.000000	1.000000	1.000000	1.000000	1.000000	1.000000	740.000000	740.000000	0.000000	14.000000	19.000000	-6.018940E-14	-4.101751E-8
3734577820.129345	-0.000500	0.000500	198.990000	0.000000	-15.000000	0.500000	100.000000	17.000000	100.000000	4.180000	0.000000	0.000000	0.000000	0.000000	1	1	0.000000	1.000000	1.000000	1.000000	1.000000	1.000000	1.000000	740.000000	740.000000	0.000000	10.000000	19.000000	-6.018940E-14	-4.816691E-8
3734577833.079877	-0.000500	0.000500	198.990000	0.000000	-15.000000	0.600000	100.000000	17.000000	100.000000	4.180000	0.000000	0.000000	0.000000	0.000000	1	1	0.000000	1.000000	1.000000	1.000000	1.000000	1.000000	1.000000	740.000000	740.000000	0.000000	11.000000	14.000000	-6.018940E-14	-4.775836E-8
3734577846.041857	-0.000500	0.000500	198.990000	0.000000	-15.000000	0.700000	100.000000	17.000000	100.000000	4.180000	0.000000	0.000000	0.000000	0.000000	1	1	0.000000	1.000000	1.000000	1.000000	1.000000	1.000000	1.000000	740.000000	740.000000	0.000000	16.000000	13.000000	-6.018940E-14	-5.061812E-8
3734577858.992800	-0.000500	0.000500	198.990000	0.000000	-15.000000	0.800000	100.000000	17.000000	100.000000	4.180000	0.000000	0.000000	0.000000	0.000000	1	1	0.000000	1.000000	1.000000	1.000000	1.000000	1.000000	1.000000	740.000000	740.000000	0.000000	15.000000	15.000000	-6.018940E-14	-5.204802E-8
3734577871.966398	-0.000500	0.000500	198.990000	0.000000	-15.000000	0.900000	100.000000	17.000000	100.000000	4.180000	0.000000	0.000000	0.000000	0.000000	1	1	0.000000	1.000000	1.000000	1.000000	1.000000	1.000000	1.000000	740.000000	740.000000	0.000000	4.000000	14.000000	-6.018940E-14	-5.286509E-8
3734577884.921533	-0.000500	0.000500	198.990000	0.000000	-15.000000	1.000000	100.000000	17.000000	100.000000	4.180000	0.000000	0.000000	0.000000	0.000000	1	1	0.000000	1.000000	1.000000	1.000000	1.000000	1.000000	1.000000	740.000000	740.000000	0.000000	12.000000	14.000000	-6.018940E-14	-5.082239E-8
3734577897.893405	-0.000500	0.000500	198.990000	0.000000	-15.000000	1.100000	100.000000	17.000000	100.000000	4.180000	0.000000	0.000000	0.000000	0.000000	1	1	0.000000	1.000000	1.000000	1.000000	1.000000	1.000000	1.000000	740.000000	740.000000	0.000000	11.000000	11.000000	-6.018940E-14	-4.939250E-8
3734577910.862078	-0.000500	0.000500	198.990000	0.000000	-15.000000	1.200000	100.000000	17.000000	100.000000	4.180000	0.000000	0.000000	0.000000	0.000000	1	1	0.000000	1.000000	1.000000	1.000000	1.000000	1.000000	1.000000	740.000000	740.000000	0.000000	14.000000	9.000000	-6.018940E-14	-5.327362E-8
3734577923.831567	-0.000500	0.000500	198.990000	0.000000	-15.000000	1.300000	100.000000	17.000000	100.000000	4.180000	0.000000	0.000000	0.000000	0.000000	1	1	0.000000	1.000000	1.000000	1.000000	1.000000	1.000000	1.000000	740.000000	740.000000	0.000000	14.000000	14.000000	-6.018940E-14	-4.775838E-8
3734577936.818443	-0.000500	0.000500	198.990000	0.000000	-15.000000	1.400000	100.000000	17.000000	100.000000	4.180000	0.000000	0.000000	0.000000	0.000000	1	1	0.000000	1.000000	1.000000	1.000000	1.000000	1.000000	1.000000	740.000000	740.000000	0.000000	8.000000	10.000000	-6.018940E-14	-4.816692E-8
3734577949.795914	-0.000500	0.000500	198.990000	0.000000	-15.000000	1.500000	100.000000	17.000000	100.000000	4.180000	0.000000	0.000000	0.000000	0.000000	1	1	0.000000	1.000000	1.000000	1.000000	1.000000	1.000000	1.000000	740.000000	740.000000	0.000000	12.000000	14.000000	-6.018940E-14	-4.632851E-8
3734577962.727254	-0.000500	0.000500	198.990000	0.000000	-15.000000	1.600000	100.000000	17.000000	100.000000	4.180000	0.000000	0.000000	0.000000	0.000000	1	1	0.000000	1.000000	1.000000	1.000000	1.000000	1.000000	1.000000	740.000000	740.000000	0.000000	9.000000	14.000000	-6.018940E-14	-5.184373E-8
3734577975.715981	-0.000500	0.000500	198.990000	0.000000	-15.000000	1.700000	100.000000	17.000000	100.000000	4.180000	0.000000	0.000000	0.000000	0.000000	1	1	0.000000	1.000000	1.000000	1.000000	1.000000	1.000000	1.000000	740.000000	740.000000	0.000000	10.000000	12.000000	-6.018940E-14	-5.082240E-8
3734577988.691064	-0.000500	0.000500	198.990000	0.000000	-15.000000	1.800000	100.000000	17.000000	100.000000	4.180000	0.000000	0.000000	0.000000	0.000000	1	1	0.000000	1.000000	1.000000	1.000000	1.000000	1.000000	1.000000	740.000000	740.000000	0.000000	16.000000	13.000000	-6.018940E-14	-5.204803E-8
3734578001.684022	-0.000500	0.000500	198.990000	0.000000	-15.000000	1.900000	100.000000	17.000000	100.000000	4.180000	0.000000	0.000000	0.000000	0.000000	1	1	0.000000	1.000000	1.000000	1.000000	1.000000	1.000000	1.000000	740.000000	740.000000	0.000000	9.000000	10.000000	-6.018940E-14	-5.306937E-8
3734578014.666544	-0.000500	0.000500	198.990000	0.000000	-15.000000	2.000000	100.000000	17.000000	100.000000	4.180000	0.000000	0.000000	0.000000	0.000000	1	1	0.000000	1.000000	1.000000	1.000000	1.000000	1.000000	1.000000	740.000000	740.000000	0.000000	10.000000	12.000000	-6.018940E-14	-5.143522E-8
3734578027.638113	-0.000500	0.000500	198.990000	0.000000	-15.000000	2.100000	100.000000	17.000000	100.000000	4.180000	0.000000	0.000000	0.000000	0.000000	1	1	0.000000	1.000000	1.000000	1.000000	1.000000	1.000000	1.000000	740.000000	740.000000	0.000000	11.000000	19.000000	-6.018940E-14	-5.368218E-8
3734578040.604006	-0.000500	0.000500	198.990000	0.000000	-15.000000	2.200000	100.000000	17.000000	100.000000	4.180000	0.000000	0.000000	0.000000	0.000000	1	1	0.000000	1.000000	1.000000	1.000000	1.000000	1.000000	1.000000	740.000000	740.000000	0.000000	5.000000	11.000000	-6.018940E-14	-5.061815E-8
3734578053.637537	-0.000500	0.000500	198.990000	0.000000	-15.000000	2.300000	100.000000	17.000000	100.000000	4.180000	0.000000	0.000000	0.000000	0.000000	1	1	0.000000	1.000000	1.000000	1.000000	1.000000	1.000000	1.000000	740.000000	740.000000	0.000000	13.000000	13.000000	-6.018940E-14	-5.020959E-8
3734578066.583343	-0.000500	0.000500	198.990000	0.000000	-15.000000	2.400000	100.000000	17.000000	100.000000	4.180000	0.000000	0.000000	0.000000	0.000000	1	1	0.000000	1.000000	1.000000	1.000000	1.000000	1.000000	1.000000	740.000000	740.000000	0.000000	10.000000	17.000000	-6.018940E-14	-5.123095E-8
3734578079.566343	-0.000500	0.000500	198.990000	0.000000	-15.000000	2.500000	100.000000	17.000000	100.000000	4.180000	0.000000	0.000000	0.000000	0.000000	1	1	0.000000	1.000000	1.000000	1.000000	1.000000	1.000000	1.000000	740.000000	740.000000	0.000000	16.000000	11.000000	-6.018940E-14	-5.286509E-8
3734578092.551027	-0.000500	0.000500	198.990000	0.000000	-15.000000	2.600000	100.000000	17.000000	100.000000	4.180000	0.000000	0.000000	0.000000	0.000000	1	1	0.000000	1.000000	1.000000	1.000000	1.000000	1.000000	1.000000	740.000000	740.000000	0.000000	11.000000	8.000000	-6.018940E-14	-4.857544E-8
3734578105.525295	-0.000500	0.000500	198.990000	0.000000	-15.000000	2.700000	100.000000	17.000000	100.000000	4.180000	0.000000	0.000000	0.000000	0.000000	1	1	0.000000	1.000000	1.000000	1.000000	1.000000	1.000000	1.000000	740.000000	740.000000	0.000000	11.000000	9.000000	-6.018940E-14	-5.327362E-8
3734578118.478176	-0.000500	0.000500	198.990000	0.000000	-15.000000	2.800000	100.000000	17.000000	100.000000	4.180000	0.000000	0.000000	0.000000	0.000000	1	1	0.000000	1.000000	1.000000	1.000000	1.000000	1.000000	1.000000	740.000000	740.000000	0.000000	9.000000	11.000000	-6.018940E-14	-4.877973E-8
3734578131.420125	-0.000500	0.000500	198.990000	0.000000	-15.000000	2.900000	100.000000	17.000000	100.000000	4.180000	0.000000	0.000000	0.000000	0.000000	1	1	0.000000	1.000000	1.000000	1.000000	1.000000	1.000000	1.000000	740.000000	740.000000	0.000000	12.000000	14.000000	-6.018940E-14	-5.327362E-8
3734578144.388931	-0.000500	0.000500	198.990000	0.000000	-15.000000	3.000000	100.000000	17.000000	100.000000	4.180000	0.000000	0.000000	0.000000	0.000000	1	1	0.000000	1.000000	1.000000	1.000000	1.000000	1.000000	1.000000	740.000000	740.000000	0.000000	3.000000	12.000000	-6.018940E-14	-5.082241E-8
3734578157.369275	-0.000500	0.000500	198.990000	0.000000	-15.000000	3.100000	100.000000	17.000000	100.000000	4.180000	0.000000	0.000000	0.000000	0.000000	1	1	0.000000	1.000000	1.000000	1.000000	1.000000	1.000000	1.000000	740.000000	740.000000	0.000000	3.000000	10.000000	-6.018940E-14	-5.163948E-8
3734578170.359941	-0.000500	0.000500	198.990000	0.000000	-15.000000	3.200000	100.000000	17.000000	100.000000	4.180000	0.000000	0.000000	0.000000	0.000000	1	1	0.000000	1.000000	1.000000	1.000000	1.000000	1.000000	1.000000	740.000000	740.000000	0.000000	5.000000	12.000000	-6.018940E-14	-5.163948E-8
3734578183.303741	-0.000500	0.000500	198.990000	0.000000	-15.000000	3.300000	100.000000	17.000000	100.000000	4.180000	0.000000	0.000000	0.000000	0.000000	1	1	0.000000	1.000000	1.000000	1.000000	1.000000	1.000000	1.000000	740.000000	740.000000	0.000000	13.000000	9.000000	-6.018940E-14	-5.225228E-8
3734578196.295198	-0.000500	0.000500	198.990000	0.000000	-15.000000	3.400000	100.000000	17.000000	100.000000	4.180000	0.000000	0.000000	0.000000	0.000000	1	1	0.000000	1.000000	1.000000	1.000000	1.000000	1.000000	1.000000	740.000000	740.000000	0.000000	11.000000	9.000000	-6.018940E-14	-5.306934E-8
3734578209.248013	-0.000500	0.000500	198.990000	0.000000	-15.000000	3.500000	100.000000	17.000000	100.000000	4.180000	0.000000	0.000000	0.000000	0.000000	1	1	0.000000	1.000000	1.000000	1.000000	1.000000	1.000000	1.000000	740.000000	740.000000	0.000000	8.000000	4.000000	-6.018940E-14	-4.857545E-8
3734578222.221360	-0.000500	0.000500	198.990000	0.000000	-15.000000	3.600000	100.000000	17.000000	100.000000	4.180000	0.000000	0.000000	0.000000	0.000000	1	1	0.000000	1.000000	1.000000	1.000000	1.000000	1.000000	1.000000	740.000000	740.000000	0.000000	7.000000	19.000000	-6.018940E-14	-5.449924E-8
3734578235.205967	-0.000500	0.000500	198.990000	0.000000	-15.000000	3.700000	100.000000	17.000000	100.000000	4.180000	0.000000	0.000000	0.000000	0.000000	1	1	0.000000	1.000000	1.000000	1.000000	1.000000	1.000000	1.000000	740.000000	740.000000	0.000000	11.000000	15.000000	-6.018940E-14	-4.673704E-8
3734578248.189025	-0.000500	0.000500	198.990000	0.000000	-15.000000	3.800000	100.000000	17.000000	100.000000	4.180000	0.000000	0.000000	0.000000	0.000000	1	1	0.000000	1.000000	1.000000	1.000000	1.000000	1.000000	1.000000	740.000000	740.000000	0.000000	13.000000	9.000000	-6.018940E-14	-4.694130E-8
3734578261.136986	-0.000500	0.000500	198.990000	0.000000	-15.000000	3.900000	100.000000	17.000000	100.000000	4.180000	0.000000	0.000000	0.000000	0.000000	1	1	0.000000	1.000000	1.000000	1.000000	1.000000	1.000000	1.000000	740.000000	740.000000	0.000000	16.000000	6.000000	-6.018940E-14	-4.387728E-8
3734578274.094642	-0.000500	0.000500	198.990000	0.000000	-15.000000	4.000000	100.000000	17.000000	100.000000	4.180000	0.000000	0.000000	0.000000	0.000000	1	1	0.000000	1.000000	1.000000	1.000000	1.000000	1.000000	1.000000	740.000000	740.000000	0.000000	7.000000	8.000000	-6.018940E-14	-5.429496E-8
3734578287.070613	-0.000500	0.000500	198.990000	0.000000	-15.000000	4.100000	100.000000	17.000000	100.000000	4.180000	0.000000	0.000000	0.000000	0.000000	1	1	0.000000	1.000000	1.000000	1.000000	1.000000	1.000000	1.000000	740.000000	740.000000	0.000000	7.000000	19.000000	-6.018940E-14	-4.530716E-8
3734578300.046707	-0.000500	0.000500	198.990000	0.000000	-15.000000	4.200000	100.000000	17.000000	100.000000	4.180000	0.000000	0.000000	0.000000	0.000000	1	1	0.000000	1.000000	1.000000	1.000000	1.000000	1.000000	1.000000	740.000000	740.000000	0.000000	12.000000	6.000000	-6.018940E-14	-5.020961E-8
3734578312.998336	-0.000500	0.000500	198.990000	0.000000	-15.000000	4.300000	100.000000	17.000000	100.000000	4.180000	0.000000	0.000000	0.000000	0.000000	1	1	0.000000	1.000000	1.000000	1.000000	1.000000	1.000000	1.000000	740.000000	740.000000	0.000000	9.000000	13.000000	-6.018940E-14	-5.020960E-8
3734578325.991634	-0.000500	0.000500	198.990000	0.000000	-15.000000	4.400000	100.000000	17.000000	100.000000	4.180000	0.000000	0.000000	0.000000	0.000000	1	1	0.000000	1.000000	1.000000	1.000000	1.000000	1.000000	1.000000	740.000000	740.000000	0.000000	7.000000	6.000000	-6.018940E-14	-5.531630E-8
3734578338.956705	-0.000500	0.000500	198.990000	0.000000	-15.000000	4.500000	100.000000	17.000000	100.000000	4.180000	0.000000	0.000000	0.000000	0.000000	1	1	0.000000	1.000000	1.000000	1.000000	1.000000	1.000000	1.000000	740.000000	740.000000	0.000000	5.000000	8.000000	-6.018940E-14	-4.898398E-8
3734578351.929898	-0.000500	0.000500	198.990000	0.000000	-15.000000	4.600000	100.000000	17.000000	100.000000	4.180000	0.000000	0.000000	0.000000	0.000000	1	1	0.000000	1.000000	1.000000	1.000000	1.000000	1.000000	1.000000	740.000000	740.000000	0.000000	3.000000	10.000000	-6.018940E-14	-4.694132E-8
3734578364.934976	-0.000500	0.000500	198.990000	0.000000	-15.000000	4.700000	100.000000	17.000000	100.000000	4.180000	0.000000	0.000000	0.000000	0.000000	1	1	0.000000	1.000000	1.000000	1.000000	1.000000	1.000000	1.000000	740.000000	740.000000	0.000000	9.000000	7.000000	-6.018940E-14	-4.918827E-8
3734578377.884172	-0.000500	0.000500	198.990000	0.000000	-15.000000	4.800000	100.000000	17.000000	100.000000	4.180000	0.000000	0.000000	0.000000	0.000000	1	1	0.000000	1.000000	1.000000	1.000000	1.000000	1.000000	1.000000	740.000000	740.000000	0.000000	7.000000	12.000000	-6.018940E-14	-4.571571E-8
3734578390.825067	-0.000500	0.000500	198.990000	0.000000	-15.000000	4.900000	100.000000	17.000000	100.000000	4.180000	0.000000	0.000000	0.000000	0.000000	1	1	0.000000	1.000000	1.000000	1.000000	1.000000	1.000000	1.000000	740.000000	740.000000	0.000000	20.000000	13.000000	-6.018940E-14	-4.816691E-8
3734578403.768700	-0.000500	0.000500	198.990000	0.000000	-15.000000	5.000000	100.000000	17.000000	100.000000	4.180000	0.000000	0.000000	0.000000	0.000000	1	1	0.000000	1.000000	1.000000	1.000000	1.000000	1.000000	1.000000	740.000000	740.000000	0.000000	13.000000	16.000000	-6.018940E-14	-5.163948E-8
3734578416.734730	-0.000500	0.000500	198.990000	0.000000	-15.000000	5.100000	100.000000	17.000000	100.000000	4.180000	0.000000	0.000000	0.000000	0.000000	1	1	0.000000	1.000000	1.000000	1.000000	1.000000	1.000000	1.000000	740.000000	740.000000	0.000000	14.000000	13.000000	-6.018940E-14	-5.511205E-8
3734578429.690303	-0.000500	0.000500	198.990000	0.000000	-15.000000	5.200000	100.000000	17.000000	100.000000	4.180000	0.000000	0.000000	0.000000	0.000000	1	1	0.000000	1.000000	1.000000	1.000000	1.000000	1.000000	1.000000	740.000000	740.000000	0.000000	13.000000	23.000000	-6.018940E-14	-6.287423E-8
3734578445.657220	-0.000500	0.000500	198.990000	0.000000	-15.000000	5.300000	100.000000	17.000000	100.000000	4.180000	0.000000	0.000000	0.000000	0.000000	1	1	0.000000	1.000000	1.000000	1.000000	1.000000	1.000000	1.000000	740.000000	740.000000	0.000000	39.000000	33.000000	-6.018940E-14	-5.654194E-8
3734578459.679451	-0.000500	0.000500	198.990000	0.000000	-15.000000	5.400000	100.000000	17.000000	100.000000	4.180000	0.000000	0.000000	0.000000	0.000000	1	1	0.000000	1.000000	1.000000	1.000000	1.000000	1.000000	1.000000	740.000000	740.000000	0.000000	63.000000	43.000000	-6.018940E-14	-7.574317E-8
3734578472.311932	-0.000500	0.000500	198.990000	0.000000	-15.000000	5.500000	100.000000	17.000000	100.000000	4.180000	0.000000	0.000000	0.000000	0.000000	1	1	0.000000	1.000000	1.000000	1.000000	1.000000	1.000000	1.000000	740.000000	740.000000	0.000000	75.000000	109.000000	-6.018940E-14	-1.202737E-7
3734578489.837810	-0.000500	0.000500	198.990000	0.000000	-15.000000	5.600000	100.000000	17.000000	100.000000	4.180000	0.000000	0.000000	0.000000	0.000000	1	1	0.000000	1.000000	1.000000	1.000000	1.000000	1.000000	1.000000	740.000000	740.000000	0.000000	104.000000	169.000000	-6.018940E-14	-2.142371E-7
3734578504.876858	-0.000500	0.000500	198.990000	0.000000	-15.000000	5.700000	100.000000	17.000000	100.000000	4.180000	0.000000	0.000000	0.000000	0.000000	1	1	0.000000	1.000000	1.000000	1.000000	1.000000	1.000000	1.000000	740.000000	740.000000	0.000000	100.000000	175.000000	-6.018940E-14	-4.340299E-7
3734578518.189559	-0.000500	0.000500	198.990000	0.000000	-15.000000	5.800000	100.000000	17.000000	100.000000	4.180000	0.000000	0.000000	0.000000	0.000000	1	1	0.000000	1.000000	1.000000	1.000000	1.000000	1.000000	1.000000	740.000000	740.000000	0.000000	118.000000	203.000000	-6.018940E-14	-8.147862E-7
3734578532.543904	-0.000500	0.000500	198.990000	0.000000	-15.000000	5.900000	100.000000	17.000000	100.000000	4.180000	0.000000	0.000000	0.000000	0.000000	1	1	0.000000	1.000000	1.000000	1.000000	1.000000	1.000000	1.000000	740.000000	740.000000	0.000000	104.000000	174.000000	-6.018940E-14	-1.411250E-6
3734578546.275974	-0.000500	0.000500	198.990000	0.000000	-15.000000	6.000000	100.000000	17.000000	100.000000	4.180000	0.000000	0.000000	0.000000	0.000000	1	1	0.000000	1.000000	1.000000	1.000000	1.000000	1.000000	1.000000	740.000000	740.000000	0.000000	96.000000	171.000000	-6.018940E-14	-2.122922E-6
3734578560.988165	-0.000500	0.000500	198.990000	0.000000	-15.000000	6.100000	100.000000	17.000000	100.000000	4.180000	0.000000	0.000000	0.000000	0.000000	1	1	0.000000	1.000000	1.000000	1.000000	1.000000	1.000000	1.000000	740.000000	740.000000	0.000000	73.000000	149.000000	-6.018940E-14	-2.820702E-6
3734578574.259650	-0.000500	0.000500	198.990000	0.000000	-15.000000	6.200000	100.000000	17.000000	100.000000	4.180000	0.000000	0.000000	0.000000	0.000000	1	1	0.000000	1.000000	1.000000	1.000000	1.000000	1.000000	1.000000	740.000000	740.000000	0.000000	72.000000	113.000000	-6.018940E-14	-3.539115E-6
3734578589.013705	-0.000500	0.000500	198.990000	0.000000	-15.000000	6.300000	100.000000	17.000000	100.000000	4.180000	0.000000	0.000000	0.000000	0.000000	1	1	0.000000	1.000000	1.000000	1.000000	1.000000	1.000000	1.000000	740.000000	740.000000	0.000000	33.000000	74.000000	-6.018940E-14	-4.124957E-6
3734578602.225840	-0.000500	0.000500	198.990000	0.000000	-15.000000	6.400000	100.000000	17.000000	100.000000	4.180000	0.000000	0.000000	0.000000	0.000000	1	1	0.000000	1.000000	1.000000	1.000000	1.000000	1.000000	1.000000	740.000000	740.000000	0.000000	31.000000	56.000000	-6.018940E-14	-4.356189E-6
3734578615.286969	-0.000500	0.000500	198.990000	0.000000	-15.000000	6.500000	100.000000	17.000000	100.000000	4.180000	0.000000	0.000000	0.000000	0.000000	1	1	0.000000	1.000000	1.000000	1.000000	1.000000	1.000000	1.000000	740.000000	740.000000	0.000000	45.000000	50.000000	-6.018940E-14	-4.387442E-6
3734578628.824963	-0.000500	0.000500	198.990000	0.000000	-15.000000	6.600000	100.000000	17.000000	100.000000	4.180000	0.000000	0.000000	0.000000	0.000000	1	1	0.000000	1.000000	1.000000	1.000000	1.000000	1.000000	1.000000	740.000000	740.000000	0.000000	54.000000	50.000000	-6.018940E-14	-4.338214E-6
3734578642.314459	-0.000500	0.000500	198.990000	0.000000	-15.000000	6.700000	100.000000	17.000000	100.000000	4.180000	0.000000	0.000000	0.000000	0.000000	1	1	0.000000	1.000000	1.000000	1.000000	1.000000	1.000000	1.000000	740.000000	740.000000	0.000000	38.000000	51.000000	-6.018940E-14	-4.273868E-6
3734578656.795738	-0.000500	0.000500	198.990000	0.000000	-15.000000	6.800000	100.000000	17.000000	100.000000	4.180000	0.000000	0.000000	0.000000	0.000000	1	1	0.000000	1.000000	1.000000	1.000000	1.000000	1.000000	1.000000	740.000000	740.000000	0.000000	39.000000	44.000000	-6.018940E-14	-4.214427E-6
3734578670.690169	-0.000500	0.000500	198.990000	0.000000	-15.000000	6.900000	100.000000	17.000000	100.000000	4.180000	0.000000	0.000000	0.000000	0.000000	1	1	0.000000	1.000000	1.000000	1.000000	1.000000	1.000000	1.000000	740.000000	740.000000	0.000000	46.000000	65.000000	-6.018940E-14	-4.151716E-6
3734578684.462291	-0.000500	0.000500	198.990000	0.000000	-15.000000	7.000000	100.000000	17.000000	100.000000	4.180000	0.000000	0.000000	0.000000	0.000000	1	1	0.000000	1.000000	1.000000	1.000000	1.000000	1.000000	1.000000	740.000000	740.000000	0.000000	41.000000	69.000000	-6.018940E-14	-4.111270E-6
3734578697.045757	-0.000500	0.000500	198.990000	0.000000	-15.000000	7.100000	100.000000	17.000000	100.000000	4.180000	0.000000	0.000000	0.000000	0.000000	1	1	0.000000	1.000000	1.000000	1.000000	1.000000	1.000000	1.000000	740.000000	740.000000	0.000000	58.000000	63.000000	-6.018940E-14	-4.077363E-6
3734578710.277399	-0.000500	0.000500	198.990000	0.000000	-15.000000	7.200000	100.000000	17.000000	100.000000	4.180000	0.000000	0.000000	0.000000	0.000000	1	1	0.000000	1.000000	1.000000	1.000000	1.000000	1.000000	1.000000	740.000000	740.000000	0.000000	43.000000	54.000000	-6.018940E-14	-4.033036E-6
3734578723.241004	-0.000500	0.000500	198.990000	0.000000	-15.000000	7.300000	100.000000	17.000000	100.000000	4.180000	0.000000	0.000000	0.000000	0.000000	1	1	0.000000	1.000000	1.000000	1.000000	1.000000	1.000000	1.000000	740.000000	740.000000	0.000000	41.000000	37.000000	-6.018940E-14	-4.015264E-6
3734578737.008527	-0.000500	0.000500	198.990000	0.000000	-15.000000	7.400000	100.000000	17.000000	100.000000	4.180000	0.000000	0.000000	0.000000	0.000000	1	1	0.000000	1.000000	1.000000	1.000000	1.000000	1.000000	1.000000	740.000000	740.000000	0.000000	61.000000	52.000000	-6.018940E-14	-3.981969E-6
3734578749.978453	-0.000500	0.000500	198.990000	0.000000	-15.000000	7.500000	100.000000	17.000000	100.000000	4.180000	0.000000	0.000000	0.000000	0.000000	1	1	0.000000	1.000000	1.000000	1.000000	1.000000	1.000000	1.000000	740.000000	740.000000	0.000000	48.000000	62.000000	-6.018940E-14	-3.972778E-6
3734578762.612448	-0.000500	0.000500	198.990000	0.000000	-15.000000	7.600000	100.000000	17.000000	100.000000	4.180000	0.000000	0.000000	0.000000	0.000000	1	1	0.000000	1.000000	1.000000	1.000000	1.000000	1.000000	1.000000	740.000000	740.000000	0.000000	54.000000	51.000000	-6.018940E-14	-3.949899E-6
3734578777.811381	-0.000500	0.000500	198.990000	0.000000	-15.000000	7.700000	100.000000	17.000000	100.000000	4.180000	0.000000	0.000000	0.000000	0.000000	1	1	0.000000	1.000000	1.000000	1.000000	1.000000	1.000000	1.000000	740.000000	740.000000	0.000000	66.000000	75.000000	-6.018940E-14	-3.952759E-6
3734578790.368690	-0.000500	0.000500	198.990000	0.000000	-15.000000	7.800000	100.000000	17.000000	100.000000	4.180000	0.000000	0.000000	0.000000	0.000000	1	1	0.000000	1.000000	1.000000	1.000000	1.000000	1.000000	1.000000	740.000000	740.000000	0.000000	63.000000	55.000000	-6.018940E-14	-3.948264E-6
3734578804.131946	-0.000500	0.000500	198.990000	0.000000	-15.000000	7.900000	100.000000	17.000000	100.000000	4.180000	0.000000	0.000000	0.000000	0.000000	1	1	0.000000	1.000000	1.000000	1.000000	1.000000	1.000000	1.000000	740.000000	740.000000	0.000000	69.000000	52.000000	-6.018940E-14	-3.956027E-6
3734578819.051313	-0.000500	0.000500	198.990000	0.000000	-15.000000	8.000000	100.000000	17.000000	100.000000	4.180000	0.000000	0.000000	0.000000	0.000000	1	1	0.000000	1.000000	1.000000	1.000000	1.000000	1.000000	1.000000	740.000000	740.000000	0.000000	50.000000	58.000000	-6.018940E-14	-3.969304E-6
3734578833.575479	-0.000500	0.000500	198.990000	0.000000	-15.000000	8.100000	100.000000	17.000000	100.000000	4.180000	0.000000	0.000000	0.000000	0.000000	1	1	0.000000	1.000000	1.000000	1.000000	1.000000	1.000000	1.000000	740.000000	740.000000	0.000000	48.000000	49.000000	-6.018940E-14	-3.981968E-6
3734578847.183410	-0.000500	0.000500	198.990000	0.000000	-15.000000	8.200000	100.000000	17.000000	100.000000	4.180000	0.000000	0.000000	0.000000	0.000000	1	1	0.000000	1.000000	1.000000	1.000000	1.000000	1.000000	1.000000	740.000000	740.000000	0.000000	43.000000	54.000000	-6.018940E-14	-4.006072E-6
3734578859.554443	-0.000500	0.000500	198.990000	0.000000	-15.000000	8.300000	100.000000	17.000000	100.000000	4.180000	0.000000	0.000000	0.000000	0.000000	1	1	0.000000	1.000000	1.000000	1.000000	1.000000	1.000000	1.000000	740.000000	740.000000	0.000000	53.000000	49.000000	-6.018940E-14	-4.035488E-6
3734578871.794641	-0.000500	0.000500	198.990000	0.000000	-15.000000	8.400000	100.000000	17.000000	100.000000	4.180000	0.000000	0.000000	0.000000	0.000000	1	1	0.000000	1.000000	1.000000	1.000000	1.000000	1.000000	1.000000	740.000000	740.000000	0.000000	45.000000	57.000000	-6.018940E-14	-4.077771E-6
3734578887.051198	-0.000500	0.000500	198.990000	0.000000	-15.000000	8.500000	100.000000	17.000000	100.000000	4.180000	0.000000	0.000000	0.000000	0.000000	1	1	0.000000	1.000000	1.000000	1.000000	1.000000	1.000000	1.000000	740.000000	740.000000	0.000000	45.000000	49.000000	-6.018940E-14	-4.130062E-6
3734578901.919567	-0.000500	0.000500	198.990000	0.000000	-15.000000	8.600000	100.000000	17.000000	100.000000	4.180000	0.000000	0.000000	0.000000	0.000000	1	1	0.000000	1.000000	1.000000	1.000000	1.000000	1.000000	1.000000	740.000000	740.000000	0.000000	34.000000	64.000000	-6.018940E-14	-4.188485E-6
3734578914.631673	-0.000500	0.000500	198.990000	0.000000	-15.000000	8.700000	100.000000	17.000000	100.000000	4.180000	0.000000	0.000000	0.000000	0.000000	1	1	0.000000	1.000000	1.000000	1.000000	1.000000	1.000000	1.000000	740.000000	740.000000	0.000000	40.000000	65.000000	-6.018940E-14	-4.263452E-6
3734578929.115559	-0.000500	0.000500	198.990000	0.000000	-15.000000	8.800000	100.000000	17.000000	100.000000	4.180000	0.000000	0.000000	0.000000	0.000000	1	1	0.000000	1.000000	1.000000	1.000000	1.000000	1.000000	1.000000	740.000000	740.000000	0.000000	46.000000	46.000000	-6.018940E-14	-4.356598E-6
3734578943.124682	-0.000500	0.000500	198.990000	0.000000	-15.000000	8.900000	100.000000	17.000000	100.000000	4.180000	0.000000	0.000000	0.000000	0.000000	1	1	0.000000	1.000000	1.000000	1.000000	1.000000	1.000000	1.000000	740.000000	740.000000	0.000000	40.000000	43.000000	-6.018940E-14	-4.466495E-6
3734578956.667578	-0.000500	0.000500	198.990000	0.000000	-15.000000	9.000000	100.000000	17.000000	100.000000	4.180000	0.000000	0.000000	0.000000	0.000000	1	1	0.000000	1.000000	1.000000	1.000000	1.000000	1.000000	1.000000	740.000000	740.000000	0.000000	39.000000	50.000000	-6.018940E-14	-4.596818E-6
3734578971.513200	-0.000500	0.000500	198.990000	0.000000	-15.000000	9.100000	100.000000	17.000000	100.000000	4.180000	0.000000	0.000000	0.000000	0.000000	1	1	0.000000	1.000000	1.000000	1.000000	1.000000	1.000000	1.000000	740.000000	740.000000	0.000000	39.000000	33.000000	-6.018940E-14	-4.737355E-6
3734578986.813416	-0.000500	0.000500	198.990000	0.000000	-15.000000	9.200000	100.000000	17.000000	100.000000	4.180000	0.000000	0.000000	0.000000	0.000000	1	1	0.000000	1.000000	1.000000	1.000000	1.000000	1.000000	1.000000	740.000000	740.000000	0.000000	38.000000	40.000000	-6.018940E-14	-4.878503E-6
3734579000.224539	-0.000500	0.000500	198.990000	0.000000	-15.000000	9.300000	100.000000	17.000000	100.000000	4.180000	0.000000	0.000000	0.000000	0.000000	1	1	0.000000	1.000000	1.000000	1.000000	1.000000	1.000000	1.000000	740.000000	740.000000	0.000000	30.000000	30.000000	-6.018940E-14	-5.020879E-6
3734579014.147568	-0.000500	0.000500	198.990000	0.000000	-15.000000	9.400000	100.000000	17.000000	100.000000	4.180000	0.000000	0.000000	0.000000	0.000000	1	1	0.000000	1.000000	1.000000	1.000000	1.000000	1.000000	1.000000	740.000000	740.000000	0.000000	32.000000	35.000000	-6.018940E-14	-5.144666E-6
3734579027.134054	-0.000500	0.000500	198.990000	0.000000	-15.000000	9.500000	100.000000	17.000000	100.000000	4.180000	0.000000	0.000000	0.000000	0.000000	1	1	0.000000	1.000000	1.000000	1.000000	1.000000	1.000000	1.000000	740.000000	740.000000	0.000000	26.000000	28.000000	-6.018940E-14	-5.250477E-6
3734579040.115886	-0.000500	0.000500	198.990000	0.000000	-15.000000	9.600000	100.000000	17.000000	100.000000	4.180000	0.000000	0.000000	0.000000	0.000000	1	1	0.000000	1.000000	1.000000	1.000000	1.000000	1.000000	1.000000	740.000000	740.000000	0.000000	34.000000	31.000000	-6.018940E-14	-5.332390E-6
3734579053.097817	-0.000500	0.000500	198.990000	0.000000	-15.000000	9.700000	100.000000	17.000000	100.000000	4.180000	0.000000	0.000000	0.000000	0.000000	1	1	0.000000	1.000000	1.000000	1.000000	1.000000	1.000000	1.000000	740.000000	740.000000	0.000000	36.000000	36.000000	-6.018940E-14	-5.407765E-6
3734579066.786466	-0.000500	0.000500	198.990000	0.000000	-15.000000	9.800000	100.000000	17.000000	100.000000	4.180000	0.000000	0.000000	0.000000	0.000000	1	1	0.000000	1.000000	1.000000	1.000000	1.000000	1.000000	1.000000	740.000000	740.000000	0.000000	39.000000	33.000000	-6.018940E-14	-5.469454E-6
3734579080.591010	-0.000500	0.000500	198.990000	0.000000	-15.000000	9.900000	100.000000	17.000000	100.000000	4.180000	0.000000	0.000000	0.000000	0.000000	1	1	0.000000	1.000000	1.000000	1.000000	1.000000	1.000000	1.000000	740.000000	740.000000	0.000000	32.000000	42.000000	-6.018940E-14	-5.520113E-6
3734579093.543527	-0.000500	0.000500	198.990000	0.000000	-15.000000	10.000000	100.000000	17.000000	100.000000	4.180000	0.000000	0.000000	0.000000	0.000000	1	1	0.000000	1.000000	1.000000	1.000000	1.000000	1.000000	1.000000	740.000000	740.000000	0.000000	26.000000	22.000000	-6.018940E-14	-5.569136E-6
3734579106.501837	-0.000500	0.000500	198.990000	0.000000	-15.000000	10.100000	100.000000	17.000000	100.000000	4.180000	0.000000	0.000000	0.000000	0.000000	1	1	0.000000	1.000000	1.000000	1.000000	1.000000	1.000000	1.000000	740.000000	740.000000	0.000000	21.000000	22.000000	-6.018940E-14	-5.601411E-6
3734579120.240798	-0.000500	0.000500	198.990000	0.000000	-15.000000	10.200000	100.000000	17.000000	100.000000	4.180000	0.000000	0.000000	0.000000	0.000000	1	1	0.000000	1.000000	1.000000	1.000000	1.000000	1.000000	1.000000	740.000000	740.000000	0.000000	35.000000	30.000000	-6.018940E-14	-5.637771E-6
3734579133.784071	-0.000500	0.000500	198.990000	0.000000	-15.000000	10.300000	100.000000	17.000000	100.000000	4.180000	0.000000	0.000000	0.000000	0.000000	1	1	0.000000	1.000000	1.000000	1.000000	1.000000	1.000000	1.000000	740.000000	740.000000	0.000000	33.000000	28.000000	-6.018940E-14	-5.666165E-6
3734579146.764981	-0.000500	0.000500	198.990000	0.000000	-15.000000	10.400000	100.000000	17.000000	100.000000	4.180000	0.000000	0.000000	0.000000	0.000000	1	1	0.000000	1.000000	1.000000	1.000000	1.000000	1.000000	1.000000	740.000000	740.000000	0.000000	28.000000	29.000000	-6.018940E-14	-5.686387E-6
3734579159.755961	-0.000500	0.000500	198.990000	0.000000	-15.000000	10.500000	100.000000	17.000000	100.000000	4.180000	0.000000	0.000000	0.000000	0.000000	1	1	0.000000	1.000000	1.000000	1.000000	1.000000	1.000000	1.000000	740.000000	740.000000	0.000000	33.000000	30.000000	-6.018940E-14	-5.716005E-6
3734579173.833300	-0.000500	0.000500	198.990000	0.000000	-15.000000	10.600000	100.000000	17.000000	100.000000	4.180000	0.000000	0.000000	0.000000	0.000000	1	1	0.000000	1.000000	1.000000	1.000000	1.000000	1.000000	1.000000	740.000000	740.000000	0.000000	29.000000	38.000000	-6.018940E-14	-5.736228E-6
3734579186.802359	-0.000500	0.000500	198.990000	0.000000	-15.000000	10.700000	100.000000	17.000000	100.000000	4.180000	0.000000	0.000000	0.000000	0.000000	1	1	0.000000	1.000000	1.000000	1.000000	1.000000	1.000000	1.000000	740.000000	740.000000	0.000000	26.000000	22.000000	-6.018940E-14	-5.760944E-6
3734579199.777912	-0.000500	0.000500	198.990000	0.000000	-15.000000	10.800000	100.000000	17.000000	100.000000	4.180000	0.000000	0.000000	0.000000	0.000000	1	1	0.000000	1.000000	1.000000	1.000000	1.000000	1.000000	1.000000	740.000000	740.000000	0.000000	21.000000	31.000000	-6.018940E-14	-5.779531E-6
3734579212.752225	-0.000500	0.000500	198.990000	0.000000	-15.000000	10.900000	100.000000	17.000000	100.000000	4.180000	0.000000	0.000000	0.000000	0.000000	1	1	0.000000	1.000000	1.000000	1.000000	1.000000	1.000000	1.000000	740.000000	740.000000	0.000000	26.000000	29.000000	-6.018940E-14	-5.794240E-6
3734579225.700446	-0.000500	0.000500	198.990000	0.000000	-15.000000	11.000000	100.000000	17.000000	100.000000	4.180000	0.000000	0.000000	0.000000	0.000000	1	1	0.000000	1.000000	1.000000	1.000000	1.000000	1.000000	1.000000	740.000000	740.000000	0.000000	31.000000	39.000000	-6.018940E-14	-5.814258E-6
3734579240.355960	-0.000500	0.000500	198.990000	0.000000	-15.000000	11.100000	100.000000	17.000000	100.000000	4.180000	0.000000	0.000000	0.000000	0.000000	1	1	0.000000	1.000000	1.000000	1.000000	1.000000	1.000000	1.000000	740.000000	740.000000	0.000000	40.000000	46.000000	-6.018940E-14	-5.821817E-6
3734579254.298792	-0.000500	0.000500	198.990000	0.000000	-15.000000	11.200000	100.000000	17.000000	100.000000	4.180000	0.000000	0.000000	0.000000	0.000000	1	1	0.000000	1.000000	1.000000	1.000000	1.000000	1.000000	1.000000	740.000000	740.000000	0.000000	38.000000	74.000000	-6.018940E-14	-5.835298E-6
3734579268.025117	-0.000500	0.000500	198.990000	0.000000	-15.000000	11.300000	100.000000	17.000000	100.000000	4.180000	0.000000	0.000000	0.000000	0.000000	1	1	0.000000	1.000000	1.000000	1.000000	1.000000	1.000000	1.000000	740.000000	740.000000	0.000000	49.000000	94.000000	-6.018940E-14	-5.854498E-6
3734579282.200815	-0.000500	0.000500	198.990000	0.000000	-15.000000	11.400000	100.000000	17.000000	100.000000	4.180000	0.000000	0.000000	0.000000	0.000000	1	1	0.000000	1.000000	1.000000	1.000000	1.000000	1.000000	1.000000	740.000000	740.000000	0.000000	108.000000	184.000000	-6.018940E-14	-5.872270E-6
3734579296.841093	-0.000500	0.000500	198.990000	0.000000	-15.000000	11.500000	100.000000	17.000000	100.000000	4.180000	0.000000	0.000000	0.000000	0.000000	1	1	0.000000	1.000000	1.000000	1.000000	1.000000	1.000000	1.000000	740.000000	740.000000	0.000000	154.000000	242.000000	-6.018940E-14	-5.881668E-6
3734579312.679201	-0.000500	0.000500	198.990000	0.000000	-15.000000	11.600000	100.000000	17.000000	100.000000	4.180000	0.000000	0.000000	0.000000	0.000000	1	1	0.000000	1.000000	1.000000	1.000000	1.000000	1.000000	1.000000	740.000000	740.000000	0.000000	160.000000	313.000000	-6.018940E-14	-5.895761E-6
3734579327.550889	-0.000500	0.000500	198.990000	0.000000	-15.000000	11.700000	100.000000	17.000000	100.000000	4.180000	0.000000	0.000000	0.000000	0.000000	1	1	0.000000	1.000000	1.000000	1.000000	1.000000	1.000000	1.000000	740.000000	740.000000	0.000000	223.000000	339.000000	-6.018940E-14	-5.905361E-6
3734579342.263408	-0.000500	0.000500	198.990000	0.000000	-15.000000	11.800000	100.000000	17.000000	100.000000	4.180000	0.000000	0.000000	0.000000	0.000000	1	1	0.000000	1.000000	1.000000	1.000000	1.000000	1.000000	1.000000	740.000000	740.000000	0.000000	250.000000	337.000000	-6.018940E-14	-5.911490E-6
3734579357.212056	-0.000500	0.000500	198.990000	0.000000	-15.000000	11.900000	100.000000	17.000000	100.000000	4.180000	0.000000	0.000000	0.000000	0.000000	1	1	0.000000	1.000000	1.000000	1.000000	1.000000	1.000000	1.000000	740.000000	740.000000	0.000000	256.000000	315.000000	-6.018940E-14	-5.923134E-6
3734579372.336050	-0.000500	0.000500	198.990000	0.000000	-15.000000	12.000000	100.000000	17.000000	100.000000	4.180000	0.000000	0.000000	0.000000	0.000000	1	1	0.000000	1.000000	1.000000	1.000000	1.000000	1.000000	1.000000	740.000000	740.000000	0.000000	308.000000	282.000000	-6.018940E-14	-5.930076E-6
3734579387.699646	-0.000500	0.000500	198.990000	0.000000	-15.000000	12.100000	100.000000	17.000000	100.000000	4.180000	0.000000	0.000000	0.000000	0.000000	1	1	0.000000	1.000000	1.000000	1.000000	1.000000	1.000000	1.000000	740.000000	740.000000	0.000000	313.000000	230.000000	-6.018940E-14	-5.934371E-6
3734579402.403090	-0.000500	0.000500	198.990000	0.000000	-15.000000	12.200000	100.000000	17.000000	100.000000	4.180000	0.000000	0.000000	0.000000	0.000000	1	1	0.000000	1.000000	1.000000	1.000000	1.000000	1.000000	1.000000	740.000000	740.000000	0.000000	301.000000	205.000000	-6.018940E-14	-5.946828E-6
3734579417.805866	-0.000500	0.000500	198.990000	0.000000	-15.000000	12.300000	100.000000	17.000000	100.000000	4.180000	0.000000	0.000000	0.000000	0.000000	1	1	0.000000	1.000000	1.000000	1.000000	1.000000	1.000000	1.000000	740.000000	740.000000	0.000000	259.000000	165.000000	-6.018940E-14	-5.965826E-6
3734579432.574737	-0.000500	0.000500	198.990000	0.000000	-15.000000	12.400000	100.000000	17.000000	100.000000	4.180000	0.000000	0.000000	0.000000	0.000000	1	1	0.000000	1.000000	1.000000	1.000000	1.000000	1.000000	1.000000	740.000000	740.000000	0.000000	226.000000	148.000000	-6.018940E-14	-5.975425E-6
3734579447.066343	-0.000500	0.000500	198.990000	0.000000	-15.000000	12.500000	100.000000	17.000000	100.000000	4.180000	0.000000	0.000000	0.000000	0.000000	1	1	0.000000	1.000000	1.000000	1.000000	1.000000	1.000000	1.000000	740.000000	740.000000	0.000000	207.000000	148.000000	-6.018940E-14	-5.986253E-6
3734579462.134712	-0.000500	0.000500	198.990000	0.000000	-15.000000	12.600000	100.000000	17.000000	100.000000	4.180000	0.000000	0.000000	0.000000	0.000000	1	1	0.000000	1.000000	1.000000	1.000000	1.000000	1.000000	1.000000	740.000000	740.000000	0.000000	171.000000	110.000000	-6.018940E-14	-5.993606E-6
3734579476.830557	-0.000500	0.000500	198.990000	0.000000	-15.000000	12.700000	100.000000	17.000000	100.000000	4.180000	0.000000	0.000000	0.000000	0.000000	1	1	0.000000	1.000000	1.000000	1.000000	1.000000	1.000000	1.000000	740.000000	740.000000	0.000000	140.000000	110.000000	-6.018940E-14	-5.994014E-6
3734579490.782303	-0.000500	0.000500	198.990000	0.000000	-15.000000	12.800000	100.000000	17.000000	100.000000	4.180000	0.000000	0.000000	0.000000	0.000000	1	1	0.000000	1.000000	1.000000	1.000000	1.000000	1.000000	1.000000	740.000000	740.000000	0.000000	114.000000	102.000000	-6.018940E-14	-6.004637E-6
3734579506.133720	-0.000500	0.000500	198.990000	0.000000	-15.000000	12.900000	100.000000	17.000000	100.000000	4.180000	0.000000	0.000000	0.000000	0.000000	1	1	0.000000	1.000000	1.000000	1.000000	1.000000	1.000000	1.000000	740.000000	740.000000	0.000000	120.000000	76.000000	-6.018940E-14	-6.005660E-6
3734579518.690083	-0.000500	0.000500	198.990000	0.000000	-15.000000	13.000000	100.000000	17.000000	100.000000	4.180000	0.000000	0.000000	0.000000	0.000000	1	1	0.000000	1.000000	1.000000	1.000000	1.000000	1.000000	1.000000	740.000000	740.000000	0.000000	103.000000	93.000000	-6.018940E-14	-6.012605E-6
3734579531.624610	-0.000500	0.000500	198.990000	0.000000	-15.000000	13.100000	100.000000	17.000000	100.000000	4.180000	0.000000	0.000000	0.000000	0.000000	1	1	0.000000	1.000000	1.000000	1.000000	1.000000	1.000000	1.000000	740.000000	740.000000	0.000000	98.000000	85.000000	-6.018940E-14	-6.021999E-6
3734579546.255391	-0.000500	0.000500	198.990000	0.000000	-15.000000	13.200000	100.000000	17.000000	100.000000	4.180000	0.000000	0.000000	0.000000	0.000000	1	1	0.000000	1.000000	1.000000	1.000000	1.000000	1.000000	1.000000	740.000000	740.000000	0.000000	80.000000	66.000000	-6.018940E-14	-6.029149E-6
3734579561.264009	-0.000500	0.000500	198.990000	0.000000	-15.000000	13.300000	100.000000	17.000000	100.000000	4.180000	0.000000	0.000000	0.000000	0.000000	1	1	0.000000	1.000000	1.000000	1.000000	1.000000	1.000000	1.000000	740.000000	740.000000	0.000000	78.000000	63.000000	-6.018940E-14	-6.034868E-6
3734579575.232187	-0.000500	0.000500	198.990000	0.000000	-15.000000	13.400000	100.000000	17.000000	100.000000	4.180000	0.000000	0.000000	0.000000	0.000000	1	1	0.000000	1.000000	1.000000	1.000000	1.000000	1.000000	1.000000	740.000000	740.000000	0.000000	96.000000	56.000000	-6.018940E-14	-6.044471E-6
3734579588.616189	-0.000500	0.000500	198.990000	0.000000	-15.000000	13.500000	100.000000	17.000000	100.000000	4.180000	0.000000	0.000000	0.000000	0.000000	1	1	0.000000	1.000000	1.000000	1.000000	1.000000	1.000000	1.000000	740.000000	740.000000	0.000000	78.000000	49.000000	-6.018940E-14	-6.052230E-6
3734579603.387438	-0.000500	0.000500	198.990000	0.000000	-15.000000	13.600000	100.000000	17.000000	100.000000	4.180000	0.000000	0.000000	0.000000	0.000000	1	1	0.000000	1.000000	1.000000	1.000000	1.000000	1.000000	1.000000	740.000000	740.000000	0.000000	70.000000	47.000000	-6.018940E-14	-6.062444E-6
3734579616.718634	-0.000500	0.000500	198.990000	0.000000	-15.000000	13.700000	100.000000	17.000000	100.000000	4.180000	0.000000	0.000000	0.000000	0.000000	1	1	0.000000	1.000000	1.000000	1.000000	1.000000	1.000000	1.000000	740.000000	740.000000	0.000000	54.000000	57.000000	-6.018940E-14	-6.061831E-6
3734579630.045566	-0.000500	0.000500	198.990000	0.000000	-15.000000	13.800000	100.000000	17.000000	100.000000	4.180000	0.000000	0.000000	0.000000	0.000000	1	1	0.000000	1.000000	1.000000	1.000000	1.000000	1.000000	1.000000	740.000000	740.000000	0.000000	48.000000	56.000000	-6.018940E-14	-6.061833E-6
3734579642.921829	-0.000500	0.000500	198.990000	0.000000	-15.000000	13.900000	100.000000	17.000000	100.000000	4.180000	0.000000	0.000000	0.000000	0.000000	1	1	0.000000	1.000000	1.000000	1.000000	1.000000	1.000000	1.000000	740.000000	740.000000	0.000000	50.000000	39.000000	-6.018940E-14	-6.080420E-6
3734579656.554563	-0.000500	0.000500	198.990000	0.000000	-15.000000	14.000000	100.000000	17.000000	100.000000	4.180000	0.000000	0.000000	0.000000	0.000000	1	1	0.000000	1.000000	1.000000	1.000000	1.000000	1.000000	1.000000	740.000000	740.000000	0.000000	55.000000	47.000000	-6.018940E-14	-6.087160E-6
3734579670.617685	-0.000500	0.000500	198.990000	0.000000	-15.000000	14.100000	100.000000	17.000000	100.000000	4.180000	0.000000	0.000000	0.000000	0.000000	1	1	0.000000	1.000000	1.000000	1.000000	1.000000	1.000000	1.000000	740.000000	740.000000	0.000000	45.000000	42.000000	-6.018940E-14	-6.092268E-6
3734579684.129794	-0.000500	0.000500	198.990000	0.000000	-15.000000	14.200000	100.000000	17.000000	100.000000	4.180000	0.000000	0.000000	0.000000	0.000000	1	1	0.000000	1.000000	1.000000	1.000000	1.000000	1.000000	1.000000	740.000000	740.000000	0.000000	53.000000	55.000000	-6.018940E-14	-6.096557E-6
3734579697.124707	-0.000500	0.000500	198.990000	0.000000	-15.000000	14.300000	100.000000	17.000000	100.000000	4.180000	0.000000	0.000000	0.000000	0.000000	1	1	0.000000	1.000000	1.000000	1.000000	1.000000	1.000000	1.000000	740.000000	740.000000	0.000000	48.000000	48.000000	-6.018940E-14	-6.106770E-6
3734579710.990290	-0.000500	0.000500	198.990000	0.000000	-15.000000	14.400000	100.000000	17.000000	100.000000	4.180000	0.000000	0.000000	0.000000	0.000000	1	1	0.000000	1.000000	1.000000	1.000000	1.000000	1.000000	1.000000	740.000000	740.000000	0.000000	57.000000	36.000000	-6.018940E-14	-6.114122E-6
3734579725.684006	-0.000500	0.000500	198.990000	0.000000	-15.000000	14.500000	100.000000	17.000000	100.000000	4.180000	0.000000	0.000000	0.000000	0.000000	1	1	0.000000	1.000000	1.000000	1.000000	1.000000	1.000000	1.000000	740.000000	740.000000	0.000000	51.000000	40.000000	-6.018940E-14	-6.113921E-6
3734579741.060580	-0.000500	0.000500	198.990000	0.000000	-15.000000	14.600000	100.000000	17.000000	100.000000	4.180000	0.000000	0.000000	0.000000	0.000000	1	1	0.000000	1.000000	1.000000	1.000000	1.000000	1.000000	1.000000	740.000000	740.000000	0.000000	50.000000	46.000000	-6.018940E-14	-6.119435E-6
3734579754.818901	-0.000500	0.000500	198.990000	0.000000	-15.000000	14.700000	100.000000	17.000000	100.000000	4.180000	0.000000	0.000000	0.000000	0.000000	1	1	0.000000	1.000000	1.000000	1.000000	1.000000	1.000000	1.000000	740.000000	740.000000	0.000000	57.000000	58.000000	-6.018940E-14	-6.127401E-6
3734579767.865959	-0.000500	0.000500	198.990000	0.000000	-15.000000	14.800000	100.000000	17.000000	100.000000	4.180000	0.000000	0.000000	0.000000	0.000000	1	1	0.000000	1.000000	1.000000	1.000000	1.000000	1.000000	1.000000	740.000000	740.000000	0.000000	54.000000	37.000000	-6.018940E-14	-6.138023E-6
3734579781.371791	-0.000500	0.000500	198.990000	0.000000	-15.000000	14.900000	100.000000	17.000000	100.000000	4.180000	0.000000	0.000000	0.000000	0.000000	1	1	0.000000	1.000000	1.000000	1.000000	1.000000	1.000000	1.000000	740.000000	740.000000	0.000000	46.000000	37.000000	-6.018940E-14	-6.140678E-6
3734579795.402972	-0.000500	0.000500	198.990000	0.000000	-15.000000	15.000000	100.000000	17.000000	100.000000	4.180000	0.000000	0.000000	0.000000	0.000000	1	1	0.000000	1.000000	1.000000	1.000000	1.000000	1.000000	1.000000	740.000000	740.000000	0.000000	52.000000	62.000000	-6.018940E-14	-6.149054E-6
3734579810.413418	-0.000500	0.000500	198.990000	0.000000	-15.000000	15.100000	100.000000	17.000000	100.000000	4.180000	0.000000	0.000000	0.000000	0.000000	1	1	0.000000	1.000000	1.000000	1.000000	1.000000	1.000000	1.000000	740.000000	740.000000	0.000000	54.000000	52.000000	-6.018940E-14	-6.152936E-6
3734579825.465496	-0.000500	0.000500	198.990000	0.000000	-15.000000	15.200000	100.000000	17.000000	100.000000	4.180000	0.000000	0.000000	0.000000	0.000000	1	1	0.000000	1.000000	1.000000	1.000000	1.000000	1.000000	1.000000	740.000000	740.000000	0.000000	46.000000	75.000000	-6.018940E-14	-6.162738E-6
3734579840.252153	-0.000500	0.000500	198.990000	0.000000	-15.000000	15.300000	100.000000	17.000000	100.000000	4.180000	0.000000	0.000000	0.000000	0.000000	1	1	0.000000	1.000000	1.000000	1.000000	1.000000	1.000000	1.000000	740.000000	740.000000	0.000000	67.000000	63.000000	-6.018940E-14	-6.166213E-6
3734579855.063856	-0.000500	0.000500	198.990000	0.000000	-15.000000	15.400000	100.000000	17.000000	100.000000	4.180000	0.000000	0.000000	0.000000	0.000000	1	1	0.000000	1.000000	1.000000	1.000000	1.000000	1.000000	1.000000	740.000000	740.000000	0.000000	69.000000	76.000000	-6.018940E-14	-6.169071E-6
3734579868.913081	-0.000500	0.000500	198.990000	0.000000	-15.000000	15.500000	100.000000	17.000000	100.000000	4.180000	0.000000	0.000000	0.000000	0.000000	1	1	0.000000	1.000000	1.000000	1.000000	1.000000	1.000000	1.000000	740.000000	740.000000	0.000000	68.000000	87.000000	-6.018940E-14	-6.174178E-6
3734579881.917834	-0.000500	0.000500	198.990000	0.000000	-15.000000	15.600000	100.000000	17.000000	100.000000	4.180000	0.000000	0.000000	0.000000	0.000000	1	1	0.000000	1.000000	1.000000	1.000000	1.000000	1.000000	1.000000	740.000000	740.000000	0.000000	82.000000	97.000000	-6.018940E-14	-6.179285E-6
3734579896.009274	-0.000500	0.000500	198.990000	0.000000	-15.000000	15.700000	100.000000	17.000000	100.000000	4.180000	0.000000	0.000000	0.000000	0.000000	1	1	0.000000	1.000000	1.000000	1.000000	1.000000	1.000000	1.000000	740.000000	740.000000	0.000000	79.000000	65.000000	-6.018940E-14	-6.180921E-6
3734579910.926261	-0.000500	0.000500	198.990000	0.000000	-15.000000	15.800000	100.000000	17.000000	100.000000	4.180000	0.000000	0.000000	0.000000	0.000000	1	1	0.000000	1.000000	1.000000	1.000000	1.000000	1.000000	1.000000	740.000000	740.000000	0.000000	70.000000	82.000000	-6.018940E-14	-6.189704E-6
3734579925.247010	-0.000500	0.000500	198.990000	0.000000	-15.000000	15.900000	100.000000	17.000000	100.000000	4.180000	0.000000	0.000000	0.000000	0.000000	1	1	0.000000	1.000000	1.000000	1.000000	1.000000	1.000000	1.000000	740.000000	740.000000	0.000000	75.000000	66.000000	-6.018940E-14	-6.188272E-6
3734579939.185071	-0.000500	0.000500	198.990000	0.000000	-15.000000	16.000000	100.000000	17.000000	100.000000	4.180000	0.000000	0.000000	0.000000	0.000000	1	1	0.000000	1.000000	1.000000	1.000000	1.000000	1.000000	1.000000	740.000000	740.000000	0.000000	89.000000	77.000000	-6.018940E-14	-6.199508E-6
3734579952.971703	-0.000500	0.000500	198.990000	0.000000	-15.000000	16.100000	100.000000	17.000000	100.000000	4.180000	0.000000	0.000000	0.000000	0.000000	1	1	0.000000	1.000000	1.000000	1.000000	1.000000	1.000000	1.000000	740.000000	740.000000	0.000000	92.000000	76.000000	-6.018940E-14	-6.207272E-6
3734579966.746119	-0.000500	0.000500	198.990000	0.000000	-15.000000	16.200000	100.000000	17.000000	100.000000	4.180000	0.000000	0.000000	0.000000	0.000000	1	1	0.000000	1.000000	1.000000	1.000000	1.000000	1.000000	1.000000	740.000000	740.000000	0.000000	86.000000	94.000000	-6.018940E-14	-6.211968E-6
3734579982.537219	-0.000500	0.000500	198.990000	0.000000	-15.000000	16.300000	100.000000	17.000000	100.000000	4.180000	0.000000	0.000000	0.000000	0.000000	1	1	0.000000	1.000000	1.000000	1.000000	1.000000	1.000000	1.000000	740.000000	740.000000	0.000000	76.000000	79.000000	-6.018940E-14	-6.221568E-6
3734579996.592251	-0.000500	0.000500	198.990000	0.000000	-15.000000	16.400000	100.000000	17.000000	100.000000	4.180000	0.000000	0.000000	0.000000	0.000000	1	1	0.000000	1.000000	1.000000	1.000000	1.000000	1.000000	1.000000	740.000000	740.000000	0.000000	97.000000	82.000000	-6.018940E-14	-6.220549E-6
3734580011.094869	-0.000500	0.000500	198.990000	0.000000	-15.000000	16.500000	100.000000	17.000000	100.000000	4.180000	0.000000	0.000000	0.000000	0.000000	1	1	0.000000	1.000000	1.000000	1.000000	1.000000	1.000000	1.000000	740.000000	740.000000	0.000000	79.000000	70.000000	-6.018940E-14	-6.219118E-6
3734580025.092731	-0.000500	0.000500	198.990000	0.000000	-15.000000	16.600000	100.000000	17.000000	100.000000	4.180000	0.000000	0.000000	0.000000	0.000000	1	1	0.000000	1.000000	1.000000	1.000000	1.000000	1.000000	1.000000	740.000000	740.000000	0.000000	85.000000	84.000000	-6.018940E-14	-6.224633E-6
3734580039.429724	-0.000500	0.000500	198.990000	0.000000	-15.000000	16.700000	100.000000	17.000000	100.000000	4.180000	0.000000	0.000000	0.000000	0.000000	1	1	0.000000	1.000000	1.000000	1.000000	1.000000	1.000000	1.000000	740.000000	740.000000	0.000000	86.000000	70.000000	-6.018940E-14	-6.228718E-6
3734580053.547839	-0.000500	0.000500	198.990000	0.000000	-15.000000	16.800000	100.000000	17.000000	100.000000	4.180000	0.000000	0.000000	0.000000	0.000000	1	1	0.000000	1.000000	1.000000	1.000000	1.000000	1.000000	1.000000	740.000000	740.000000	0.000000	96.000000	85.000000	-6.018940E-14	-6.237091E-6
3734580067.297657	-0.000500	0.000500	198.990000	0.000000	-15.000000	16.900000	100.000000	17.000000	100.000000	4.180000	0.000000	0.000000	0.000000	0.000000	1	1	0.000000	1.000000	1.000000	1.000000	1.000000	1.000000	1.000000	740.000000	740.000000	0.000000	104.000000	77.000000	-6.018940E-14	-6.246082E-6
3734580080.075897	-0.000500	0.000500	198.990000	0.000000	-15.000000	17.000000	100.000000	17.000000	100.000000	4.180000	0.000000	0.000000	0.000000	0.000000	1	1	0.000000	1.000000	1.000000	1.000000	1.000000	1.000000	1.000000	740.000000	740.000000	0.000000	96.000000	81.000000	-6.018940E-14	-6.242609E-6
3734580093.607232	-0.000500	0.000500	198.990000	0.000000	-15.000000	17.100000	100.000000	17.000000	100.000000	4.180000	0.000000	0.000000	0.000000	0.000000	1	1	0.000000	1.000000	1.000000	1.000000	1.000000	1.000000	1.000000	740.000000	740.000000	0.000000	90.000000	82.000000	-6.018940E-14	-6.250573E-6
3734580107.125766	-0.000500	0.000500	198.990000	0.000000	-15.000000	17.200000	100.000000	17.000000	100.000000	4.180000	0.000000	0.000000	0.000000	0.000000	1	1	0.000000	1.000000	1.000000	1.000000	1.000000	1.000000	1.000000	740.000000	740.000000	0.000000	109.000000	85.000000	-6.018940E-14	-6.253640E-6
3734580120.311583	-0.000500	0.000500	198.990000	0.000000	-15.000000	17.300000	100.000000	17.000000	100.000000	4.180000	0.000000	0.000000	0.000000	0.000000	1	1	0.000000	1.000000	1.000000	1.000000	1.000000	1.000000	1.000000	740.000000	740.000000	0.000000	89.000000	86.000000	-6.018940E-14	-6.253638E-6
3734580132.808671	-0.000500	0.000500	198.990000	0.000000	-15.000000	17.400000	100.000000	17.000000	100.000000	4.180000	0.000000	0.000000	0.000000	0.000000	1	1	0.000000	1.000000	1.000000	1.000000	1.000000	1.000000	1.000000	740.000000	740.000000	0.000000	97.000000	81.000000	-6.018940E-14	-6.263853E-6
3734580145.769942	-0.000500	0.000500	198.990000	0.000000	-15.000000	17.500000	100.000000	17.000000	100.000000	4.180000	0.000000	0.000000	0.000000	0.000000	1	1	0.000000	1.000000	1.000000	1.000000	1.000000	1.000000	1.000000	740.000000	740.000000	0.000000	111.000000	90.000000	-6.018940E-14	-6.266916E-6
3734580159.625407	-0.000500	0.000500	198.990000	0.000000	-15.000000	17.600000	100.000000	17.000000	100.000000	4.180000	0.000000	0.000000	0.000000	0.000000	1	1	0.000000	1.000000	1.000000	1.000000	1.000000	1.000000	1.000000	740.000000	740.000000	0.000000	91.000000	81.000000	-6.018940E-14	-6.276515E-6
3734580172.679426	-0.000500	0.000500	198.990000	0.000000	-15.000000	17.700000	100.000000	17.000000	100.000000	4.180000	0.000000	0.000000	0.000000	0.000000	1	1	0.000000	1.000000	1.000000	1.000000	1.000000	1.000000	1.000000	740.000000	740.000000	0.000000	84.000000	93.000000	-6.018940E-14	-6.272023E-6
3734580186.153551	-0.000500	0.000500	198.990000	0.000000	-15.000000	17.800000	100.000000	17.000000	100.000000	4.180000	0.000000	0.000000	0.000000	0.000000	1	1	0.000000	1.000000	1.000000	1.000000	1.000000	1.000000	1.000000	740.000000	740.000000	0.000000	86.000000	66.000000	-6.018940E-14	-6.280194E-6
3734580199.921154	-0.000500	0.000500	198.990000	0.000000	-15.000000	17.900000	100.000000	17.000000	100.000000	4.180000	0.000000	0.000000	0.000000	0.000000	1	1	0.000000	1.000000	1.000000	1.000000	1.000000	1.000000	1.000000	740.000000	740.000000	0.000000	111.000000	71.000000	-6.018940E-14	-6.279991E-6
3734580213.891218	-0.000500	0.000500	198.990000	0.000000	-15.000000	18.000000	100.000000	17.000000	100.000000	4.180000	0.000000	0.000000	0.000000	0.000000	1	1	0.000000	1.000000	1.000000	1.000000	1.000000	1.000000	1.000000	740.000000	740.000000	0.000000	82.000000	82.000000	-6.018940E-14	-6.282032E-6
3734580226.456945	-0.000500	0.000500	198.990000	0.000000	-15.000000	18.100000	100.000000	17.000000	100.000000	4.180000	0.000000	0.000000	0.000000	0.000000	1	1	0.000000	1.000000	1.000000	1.000000	1.000000	1.000000	1.000000	740.000000	740.000000	0.000000	104.000000	87.000000	-6.018940E-14	-6.289386E-6
3734580238.883092	-0.000500	0.000500	198.990000	0.000000	-15.000000	18.200000	100.000000	17.000000	100.000000	4.180000	0.000000	0.000000	0.000000	0.000000	1	1	0.000000	1.000000	1.000000	1.000000	1.000000	1.000000	1.000000	740.000000	740.000000	0.000000	95.000000	95.000000	-6.018940E-14	-6.298987E-6
3734580251.457985	-0.000500	0.000500	198.990000	0.000000	-15.000000	18.300000	100.000000	17.000000	100.000000	4.180000	0.000000	0.000000	0.000000	0.000000	1	1	0.000000	1.000000	1.000000	1.000000	1.000000	1.000000	1.000000	740.000000	740.000000	0.000000	108.000000	80.000000	-6.018940E-14	-6.299394E-6
3734580264.849701	-0.000500	0.000500	198.990000	0.000000	-15.000000	18.400000	100.000000	17.000000	100.000000	4.180000	0.000000	0.000000	0.000000	0.000000	1	1	0.000000	1.000000	1.000000	1.000000	1.000000	1.000000	1.000000	740.000000	740.000000	0.000000	89.000000	82.000000	-6.018940E-14	-6.296943E-6
3734580277.959381	-0.000500	0.000500	198.990000	0.000000	-15.000000	18.500000	100.000000	17.000000	100.000000	4.180000	0.000000	0.000000	0.000000	0.000000	1	1	0.000000	1.000000	1.000000	1.000000	1.000000	1.000000	1.000000	740.000000	740.000000	0.000000	92.000000	94.000000	-6.018940E-14	-6.302868E-6
3734580292.382453	-0.000500	0.000500	198.990000	0.000000	-15.000000	18.600000	100.000000	17.000000	100.000000	4.180000	0.000000	0.000000	0.000000	0.000000	1	1	0.000000	1.000000	1.000000	1.000000	1.000000	1.000000	1.000000	740.000000	740.000000	0.000000	104.000000	99.000000	-6.018940E-14	-6.305115E-6
3734580305.928709	-0.000500	0.000500	198.990000	0.000000	-15.000000	18.700000	100.000000	17.000000	100.000000	4.180000	0.000000	0.000000	0.000000	0.000000	1	1	0.000000	1.000000	1.000000	1.000000	1.000000	1.000000	1.000000	740.000000	740.000000	0.000000	98.000000	79.000000	-6.018940E-14	-6.313491E-6
3734580319.035347	-0.000500	0.000500	198.990000	0.000000	-15.000000	18.800000	100.000000	17.000000	100.000000	4.180000	0.000000	0.000000	0.000000	0.000000	1	1	0.000000	1.000000	1.000000	1.000000	1.000000	1.000000	1.000000	740.000000	740.000000	0.000000	102.000000	101.000000	-6.018940E-14	-6.315737E-6
3734580332.568094	-0.000500	0.000500	198.990000	0.000000	-15.000000	18.900000	100.000000	17.000000	100.000000	4.180000	0.000000	0.000000	0.000000	0.000000	1	1	0.000000	1.000000	1.000000	1.000000	1.000000	1.000000	1.000000	740.000000	740.000000	0.000000	106.000000	88.000000	-6.018940E-14	-6.318596E-6
3734580347.524439	-0.000500	0.000500	198.990000	0.000000	-15.000000	19.000000	100.000000	17.000000	100.000000	4.180000	0.000000	0.000000	0.000000	0.000000	1	1	0.000000	1.000000	1.000000	1.000000	1.000000	1.000000	1.000000	740.000000	740.000000	0.000000	105.000000	109.000000	-6.018940E-14	-6.320231E-6
3734580360.056440	-0.000500	0.000500	198.990000	0.000000	-15.000000	19.100000	100.000000	17.000000	100.000000	4.180000	0.000000	0.000000	0.000000	0.000000	1	1	0.000000	1.000000	1.000000	1.000000	1.000000	1.000000	1.000000	740.000000	740.000000	0.000000	106.000000	91.000000	-6.018940E-14	-6.327994E-6
3734580372.455021	-0.000500	0.000500	198.990000	0.000000	-15.000000	19.200000	100.000000	17.000000	100.000000	4.180000	0.000000	0.000000	0.000000	0.000000	1	1	0.000000	1.000000	1.000000	1.000000	1.000000	1.000000	1.000000	740.000000	740.000000	0.000000	103.000000	84.000000	-6.018940E-14	-6.330444E-6
3734580386.544926	-0.000500	0.000500	198.990000	0.000000	-15.000000	19.300000	100.000000	17.000000	100.000000	4.180000	0.000000	0.000000	0.000000	0.000000	1	1	0.000000	1.000000	1.000000	1.000000	1.000000	1.000000	1.000000	740.000000	740.000000	0.000000	110.000000	95.000000	-6.018940E-14	-6.335756E-6
3734580399.376144	-0.000500	0.000500	198.990000	0.000000	-15.000000	19.400000	100.000000	17.000000	100.000000	4.180000	0.000000	0.000000	0.000000	0.000000	1	1	0.000000	1.000000	1.000000	1.000000	1.000000	1.000000	1.000000	740.000000	740.000000	0.000000	125.000000	87.000000	-6.018940E-14	-6.336981E-6
3734580413.200305	-0.000500	0.000500	198.990000	0.000000	-15.000000	19.500000	100.000000	17.000000	100.000000	4.180000	0.000000	0.000000	0.000000	0.000000	1	1	0.000000	1.000000	1.000000	1.000000	1.000000	1.000000	1.000000	740.000000	740.000000	0.000000	115.000000	85.000000	-6.018940E-14	-6.348826E-6
3734580428.915878	-0.000500	0.000500	198.990000	0.000000	-15.000000	19.600000	100.000000	17.000000	100.000000	4.180000	0.000000	0.000000	0.000000	0.000000	1	1	0.000000	1.000000	1.000000	1.000000	1.000000	1.000000	1.000000	740.000000	740.000000	0.000000	99.000000	118.000000	-6.018940E-14	-6.344129E-6
3734580441.480237	-0.000500	0.000500	198.990000	0.000000	-15.000000	19.700000	100.000000	17.000000	100.000000	4.180000	0.000000	0.000000	0.000000	0.000000	1	1	0.000000	1.000000	1.000000	1.000000	1.000000	1.000000	1.000000	740.000000	740.000000	0.000000	91.000000	97.000000	-6.018940E-14	-6.345969E-6
3734580455.928046	-0.000500	0.000500	198.990000	0.000000	-15.000000	19.800000	100.000000	17.000000	100.000000	4.180000	0.000000	0.000000	0.000000	0.000000	1	1	0.000000	1.000000	1.000000	1.000000	1.000000	1.000000	1.000000	740.000000	740.000000	0.000000	107.000000	110.000000	-6.018940E-14	-6.342293E-6
3734580469.020309	-0.000500	0.000500	198.990000	0.000000	-15.000000	19.900000	100.000000	17.000000	100.000000	4.180000	0.000000	0.000000	0.000000	0.000000	1	1	0.000000	1.000000	1.000000	1.000000	1.000000	1.000000	1.000000	740.000000	740.000000	0.000000	110.000000	98.000000	-6.018940E-14	-6.347193E-6
3734580483.927466	-0.000500	0.000500	198.990000	0.000000	-15.000000	20.000000	100.000000	17.000000	100.000000	4.180000	0.000000	0.000000	0.000000	0.000000	1	1	0.000000	1.000000	1.000000	1.000000	1.000000	1.000000	1.000000	740.000000	740.000000	0.000000	118.000000	104.000000	-6.018940E-14	-6.356386E-6
