#Cu 100 Test 3_02.dat																														
#5/4/2022 12:26:12 PM																														
#Preliminary IPES Scan																														
#Sweep En																														
"#Measure rgm, lgm, 6487"																														
#Timestamp (sec)	X (mm)	Y (mm)	Z (mm)	Theta (deg)	EG Grid (V)	EG Energy (eV)	EG Extraction (V)	EG Focus 1 (V)	EG Focus 2 (V)	EG Filament (V)	EG X1 Alignment (V)	EG X2 Alignment (V)	EG Y1 Alignment (V)	EG Y2 Alignment (V)	6485 Samples	6487 Samples	6487 Voltage (V)	GM2 Dwell Time (s)	GM2 SCA Lower Limit (V)	GM2 SCA Upper Limit (V)	GM1 Dwell Time (s)	GM1 SCA Lower Limit (V)	GM1 SCA Upper Limit (V)	Voltage Supply A (V)	Voltage Supply B (V)	Dummy	GM2 Counts	GM1 Counts	Keithley6485 Current (A)	Keithley6487 Current (A)
#time	xpos	ypos	zpos	theta	grid	en	ext	f1	f2	fil	x1	x2	y1	y2	6485s	6487s	6487v	gm2dw	gm2ll	gm2ul	gm1dw	gm1ll	gm1ul	va	vb	dummy	gm2	gm1	6485c	6487c
3734526396	-0.0005	0.0005	198.99	0	-15	0	100	17	100	4.18	0	0	0	0	1	1	0	1	1	1	1	1	1	740	740	0	68	67	3.51E-15	-4.92E-08
3734526410	-0.0005	0.0005	198.99	0	-15	0.1	100	17	100	4.18	0	0	0	0	1	1	0	1	1	1	1	1	1	740	740	0	72	80	3.51E-15	-4.61E-08
3734526425	-0.0005	0.0005	198.99	0	-15	0.2	100	17	100	4.18	0	0	0	0	1	1	0	1	1	1	1	1	1	740	740	0	67	77	3.51E-15	-5.12E-08
3734526439	-0.0005	0.0005	198.99	0	-15	0.3	100	17	100	4.18	0	0	0	0	1	1	0	1	1	1	1	1	1	740	740	0	79	51	3.51E-15	-4.82E-08
3734526454	-0.0005	0.0005	198.99	0	-15	0.4	100	17	100	4.18	0	0	0	0	1	1	0	1	1	1	1	1	1	740	740	0	77	58	3.51E-15	-5.04E-08
3734526469	-0.0005	0.0005	198.99	0	-15	0.5	100	17	100	4.18	0	0	0	0	1	1	0	1	1	1	1	1	1	740	740	0	78	57	3.51E-15	-4.88E-08
3734526482	-0.0005	0.0005	198.99	0	-15	0.6	100	17	100	4.18	0	0	0	0	1	1	0	1	1	1	1	1	1	740	740	0	64	62	3.51E-15	-4.71E-08
3734526497	-0.0005	0.0005	198.99	0	-15	0.7	100	17	100	4.18	0	0	0	0	1	1	0	1	1	1	1	1	1	740	740	0	71	53	3.51E-15	-4.76E-08
3734526510	-0.0005	0.0005	198.99	0	-15	0.8	100	17	100	4.18	0	0	0	0	1	1	0	1	1	1	1	1	1	740	740	0	65	49	3.51E-15	-5.37E-08
3734526524	-0.0005	0.0005	198.99	0	-15	0.9	100	17	100	4.18	0	0	0	0	1	1	0	1	1	1	1	1	1	740	740	0	56	60	3.51E-15	-5.33E-08
3734526539	-0.0005	0.0005	198.99	0	-15	1	100	17	100	4.18	0	0	0	0	1	1	0	1	1	1	1	1	1	740	740	0	71	51	3.51E-15	-5.27E-08
3734526554	-0.0005	0.0005	198.99	0	-15	1.1	100	17	100	4.18	0	0	0	0	1	1	0	1	1	1	1	1	1	740	740	0	63	52	3.51E-15	-4.94E-08
3734526569	-0.0005	0.0005	198.99	0	-15	1.2	100	17	100	4.18	0	0	0	0	1	1	0	1	1	1	1	1	1	740	740	0	59	58	3.51E-15	-4.49E-08
3734526584	-0.0005	0.0005	198.99	0	-15	1.3	100	17	100	4.18	0	0	0	0	1	1	0	1	1	1	1	1	1	740	740	0	63	55	3.51E-15	-5.35E-08
3734526598	-0.0005	0.0005	198.99	0	-15	1.4	100	17	100	4.18	0	0	0	0	1	1	0	1	1	1	1	1	1	740	740	0	63	45	3.51E-15	-5.43E-08
3734526611	-0.0005	0.0005	198.99	0	-15	1.5	100	17	100	4.18	0	0	0	0	1	1	0	1	1	1	1	1	1	740	740	0	62	49	3.51E-15	-5.33E-08
3734526625	-0.0005	0.0005	198.99	0	-15	1.6	100	17	100	4.18	0	0	0	0	1	1	0	1	1	1	1	1	1	740	740	0	64	50	3.51E-15	-5.16E-08
3734526639	-0.0005	0.0005	198.99	0	-15	1.7	100	17	100	4.18	0	0	0	0	1	1	0	1	1	1	1	1	1	740	740	0	58	38	3.51E-15	-5.63E-08
3734526653	-0.0005	0.0005	198.99	0	-15	1.8	100	17	100	4.18	0	0	0	0	1	1	0	1	1	1	1	1	1	740	740	0	69	42	3.51E-15	-5.12E-08
3734526668	-0.0005	0.0005	198.99	0	-15	1.9	100	17	100	4.18	0	0	0	0	1	1	0	1	1	1	1	1	1	740	740	0	60	40	3.51E-15	-5.29E-08
3734526682	-0.0005	0.0005	198.99	0	-15	2	100	17	100	4.18	0	0	0	0	1	1	0	1	1	1	1	1	1	740	740	0	52	69	3.51E-15	-4.65E-08
3734526694	-0.0005	0.0005	198.99	0	-15	2.1	100	17	100	4.18	0	0	0	0	1	1	0	1	1	1	1	1	1	740	740	0	60	44	3.51E-15	-5.47E-08
3734526707	-0.0005	0.0005	198.99	0	-15	2.2	100	17	100	4.18	0	0	0	0	1	1	0	1	1	1	1	1	1	740	740	0	68	39	3.51E-15	-4.88E-08
3734526719	-0.0005	0.0005	198.99	0	-15	2.3	100	17	100	4.18	0	0	0	0	1	1	0	1	1	1	1	1	1	740	740	0	58	44	3.51E-15	-5.08E-08
3734526734	-0.0005	0.0005	198.99	0	-15	2.4	100	17	100	4.18	0	0	0	0	1	1	0	1	1	1	1	1	1	740	740	0	57	40	3.51E-15	-5.29E-08
3734526746	-0.0005	0.0005	198.99	0	-15	2.5	100	17	100	4.18	0	0	0	0	1	1	0	1	1	1	1	1	1	740	740	0	58	45	3.51E-15	-5.72E-08
3734526761	-0.0005	0.0005	198.99	0	-15	2.6	100	17	100	4.18	0	0	0	0	1	1	0	1	1	1	1	1	1	740	740	0	50	43	3.51E-15	-4.69E-08
3734526775	-0.0005	0.0005	198.99	0	-15	2.7	100	17	100	4.18	0	0	0	0	1	1	0	1	1	1	1	1	1	740	740	0	56	50	3.51E-15	-5.00E-08
3734526787	-0.0005	0.0005	198.99	0	-15	2.8	100	17	100	4.18	0	0	0	0	1	1	0	1	1	1	1	1	1	740	740	0	64	47	3.51E-15	-4.82E-08
3734526800	-0.0005	0.0005	198.99	0	-15	2.9	100	17	100	4.18	0	0	0	0	1	1	0	1	1	1	1	1	1	740	740	0	41	28	3.51E-15	-4.35E-08
3734526814	-0.0005	0.0005	198.99	0	-15	3	100	17	100	4.18	0	0	0	0	1	1	0	1	1	1	1	1	1	740	740	0	63	39	3.51E-15	-4.67E-08
3734526828	-0.0005	0.0005	198.99	0	-15	3.1	100	17	100	4.18	0	0	0	0	1	1	0	1	1	1	1	1	1	740	740	0	46	35	3.51E-15	-4.71E-08
3734526842	-0.0005	0.0005	198.99	0	-15	3.2	100	17	100	4.18	0	0	0	0	1	1	0	1	1	1	1	1	1	740	740	0	56	48	3.51E-15	-4.57E-08
3734526856	-0.0005	0.0005	198.99	0	-15	3.3	100	17	100	4.18	0	0	0	0	1	1	0	1	1	1	1	1	1	740	740	0	66	53	3.51E-15	-5.23E-08
3734526869	-0.0005	0.0005	198.99	0	-15	3.4	100	17	100	4.18	0	0	0	0	1	1	0	1	1	1	1	1	1	740	740	0	63	37	3.51E-15	-5.29E-08
3734526883	-0.0005	0.0005	198.99	0	-15	3.5	100	17	100	4.18	0	0	0	0	1	1	0	1	1	1	1	1	1	740	740	0	51	31	3.51E-15	-5.43E-08
3734526897	-0.0005	0.0005	198.99	0	-15	3.6	100	17	100	4.18	0	0	0	0	1	1	0	1	1	1	1	1	1	740	740	0	53	41	3.51E-15	-5.72E-08
3734526911	-0.0005	0.0005	198.99	0	-15	3.7	100	17	100	4.18	0	0	0	0	1	1	0	1	1	1	1	1	1	740	740	0	67	37	3.51E-15	-5.08E-08
3734526924	-0.0005	0.0005	198.99	0	-15	3.8	100	17	100	4.18	0	0	0	0	1	1	0	1	1	1	1	1	1	740	740	0	57	35	3.51E-15	-5.49E-08
3734526937	-0.0005	0.0005	198.99	0	-15	3.9	100	17	100	4.18	0	0	0	0	1	1	0	1	1	1	1	1	1	740	740	0	67	33	3.51E-15	-5.31E-08
3734526950	-0.0005	0.0005	198.99	0	-15	4	100	17	100	4.18	0	0	0	0	1	1	0	1	1	1	1	1	1	740	740	0	59	30	3.51E-15	-5.06E-08
3734526963	-0.0005	0.0005	198.99	0	-15	4.1	100	17	100	4.18	0	0	0	0	1	1	0	1	1	1	1	1	1	740	740	0	56	38	3.51E-15	-5.74E-08
3734526977	-0.0005	0.0005	198.99	0	-15	4.2	100	17	100	4.18	0	0	0	0	1	1	0	1	1	1	1	1	1	740	740	0	43	22	3.51E-15	-5.53E-08
3734526991	-0.0005	0.0005	198.99	0	-15	4.3	100	17	100	4.18	0	0	0	0	1	1	0	1	1	1	1	1	1	740	740	0	42	36	3.51E-15	-4.84E-08
3734527004	-0.0005	0.0005	198.99	0	-15	4.4	100	17	100	4.18	0	0	0	0	1	1	0	1	1	1	1	1	1	740	740	0	51	37	3.51E-15	-5.45E-08
3734527019	-0.0005	0.0005	198.99	0	-15	4.5	100	17	100	4.18	0	0	0	0	1	1	0	1	1	1	1	1	1	740	740	0	42	32	3.51E-15	-4.88E-08
3734527031	-0.0005	0.0005	198.99	0	-15	4.6	100	17	100	4.18	0	0	0	0	1	1	0	1	1	1	1	1	1	740	740	0	64	29	3.51E-15	-5.08E-08
3734527046	-0.0005	0.0005	198.99	0	-15	4.7	100	17	100	4.18	0	0	0	0	1	1	0	1	1	1	1	1	1	740	740	0	49	45	3.51E-15	-5.23E-08
3734527059	-0.0005	0.0005	198.99	0	-15	4.8	100	17	100	4.18	0	0	0	0	1	1	0	1	1	1	1	1	1	740	740	0	60	27	3.51E-15	-4.55E-08
3734527072	-0.0005	0.0005	198.99	0	-15	4.9	100	17	100	4.18	0	0	0	0	1	1	0	1	1	1	1	1	1	740	740	0	50	33	3.51E-15	-4.92E-08
3734527086	-0.0005	0.0005	198.99	0	-15	5	100	17	100	4.18	0	0	0	0	1	1	0	1	1	1	1	1	1	740	740	0	68	38	3.51E-15	-4.71E-08
3734527099	-0.0005	0.0005	198.99	0	-15	5.1	100	17	100	4.18	0	0	0	0	1	1	0	1	1	1	1	1	1	740	740	0	96	73	3.51E-15	-5.43E-08
3734527114	-0.0005	0.0005	198.99	0	-15	5.2	100	17	100	4.18	0	0	0	0	1	1	0	1	1	1	1	1	1	740	740	0	123	90	3.51E-15	-5.08E-08
3734527130	-0.0005	0.0005	198.99	0	-15	5.3	100	17	100	4.18	0	0	0	0	1	1	0	1	1	1	1	1	1	740	740	0	226	166	3.51E-15	-7.02E-08
3734527144	-0.0005	0.0005	198.99	0	-15	5.4	100	17	100	4.18	0	0	0	0	1	1	0	1	1	1	1	1	1	740	740	0	301	279	3.51E-15	-8.82E-08
3734527159	-0.0005	0.0005	198.99	0	-15	5.5	100	17	100	4.18	0	0	0	0	1	1	0	1	1	1	1	1	1	740	740	0	413	387	3.51E-15	-1.36E-07
3734527174	-0.0005	0.0005	198.99	0	-15	5.6	100	17	100	4.18	0	0	0	0	1	1	0	1	1	1	1	1	1	740	740	0	500	530	3.51E-15	-2.56E-07
3734527189	-0.0005	0.0005	198.99	0	-15	5.7	100	17	100	4.18	0	0	0	0	1	1	0	1	1	1	1	1	1	740	740	0	517	577	3.51E-15	-4.76E-07
3734527204	-0.0005	0.0005	198.99	0	-15	5.8	100	17	100	4.18	0	0	0	0	1	1	0	1	1	1	1	1	1	740	740	0	511	568	3.51E-15	-8.61E-07
3734527220	-0.0005	0.0005	198.99	0	-15	5.9	100	17	100	4.18	0	0	0	0	1	1	0	1	1	1	1	1	1	740	740	0	458	680	3.51E-15	-1.37E-06
3734527235	-0.0005	0.0005	198.99	0	-15	6	100	17	100	4.18	0	0	0	0	1	1	0	1	1	1	1	1	1	740	740	0	388	444	3.51E-15	-1.88E-06
3734527250	-0.0005	0.0005	198.99	0	-15	6.1	100	17	100	4.18	0	0	0	0	1	1	0	1	1	1	1	1	1	740	740	0	280	340	3.51E-15	-2.39E-06
3734527265	-0.0005	0.0005	198.99	0	-15	6.2	100	17	100	4.18	0	0	0	0	1	1	0	1	1	1	1	1	1	740	740	0	235	268	3.51E-15	-2.95E-06
3734527280	-0.0005	0.0005	198.99	0	-15	6.3	100	17	100	4.18	0	0	0	0	1	1	0	1	1	1	1	1	1	740	740	0	156	171	3.51E-15	-3.32E-06
3734527294	-0.0005	0.0005	198.99	0	-15	6.4	100	17	100	4.18	0	0	0	0	1	1	0	1	1	1	1	1	1	740	740	0	159	133	3.51E-15	-3.43E-06
3734527309	-0.0005	0.0005	198.99	0	-15	6.5	100	17	100	4.18	0	0	0	0	1	1	0	1	1	1	1	1	1	740	740	0	152	103	3.51E-15	-3.44E-06
3734527323	-0.0005	0.0005	198.99	0	-15	6.6	100	17	100	4.18	0	0	0	0	1	1	0	1	1	1	1	1	1	740	740	0	179	133	3.51E-15	-3.38E-06
3734527338	-0.0005	0.0005	198.99	0	-15	6.7	100	17	100	4.18	0	0	0	0	1	1	0	1	1	1	1	1	1	740	740	0	210	124	3.51E-15	-3.34E-06
3734527351	-0.0005	0.0005	198.99	0	-15	6.8	100	17	100	4.18	0	0	0	0	1	1	0	1	1	1	1	1	1	740	740	0	181	113	3.51E-15	-3.30E-06
3734527366	-0.0005	0.0005	198.99	0	-15	6.9	100	17	100	4.18	0	0	0	0	1	1	0	1	1	1	1	1	1	740	740	0	176	113	3.51E-15	-3.26E-06
3734527380	-0.0005	0.0005	198.99	0	-15	7	100	17	100	4.18	0	0	0	0	1	1	0	1	1	1	1	1	1	740	740	0	178	124	3.51E-15	-3.22E-06
3734527395	-0.0005	0.0005	198.99	0	-15	7.1	100	17	100	4.18	0	0	0	0	1	1	0	1	1	1	1	1	1	740	740	0	161	147	3.51E-15	-3.20E-06
3734527410	-0.0005	0.0005	198.99	0	-15	7.2	100	17	100	4.18	0	0	0	0	1	1	0	1	1	1	1	1	1	740	740	0	213	111	3.51E-15	-3.17E-06
3734527424	-0.0005	0.0005	198.99	0	-15	7.3	100	17	100	4.18	0	0	0	0	1	1	0	1	1	1	1	1	1	740	740	0	190	129	3.51E-15	-3.15E-06
3734527438	-0.0005	0.0005	198.99	0	-15	7.4	100	17	100	4.18	0	0	0	0	1	1	0	1	1	1	1	1	1	740	740	0	207	124	3.51E-15	-3.14E-06
3734527453	-0.0005	0.0005	198.99	0	-15	7.5	100	17	100	4.18	0	0	0	0	1	1	0	1	1	1	1	1	1	740	740	0	200	140	3.51E-15	-3.13E-06
3734527467	-0.0005	0.0005	198.99	0	-15	7.6	100	17	100	4.18	0	0	0	0	1	1	0	1	1	1	1	1	1	740	740	0	203	130	3.51E-15	-3.12E-06
3734527481	-0.0005	0.0005	198.99	0	-15	7.7	100	17	100	4.18	0	0	0	0	1	1	0	1	1	1	1	1	1	740	740	0	179	133	3.51E-15	-3.12E-06
3734527496	-0.0005	0.0005	198.99	0	-15	7.8	100	17	100	4.18	0	0	0	0	1	1	0	1	1	1	1	1	1	740	740	0	181	132	3.51E-15	-3.12E-06
3734527510	-0.0005	0.0005	198.99	0	-15	7.9	100	17	100	4.18	0	0	0	0	1	1	0	1	1	1	1	1	1	740	740	0	181	121	3.51E-15	-3.11E-06
3734527524	-0.0005	0.0005	198.99	0	-15	8	100	17	100	4.18	0	0	0	0	1	1	0	1	1	1	1	1	1	740	740	0	155	106	3.51E-15	-3.12E-06
3734527539	-0.0005	0.0005	198.99	0	-15	8.1	100	17	100	4.18	0	0	0	0	1	1	0	1	1	1	1	1	1	740	740	0	166	121	3.51E-15	-3.14E-06
3734527554	-0.0005	0.0005	198.99	0	-15	8.2	100	17	100	4.18	0	0	0	0	1	1	0	1	1	1	1	1	1	740	740	0	164	123	3.51E-15	-3.16E-06
3734527567	-0.0005	0.0005	198.99	0	-15	8.3	100	17	100	4.18	0	0	0	0	1	1	0	1	1	1	1	1	1	740	740	0	145	88	3.51E-15	-3.19E-06
3734527580	-0.0005	0.0005	198.99	0	-15	8.4	100	17	100	4.18	0	0	0	0	1	1	0	1	1	1	1	1	1	740	740	0	169	112	3.51E-15	-3.22E-06
3734527593	-0.0005	0.0005	198.99	0	-15	8.5	100	17	100	4.18	0	0	0	0	1	1	0	1	1	1	1	1	1	740	740	0	139	106	3.51E-15	-3.27E-06
3734527607	-0.0005	0.0005	198.99	0	-15	8.6	100	17	100	4.18	0	0	0	0	1	1	0	1	1	1	1	1	1	740	740	0	167	103	3.51E-15	-3.32E-06
3734527620	-0.0005	0.0005	198.99	0	-15	8.7	100	17	100	4.18	0	0	0	0	1	1	0	1	1	1	1	1	1	740	740	0	162	99	3.51E-15	-3.39E-06
3734527634	-0.0005	0.0005	198.99	0	-15	8.8	100	17	100	4.18	0	0	0	0	1	1	0	1	1	1	1	1	1	740	740	0	166	86	3.51E-15	-3.48E-06
3734527649	-0.0005	0.0005	198.99	0	-15	8.9	100	17	100	4.18	0	0	0	0	1	1	0	1	1	1	1	1	1	740	740	0	143	84	3.51E-15	-3.57E-06
3734527664	-0.0005	0.0005	198.99	0	-15	9	100	17	100	4.18	0	0	0	0	1	1	0	1	1	1	1	1	1	740	740	0	136	75	3.51E-15	-3.69E-06
3734527678	-0.0005	0.0005	198.99	0	-15	9.1	100	17	100	4.18	0	0	0	0	1	1	0	1	1	1	1	1	1	740	740	0	107	82	3.51E-15	-3.81E-06
3734527691	-0.0005	0.0005	198.99	0	-15	9.2	100	17	100	4.18	0	0	0	0	1	1	0	1	1	1	1	1	1	740	740	0	148	91	3.51E-15	-3.92E-06
3734527705	-0.0005	0.0005	198.99	0	-15	9.3	100	17	100	4.18	0	0	0	0	1	1	0	1	1	1	1	1	1	740	740	0	116	84	3.51E-15	-4.05E-06
3734527719	-0.0005	0.0005	198.99	0	-15	9.4	100	17	100	4.18	0	0	0	0	1	1	0	1	1	1	1	1	1	740	740	0	114	60	3.51E-15	-4.16E-06
3734527732	-0.0005	0.0005	198.99	0	-15	9.5	100	17	100	4.18	0	0	0	0	1	1	0	1	1	1	1	1	1	740	740	0	90	80	3.51E-15	-4.24E-06
3734527746	-0.0005	0.0005	198.99	0	-15	9.6	100	17	100	4.18	0	0	0	0	1	1	0	1	1	1	1	1	1	740	740	0	93	68	3.51E-15	-4.32E-06
3734527760	-0.0005	0.0005	198.99	0	-15	9.7	100	17	100	4.18	0	0	0	0	1	1	0	1	1	1	1	1	1	740	740	0	103	61	3.51E-15	-4.38E-06
3734527774	-0.0005	0.0005	198.99	0	-15	9.8	100	17	100	4.18	0	0	0	0	1	1	0	1	1	1	1	1	1	740	740	0	93	64	3.51E-15	-4.44E-06
3734527787	-0.0005	0.0005	198.99	0	-15	9.9	100	17	100	4.18	0	0	0	0	1	1	0	1	1	1	1	1	1	740	740	0	99	65	3.51E-15	-4.49E-06
3734527801	-0.0005	0.0005	198.99	0	-15	10	100	17	100	4.18	0	0	0	0	1	1	0	1	1	1	1	1	1	740	740	0	99	64	3.51E-15	-4.51E-06
3734527815	-0.0005	0.0005	198.99	0	-15	10.1	100	17	100	4.18	0	0	0	0	1	1	0	1	1	1	1	1	1	740	740	0	106	71	3.51E-15	-4.56E-06
3734527830	-0.0005	0.0005	198.99	0	-15	10.2	100	17	100	4.18	0	0	0	0	1	1	0	1	1	1	1	1	1	740	740	0	76	54	3.51E-15	-4.58E-06
3734527844	-0.0005	0.0005	198.99	0	-15	10.3	100	17	100	4.18	0	0	0	0	1	1	0	1	1	1	1	1	1	740	740	0	60	66	3.51E-15	-4.61E-06
3734527860	-0.0005	0.0005	198.99	0	-15	10.4	100	17	100	4.18	0	0	0	0	1	1	0	1	1	1	1	1	1	740	740	0	83	57	3.51E-15	-4.63E-06
3734527875	-0.0005	0.0005	198.99	0	-15	10.5	100	17	100	4.18	0	0	0	0	1	1	0	1	1	1	1	1	1	740	740	0	84	59	3.51E-15	-4.66E-06
3734527889	-0.0005	0.0005	198.99	0	-15	10.6	100	17	100	4.18	0	0	0	0	1	1	0	1	1	1	1	1	1	740	740	0	70	48	3.51E-15	-4.68E-06
3734527903	-0.0005	0.0005	198.99	0	-15	10.7	100	17	100	4.18	0	0	0	0	1	1	0	1	1	1	1	1	1	740	740	0	85	52	3.51E-15	-4.70E-06
3734527917	-0.0005	0.0005	198.99	0	-15	10.8	100	17	100	4.18	0	0	0	0	1	1	0	1	1	1	1	1	1	740	740	0	70	69	3.51E-15	-4.71E-06
3734527932	-0.0005	0.0005	198.99	0	-15	10.9	100	17	100	4.18	0	0	0	0	1	1	0	1	1	1	1	1	1	740	740	0	111	61	3.51E-15	-4.72E-06
3734527946	-0.0005	0.0005	198.99	0	-15	11	100	17	100	4.18	0	0	0	0	1	1	0	1	1	1	1	1	1	740	740	0	87	69	3.51E-15	-4.74E-06
3734527959	-0.0005	0.0005	198.99	0	-15	11.1	100	17	100	4.18	0	0	0	0	1	1	0	1	1	1	1	1	1	740	740	0	109	104	3.51E-15	-4.76E-06
3734527973	-0.0005	0.0005	198.99	0	-15	11.2	100	17	100	4.18	0	0	0	0	1	1	0	1	1	1	1	1	1	740	740	0	122	130	3.51E-15	-4.77E-06
3734527988	-0.0005	0.0005	198.99	0	-15	11.3	100	17	100	4.18	0	0	0	0	1	1	0	1	1	1	1	1	1	740	740	0	200	216	3.51E-15	-4.78E-06
3734528003	-0.0005	0.0005	198.99	0	-15	11.4	100	17	100	4.18	0	0	0	0	1	1	0	1	1	1	1	1	1	740	740	0	280	338	3.51E-15	-4.80E-06
3734528018	-0.0005	0.0005	198.99	0	-15	11.5	100	17	100	4.18	0	0	0	0	1	1	0	1	1	1	1	1	1	740	740	0	373	451	3.51E-15	-4.80E-06
3734528033	-0.0005	0.0005	198.99	0	-15	11.6	100	17	100	4.18	0	0	0	0	1	1	0	1	1	1	1	1	1	740	740	0	512	567	3.51E-15	-4.81E-06
3734528049	-0.0005	0.0005	198.99	0	-15	11.7	100	17	100	4.18	0	0	0	0	1	1	0	1	1	1	1	1	1	740	740	0	656	614	3.51E-15	-4.82E-06
3734528064	-0.0005	0.0005	198.99	0	-15	11.8	100	17	100	4.18	0	0	0	0	1	1	0	1	1	1	1	1	1	740	740	0	770	661	3.51E-15	-4.84E-06
3734528079	-0.0005	0.0005	198.99	0	-15	11.9	100	17	100	4.18	0	0	0	0	1	1	0	1	1	1	1	1	1	740	740	0	853	545	3.51E-15	-4.85E-06
3734528094	-0.0005	0.0005	198.99	0	-15	12	100	17	100	4.18	0	0	0	0	1	1	0	1	1	1	1	1	1	740	740	0	804	498	3.51E-15	-4.84E-06
3734528109	-0.0005	0.0005	198.99	0	-15	12.1	100	17	100	4.18	0	0	0	0	1	1	0	1	1	1	1	1	1	740	740	0	848	447	3.51E-15	-4.86E-06
3734528125	-0.0005	0.0005	198.99	0	-15	12.2	100	17	100	4.18	0	0	0	0	1	1	0	1	1	1	1	1	1	740	740	0	769	346	3.51E-15	-4.87E-06
3734528140	-0.0005	0.0005	198.99	0	-15	12.3	100	17	100	4.18	0	0	0	0	1	1	0	1	1	1	1	1	1	740	740	0	714	360	3.51E-15	-4.89E-06
3734528155	-0.0005	0.0005	198.99	0	-15	12.4	100	17	100	4.18	0	0	0	0	1	1	0	1	1	1	1	1	1	740	740	0	708	292	3.51E-15	-4.89E-06
3734528170	-0.0005	0.0005	198.99	0	-15	12.5	100	17	100	4.18	0	0	0	0	1	1	0	1	1	1	1	1	1	740	740	0	669	261	3.51E-15	-4.90E-06
3734528185	-0.0005	0.0005	198.99	0	-15	12.6	100	17	100	4.18	0	0	0	0	1	1	0	1	1	1	1	1	1	740	740	0	562	240	3.51E-15	-4.91E-06
3734528200	-0.0005	0.0005	198.99	0	-15	12.7	100	17	100	4.18	0	0	0	0	1	1	0	1	1	1	1	1	1	740	740	0	484	209	3.51E-15	-4.91E-06
3734528214	-0.0005	0.0005	198.99	0	-15	12.8	100	17	100	4.18	0	0	0	0	1	1	0	1	1	1	1	1	1	740	740	0	374	195	3.51E-15	-4.92E-06
3734528229	-0.0005	0.0005	198.99	0	-15	12.9	100	17	100	4.18	0	0	0	0	1	1	0	1	1	1	1	1	1	740	740	0	408	173	3.51E-15	-4.93E-06
3734528244	-0.0005	0.0005	198.99	0	-15	13	100	17	100	4.18	0	0	0	0	1	1	0	1	1	1	1	1	1	740	740	0	322	167	3.51E-15	-4.94E-06
3734528259	-0.0005	0.0005	198.99	0	-15	13.1	100	17	100	4.18	0	0	0	0	1	1	0	1	1	1	1	1	1	740	740	0	314	145	3.51E-15	-4.94E-06
3734528273	-0.0005	0.0005	198.99	0	-15	13.2	100	17	100	4.18	0	0	0	0	1	1	0	1	1	1	1	1	1	740	740	0	277	128	3.51E-15	-4.95E-06
3734528287	-0.0005	0.0005	198.99	0	-15	13.3	100	17	100	4.18	0	0	0	0	1	1	0	1	1	1	1	1	1	740	740	0	271	122	3.51E-15	-4.97E-06
3734528301	-0.0005	0.0005	198.99	0	-15	13.4	100	17	100	4.18	0	0	0	0	1	1	0	1	1	1	1	1	1	740	740	0	215	99	3.51E-15	-4.97E-06
3734528316	-0.0005	0.0005	198.99	0	-15	13.5	100	17	100	4.18	0	0	0	0	1	1	0	1	1	1	1	1	1	740	740	0	204	95	3.51E-15	-4.98E-06
3734528330	-0.0005	0.0005	198.99	0	-15	13.6	100	17	100	4.18	0	0	0	0	1	1	0	1	1	1	1	1	1	740	740	0	198	101	3.51E-15	-4.98E-06
3734528345	-0.0005	0.0005	198.99	0	-15	13.7	100	17	100	4.18	0	0	0	0	1	1	0	1	1	1	1	1	1	740	740	0	183	86	3.51E-15	-4.99E-06
3734528358	-0.0005	0.0005	198.99	0	-15	13.8	100	17	100	4.18	0	0	0	0	1	1	0	1	1	1	1	1	1	740	740	0	186	83	3.51E-15	-5.00E-06
3734528372	-0.0005	0.0005	198.99	0	-15	13.9	100	17	100	4.18	0	0	0	0	1	1	0	1	1	1	1	1	1	740	740	0	177	76	3.51E-15	-5.01E-06
3734528385	-0.0005	0.0005	198.99	0	-15	14	100	17	100	4.18	0	0	0	0	1	1	0	1	1	1	1	1	1	740	740	0	196	79	3.51E-15	-5.01E-06
3734528399	-0.0005	0.0005	198.99	0	-15	14.1	100	17	100	4.18	0	0	0	0	1	1	0	1	1	1	1	1	1	740	740	0	168	80	3.51E-15	-5.02E-06
3734528413	-0.0005	0.0005	198.99	0	-15	14.2	100	17	100	4.18	0	0	0	0	1	1	0	1	1	1	1	1	1	740	740	0	169	90	3.51E-15	-5.03E-06
3734528427	-0.0005	0.0005	198.99	0	-15	14.3	100	17	100	4.18	0	0	0	0	1	1	0	1	1	1	1	1	1	740	740	0	159	83	3.51E-15	-5.03E-06
3734528443	-0.0005	0.0005	198.99	0	-15	14.4	100	17	100	4.18	0	0	0	0	1	1	0	1	1	1	1	1	1	740	740	0	139	82	3.51E-15	-5.03E-06
3734528456	-0.0005	0.0005	198.99	0	-15	14.5	100	17	100	4.18	0	0	0	0	1	1	0	1	1	1	1	1	1	740	740	0	171	87	3.51E-15	-5.04E-06
3734528470	-0.0005	0.0005	198.99	0	-15	14.6	100	17	100	4.18	0	0	0	0	1	1	0	1	1	1	1	1	1	740	740	0	153	85	3.51E-15	-5.06E-06
3734528485	-0.0005	0.0005	198.99	0	-15	14.7	100	17	100	4.18	0	0	0	0	1	1	0	1	1	1	1	1	1	740	740	0	158	88	3.51E-15	-5.06E-06
3734528499	-0.0005	0.0005	198.99	0	-15	14.8	100	17	100	4.18	0	0	0	0	1	1	0	1	1	1	1	1	1	740	740	0	151	76	3.51E-15	-5.07E-06
3734528513	-0.0005	0.0005	198.99	0	-15	14.9	100	17	100	4.18	0	0	0	0	1	1	0	1	1	1	1	1	1	740	740	0	134	80	3.51E-15	-5.07E-06
3734528527	-0.0005	0.0005	198.99	0	-15	15	100	17	100	4.18	0	0	0	0	1	1	0	1	1	1	1	1	1	740	740	0	155	88	3.51E-15	-5.08E-06
3734528542	-0.0005	0.0005	198.99	0	-15	15.1	100	17	100	4.18	0	0	0	0	1	1	0	1	1	1	1	1	1	740	740	0	182	100	3.51E-15	-5.09E-06
3734528556	-0.0005	0.0005	198.99	0	-15	15.2	100	17	100	4.18	0	0	0	0	1	1	0	1	1	1	1	1	1	740	740	0	182	131	3.51E-15	-5.09E-06
3734528571	-0.0005	0.0005	198.99	0	-15	15.3	100	17	100	4.18	0	0	0	0	1	1	0	1	1	1	1	1	1	740	740	0	197	146	3.51E-15	-5.09E-06
3734528586	-0.0005	0.0005	198.99	0	-15	15.4	100	17	100	4.18	0	0	0	0	1	1	0	1	1	1	1	1	1	740	740	0	216	154	3.51E-15	-5.10E-06
3734528600	-0.0005	0.0005	198.99	0	-15	15.5	100	17	100	4.18	0	0	0	0	1	1	0	1	1	1	1	1	1	740	740	0	286	193	3.51E-15	-5.11E-06
3734528615	-0.0005	0.0005	198.99	0	-15	15.6	100	17	100	4.18	0	0	0	0	1	1	0	1	1	1	1	1	1	740	740	0	274	162	3.51E-15	-5.11E-06
3734528630	-0.0005	0.0005	198.99	0	-15	15.7	100	17	100	4.18	0	0	0	0	1	1	0	1	1	1	1	1	1	740	740	0	269	167	3.51E-15	-5.12E-06
3734528645	-0.0005	0.0005	198.99	0	-15	15.8	100	17	100	4.18	0	0	0	0	1	1	0	1	1	1	1	1	1	740	740	0	273	175	3.51E-15	-5.12E-06
3734528659	-0.0005	0.0005	198.99	0	-15	15.9	100	17	100	4.18	0	0	0	0	1	1	0	1	1	1	1	1	1	740	740	0	266	135	3.51E-15	-5.13E-06
3734528674	-0.0005	0.0005	198.99	0	-15	16	100	17	100	4.18	0	0	0	0	1	1	0	1	1	1	1	1	1	740	740	0	298	168	3.51E-15	-5.14E-06
3734528689	-0.0005	0.0005	198.99	0	-15	16.1	100	17	100	4.18	0	0	0	0	1	1	0	1	1	1	1	1	1	740	740	0	299	149	3.51E-15	-5.14E-06
3734528704	-0.0005	0.0005	198.99	0	-15	16.2	100	17	100	4.18	0	0	0	0	1	1	0	1	1	1	1	1	1	740	740	0	285	143	3.51E-15	-5.15E-06
3734528718	-0.0005	0.0005	198.99	0	-15	16.3	100	17	100	4.18	0	0	0	0	1	1	0	1	1	1	1	1	1	740	740	0	272	150	3.51E-15	-5.16E-06
3734528734	-0.0005	0.0005	198.99	0	-15	16.4	100	17	100	4.18	0	0	0	0	1	1	0	1	1	1	1	1	1	740	740	0	311	153	3.51E-15	-5.16E-06
3734528749	-0.0005	0.0005	198.99	0	-15	16.5	100	17	100	4.18	0	0	0	0	1	1	0	1	1	1	1	1	1	740	740	0	308	150	3.51E-15	-5.16E-06
3734528764	-0.0005	0.0005	198.99	0	-15	16.6	100	17	100	4.18	0	0	0	0	1	1	0	1	1	1	1	1	1	740	740	0	304	171	3.51E-15	-5.16E-06
3734528779	-0.0005	0.0005	198.99	0	-15	16.7	100	17	100	4.18	0	0	0	0	1	1	0	1	1	1	1	1	1	740	740	0	261	154	3.51E-15	-5.18E-06
3734528794	-0.0005	0.0005	198.99	0	-15	16.8	100	17	100	4.18	0	0	0	0	1	1	0	1	1	1	1	1	1	740	740	0	289	171	3.51E-15	-5.17E-06
3734528808	-0.0005	0.0005	198.99	0	-15	16.9	100	17	100	4.18	0	0	0	0	1	1	0	1	1	1	1	1	1	740	740	0	294	167	3.51E-15	-5.18E-06
3734528823	-0.0005	0.0005	198.99	0	-15	17	100	17	100	4.18	0	0	0	0	1	1	0	1	1	1	1	1	1	740	740	0	296	179	3.51E-15	-5.18E-06
3734528837	-0.0005	0.0005	198.99	0	-15	17.1	100	17	100	4.18	0	0	0	0	1	1	0	1	1	1	1	1	1	740	740	0	334	171	3.51E-15	-5.19E-06
3734528852	-0.0005	0.0005	198.99	0	-15	17.2	100	17	100	4.18	0	0	0	0	1	1	0	1	1	1	1	1	1	740	740	0	299	180	3.51E-15	-5.20E-06
3734528867	-0.0005	0.0005	198.99	0	-15	17.3	100	17	100	4.18	0	0	0	0	1	1	0	1	1	1	1	1	1	740	740	0	294	197	3.51E-15	-5.21E-06
3734528881	-0.0005	0.0005	198.99	0	-15	17.4	100	17	100	4.18	0	0	0	0	1	1	0	1	1	1	1	1	1	740	740	0	248	167	3.51E-15	-5.21E-06
3734528896	-0.0005	0.0005	198.99	0	-15	17.5	100	17	100	4.18	0	0	0	0	1	1	0	1	1	1	1	1	1	740	740	0	311	163	3.51E-15	-5.21E-06
3734528911	-0.0005	0.0005	198.99	0	-15	17.6	100	17	100	4.18	0	0	0	0	1	1	0	1	1	1	1	1	1	740	740	0	309	166	3.51E-15	-5.22E-06
3734528926	-0.0005	0.0005	198.99	0	-15	17.7	100	17	100	4.18	0	0	0	0	1	1	0	1	1	1	1	1	1	740	740	0	319	180	3.51E-15	-5.22E-06
3734528941	-0.0005	0.0005	198.99	0	-15	17.8	100	17	100	4.18	0	0	0	0	1	1	0	1	1	1	1	1	1	740	740	0	328	177	3.51E-15	-5.22E-06
3734528956	-0.0005	0.0005	198.99	0	-15	17.9	100	17	100	4.18	0	0	0	0	1	1	0	1	1	1	1	1	1	740	740	0	307	177	3.51E-15	-5.23E-06
3734528971	-0.0005	0.0005	198.99	0	-15	18	100	17	100	4.18	0	0	0	0	1	1	0	1	1	1	1	1	1	740	740	0	318	163	3.51E-15	-5.24E-06
3734528986	-0.0005	0.0005	198.99	0	-15	18.1	100	17	100	4.18	0	0	0	0	1	1	0	1	1	1	1	1	1	740	740	0	322	185	3.51E-15	-5.25E-06
3734529001	-0.0005	0.0005	198.99	0	-15	18.2	100	17	100	4.18	0	0	0	0	1	1	0	1	1	1	1	1	1	740	740	0	306	191	3.51E-15	-5.25E-06
3734529016	-0.0005	0.0005	198.99	0	-15	18.3	100	17	100	4.18	0	0	0	0	1	1	0	1	1	1	1	1	1	740	740	0	337	198	3.51E-15	-5.25E-06
3734529030	-0.0005	0.0005	198.99	0	-15	18.4	100	17	100	4.18	0	0	0	0	1	1	0	1	1	1	1	1	1	740	740	0	316	206	3.51E-15	-5.25E-06
3734529045	-0.0005	0.0005	198.99	0	-15	18.5	100	17	100	4.18	0	0	0	0	1	1	0	1	1	1	1	1	1	740	740	0	332	215	3.51E-15	-5.26E-06
3734529059	-0.0005	0.0005	198.99	0	-15	18.6	100	17	100	4.18	0	0	0	0	1	1	0	1	1	1	1	1	1	740	740	0	329	220	3.51E-15	-5.26E-06
3734529074	-0.0005	0.0005	198.99	0	-15	18.7	100	17	100	4.18	0	0	0	0	1	1	0	1	1	1	1	1	1	740	740	0	339	204	3.51E-15	-5.26E-06
3734529089	-0.0005	0.0005	198.99	0	-15	18.8	100	17	100	4.18	0	0	0	0	1	1	0	1	1	1	1	1	1	740	740	0	391	217	3.51E-15	-5.26E-06
3734529104	-0.0005	0.0005	198.99	0	-15	18.9	100	17	100	4.18	0	0	0	0	1	1	0	1	1	1	1	1	1	740	740	0	372	221	3.51E-15	-5.27E-06
3734529119	-0.0005	0.0005	198.99	0	-15	19	100	17	100	4.18	0	0	0	0	1	1	0	1	1	1	1	1	1	740	740	0	362	238	3.51E-15	-5.28E-06
3734529133	-0.0005	0.0005	198.99	0	-15	19.1	100	17	100	4.18	0	0	0	0	1	1	0	1	1	1	1	1	1	740	740	0	353	195	3.51E-15	-5.28E-06
3734529148	-0.0005	0.0005	198.99	0	-15	19.2	100	17	100	4.18	0	0	0	0	1	1	0	1	1	1	1	1	1	740	740	0	345	225	3.51E-15	-5.28E-06
3734529163	-0.0005	0.0005	198.99	0	-15	19.3	100	17	100	4.18	0	0	0	0	1	1	0	1	1	1	1	1	1	740	740	0	387	225	3.51E-15	-5.29E-06
3734529178	-0.0005	0.0005	198.99	0	-15	19.4	100	17	100	4.18	0	0	0	0	1	1	0	1	1	1	1	1	1	740	740	0	369	217	3.51E-15	-5.29E-06
3734529193	-0.0005	0.0005	198.99	0	-15	19.5	100	17	100	4.18	0	0	0	0	1	1	0	1	1	1	1	1	1	740	740	0	381	235	3.51E-15	-5.30E-06
3734529208	-0.0005	0.0005	198.99	0	-15	19.6	100	17	100	4.18	0	0	0	0	1	1	0	1	1	1	1	1	1	740	740	0	378	258	3.51E-15	-5.30E-06
3734529223	-0.0005	0.0005	198.99	0	-15	19.7	100	17	100	4.18	0	0	0	0	1	1	0	1	1	1	1	1	1	740	740	0	407	264	3.51E-15	-5.30E-06
3734529239	-0.0005	0.0005	198.99	0	-15	19.8	100	17	100	4.18	0	0	0	0	1	1	0	1	1	1	1	1	1	740	740	0	369	271	3.51E-15	-5.30E-06
3734529253	-0.0005	0.0005	198.99	0	-15	19.9	100	17	100	4.18	0	0	0	0	1	1	0	1	1	1	1	1	1	740	740	0	395	255	3.51E-15	-5.30E-06
3734529268	-0.0005	0.0005	198.99	0	-15	20	100	17	100	4.18	0	0	0	0	1	1	0	1	1	1	1	1	1	740	740	0	410	274	3.51E-15	-5.31E-06
