#Cu 100 Test 3_14.dat
#5/4/2022 11:39:58 PM
#Preliminary IPES Scan
#Sweep En
#Measure rgm, lgm, 6487
#Timestamp (sec)	X (mm)	Y (mm)	Z (mm)	Theta (deg)	EG Grid (V)	EG Energy (eV)	EG Extraction (V)	EG Focus 1 (V)	EG Focus 2 (V)	EG Filament (V)	EG X1 Alignment (V)	EG X2 Alignment (V)	EG Y1 Alignment (V)	EG Y2 Alignment (V)	6485 Samples	6487 Samples	6487 Voltage (V)	GM2 Dwell Time (s)	GM2 SCA Lower Limit (V)	GM2 SCA Upper Limit (V)	GM1 Dwell Time (s)	GM1 SCA Lower Limit (V)	GM1 SCA Upper Limit (V)	Voltage Supply A (V)	Voltage Supply B (V)	Dummy	GM2 Counts	GM1 Counts	Keithley6485 Current (A)	Keithley6487 Current (A)
#time	xpos	ypos	zpos	theta	grid	en	ext	f1	f2	fil	x1	x2	y1	y2	6485s	6487s	6487v	gm2dw	gm2ll	gm2ul	gm1dw	gm1ll	gm1ul	va	vb	dummy	gm2	gm1	6485c	6487c
3734566812.637525	-0.000500	0.000500	198.990000	0.000000	-15.000000	0.000000	100.000000	17.000000	100.000000	4.180000	0.000000	0.000000	0.000000	0.000000	1	1	0.000000	1.000000	1.000000	1.000000	1.000000	1.000000	1.000000	740.000000	740.000000	0.000000	12.000000	15.000000	-6.018940E-14	-5.020938E-8
3734566825.618874	-0.000500	0.000500	198.990000	0.000000	-15.000000	0.100000	100.000000	17.000000	100.000000	4.180000	0.000000	0.000000	0.000000	0.000000	1	1	0.000000	1.000000	1.000000	1.000000	1.000000	1.000000	1.000000	740.000000	740.000000	0.000000	14.000000	13.000000	-6.018940E-14	-5.020938E-8
3734566838.582693	-0.000500	0.000500	198.990000	0.000000	-15.000000	0.200000	100.000000	17.000000	100.000000	4.180000	0.000000	0.000000	0.000000	0.000000	1	1	0.000000	1.000000	1.000000	1.000000	1.000000	1.000000	1.000000	740.000000	740.000000	0.000000	13.000000	18.000000	-6.018940E-14	-4.857525E-8
3734566851.558830	-0.000500	0.000500	198.990000	0.000000	-15.000000	0.300000	100.000000	17.000000	100.000000	4.180000	0.000000	0.000000	0.000000	0.000000	1	1	0.000000	1.000000	1.000000	1.000000	1.000000	1.000000	1.000000	740.000000	740.000000	0.000000	16.000000	17.000000	-6.018940E-14	-5.143500E-8
3734566864.515756	-0.000500	0.000500	198.990000	0.000000	-15.000000	0.400000	100.000000	17.000000	100.000000	4.180000	0.000000	0.000000	0.000000	0.000000	1	1	0.000000	1.000000	1.000000	1.000000	1.000000	1.000000	1.000000	740.000000	740.000000	0.000000	12.000000	17.000000	-6.018940E-14	-4.857523E-8
3734566877.472799	-0.000500	0.000500	198.990000	0.000000	-15.000000	0.500000	100.000000	17.000000	100.000000	4.180000	0.000000	0.000000	0.000000	0.000000	1	1	0.000000	1.000000	1.000000	1.000000	1.000000	1.000000	1.000000	740.000000	740.000000	0.000000	4.000000	15.000000	-6.018940E-14	-4.591976E-8
3734566890.444775	-0.000500	0.000500	198.990000	0.000000	-15.000000	0.600000	100.000000	17.000000	100.000000	4.180000	0.000000	0.000000	0.000000	0.000000	1	1	0.000000	1.000000	1.000000	1.000000	1.000000	1.000000	1.000000	740.000000	740.000000	0.000000	14.000000	15.000000	-6.018940E-14	-5.000512E-8
3734566903.407929	-0.000500	0.000500	198.990000	0.000000	-15.000000	0.700000	100.000000	17.000000	100.000000	4.180000	0.000000	0.000000	0.000000	0.000000	1	1	0.000000	1.000000	1.000000	1.000000	1.000000	1.000000	1.000000	740.000000	740.000000	0.000000	12.000000	22.000000	-6.018940E-14	-5.000511E-8
3734566916.391233	-0.000500	0.000500	198.990000	0.000000	-15.000000	0.800000	100.000000	17.000000	100.000000	4.180000	0.000000	0.000000	0.000000	0.000000	1	1	0.000000	1.000000	1.000000	1.000000	1.000000	1.000000	1.000000	740.000000	740.000000	0.000000	10.000000	7.000000	-6.018940E-14	-4.530698E-8
3734566929.350401	-0.000500	0.000500	198.990000	0.000000	-15.000000	0.900000	100.000000	17.000000	100.000000	4.180000	0.000000	0.000000	0.000000	0.000000	1	1	0.000000	1.000000	1.000000	1.000000	1.000000	1.000000	1.000000	740.000000	740.000000	0.000000	12.000000	14.000000	-6.018940E-14	-4.796245E-8
3734566942.325609	-0.000500	0.000500	198.990000	0.000000	-15.000000	1.000000	100.000000	17.000000	100.000000	4.180000	0.000000	0.000000	0.000000	0.000000	1	1	0.000000	1.000000	1.000000	1.000000	1.000000	1.000000	1.000000	740.000000	740.000000	0.000000	9.000000	10.000000	-6.018940E-14	-5.347768E-8
3734566955.281707	-0.000500	0.000500	198.990000	0.000000	-15.000000	1.100000	100.000000	17.000000	100.000000	4.180000	0.000000	0.000000	0.000000	0.000000	1	1	0.000000	1.000000	1.000000	1.000000	1.000000	1.000000	1.000000	740.000000	740.000000	0.000000	8.000000	14.000000	-6.018940E-14	-5.511181E-8
3734566968.228057	-0.000500	0.000500	198.990000	0.000000	-15.000000	1.200000	100.000000	17.000000	100.000000	4.180000	0.000000	0.000000	0.000000	0.000000	1	1	0.000000	1.000000	1.000000	1.000000	1.000000	1.000000	1.000000	740.000000	740.000000	0.000000	8.000000	21.000000	-6.018940E-14	-5.225208E-8
3734566981.186882	-0.000500	0.000500	198.990000	0.000000	-15.000000	1.300000	100.000000	17.000000	100.000000	4.180000	0.000000	0.000000	0.000000	0.000000	1	1	0.000000	1.000000	1.000000	1.000000	1.000000	1.000000	1.000000	740.000000	740.000000	0.000000	11.000000	15.000000	-6.018940E-14	-4.244722E-8
3734566994.150966	-0.000500	0.000500	198.990000	0.000000	-15.000000	1.400000	100.000000	17.000000	100.000000	4.180000	0.000000	0.000000	0.000000	0.000000	1	1	0.000000	1.000000	1.000000	1.000000	1.000000	1.000000	1.000000	740.000000	740.000000	0.000000	17.000000	14.000000	-6.018940E-14	-5.204780E-8
3734567007.109377	-0.000500	0.000500	198.990000	0.000000	-15.000000	1.500000	100.000000	17.000000	100.000000	4.180000	0.000000	0.000000	0.000000	0.000000	1	1	0.000000	1.000000	1.000000	1.000000	1.000000	1.000000	1.000000	740.000000	740.000000	0.000000	10.000000	20.000000	-6.018940E-14	-4.040454E-8
3734567020.283267	-0.000500	0.000500	198.990000	0.000000	-15.000000	1.600000	100.000000	17.000000	100.000000	4.180000	0.000000	0.000000	0.000000	0.000000	1	1	0.000000	1.000000	1.000000	1.000000	1.000000	1.000000	1.000000	740.000000	740.000000	0.000000	13.000000	17.000000	-6.018940E-14	-4.959661E-8
3734567033.262321	-0.000500	0.000500	198.990000	0.000000	-15.000000	1.700000	100.000000	17.000000	100.000000	4.180000	0.000000	0.000000	0.000000	0.000000	1	1	0.000000	1.000000	1.000000	1.000000	1.000000	1.000000	1.000000	740.000000	740.000000	0.000000	9.000000	12.000000	-6.018940E-14	-5.266062E-8
3734567046.227578	-0.000500	0.000500	198.990000	0.000000	-15.000000	1.800000	100.000000	17.000000	100.000000	4.180000	0.000000	0.000000	0.000000	0.000000	1	1	0.000000	1.000000	1.000000	1.000000	1.000000	1.000000	1.000000	740.000000	740.000000	0.000000	16.000000	11.000000	-6.018940E-14	-5.061793E-8
3734567059.172360	-0.000500	0.000500	198.990000	0.000000	-15.000000	1.900000	100.000000	17.000000	100.000000	4.180000	0.000000	0.000000	0.000000	0.000000	1	1	0.000000	1.000000	1.000000	1.000000	1.000000	1.000000	1.000000	740.000000	740.000000	0.000000	13.000000	18.000000	-6.018940E-14	-5.592888E-8
3734567072.121144	-0.000500	0.000500	198.990000	0.000000	-15.000000	2.000000	100.000000	17.000000	100.000000	4.180000	0.000000	0.000000	0.000000	0.000000	1	1	0.000000	1.000000	1.000000	1.000000	1.000000	1.000000	1.000000	740.000000	740.000000	0.000000	17.000000	13.000000	-6.018940E-14	-5.020942E-8
3734567085.080783	-0.000500	0.000500	198.990000	0.000000	-15.000000	2.100000	100.000000	17.000000	100.000000	4.180000	0.000000	0.000000	0.000000	0.000000	1	1	0.000000	1.000000	1.000000	1.000000	1.000000	1.000000	1.000000	740.000000	740.000000	0.000000	10.000000	15.000000	-6.018940E-14	-5.000514E-8
3734567098.031586	-0.000500	0.000500	198.990000	0.000000	-15.000000	2.200000	100.000000	17.000000	100.000000	4.180000	0.000000	0.000000	0.000000	0.000000	1	1	0.000000	1.000000	1.000000	1.000000	1.000000	1.000000	1.000000	740.000000	740.000000	0.000000	10.000000	12.000000	-6.018940E-14	-5.286488E-8
3734567111.018963	-0.000500	0.000500	198.990000	0.000000	-15.000000	2.300000	100.000000	17.000000	100.000000	4.180000	0.000000	0.000000	0.000000	0.000000	1	1	0.000000	1.000000	1.000000	1.000000	1.000000	1.000000	1.000000	740.000000	740.000000	0.000000	19.000000	10.000000	-6.018940E-14	-5.000513E-8
3734567123.981789	-0.000500	0.000500	198.990000	0.000000	-15.000000	2.400000	100.000000	17.000000	100.000000	4.180000	0.000000	0.000000	0.000000	0.000000	1	1	0.000000	1.000000	1.000000	1.000000	1.000000	1.000000	1.000000	740.000000	740.000000	0.000000	6.000000	10.000000	-6.018940E-14	-4.714540E-8
3734567136.967586	-0.000500	0.000500	198.990000	0.000000	-15.000000	2.500000	100.000000	17.000000	100.000000	4.180000	0.000000	0.000000	0.000000	0.000000	1	1	0.000000	1.000000	1.000000	1.000000	1.000000	1.000000	1.000000	740.000000	740.000000	0.000000	17.000000	15.000000	-6.018940E-14	-5.327343E-8
3734567149.973716	-0.000500	0.000500	198.990000	0.000000	-15.000000	2.600000	100.000000	17.000000	100.000000	4.180000	0.000000	0.000000	0.000000	0.000000	1	1	0.000000	1.000000	1.000000	1.000000	1.000000	1.000000	1.000000	740.000000	740.000000	0.000000	4.000000	16.000000	-6.018940E-14	-4.612404E-8
3734567162.937220	-0.000500	0.000500	198.990000	0.000000	-15.000000	2.700000	100.000000	17.000000	100.000000	4.180000	0.000000	0.000000	0.000000	0.000000	1	1	0.000000	1.000000	1.000000	1.000000	1.000000	1.000000	1.000000	740.000000	740.000000	0.000000	14.000000	10.000000	-6.018940E-14	-4.612405E-8
3734567175.940527	-0.000500	0.000500	198.990000	0.000000	-15.000000	2.800000	100.000000	17.000000	100.000000	4.180000	0.000000	0.000000	0.000000	0.000000	1	1	0.000000	1.000000	1.000000	1.000000	1.000000	1.000000	1.000000	740.000000	740.000000	0.000000	6.000000	13.000000	-6.018940E-14	-4.571552E-8
3734567188.946565	-0.000500	0.000500	198.990000	0.000000	-15.000000	2.900000	100.000000	17.000000	100.000000	4.180000	0.000000	0.000000	0.000000	0.000000	1	1	0.000000	1.000000	1.000000	1.000000	1.000000	1.000000	1.000000	740.000000	740.000000	0.000000	11.000000	13.000000	-6.018940E-14	-4.939234E-8
3734567201.910633	-0.000500	0.000500	198.990000	0.000000	-15.000000	3.000000	100.000000	17.000000	100.000000	4.180000	0.000000	0.000000	0.000000	0.000000	1	1	0.000000	1.000000	1.000000	1.000000	1.000000	1.000000	1.000000	740.000000	740.000000	0.000000	7.000000	13.000000	-6.018940E-14	-5.429477E-8
3734567214.883130	-0.000500	0.000500	198.990000	0.000000	-15.000000	3.100000	100.000000	17.000000	100.000000	4.180000	0.000000	0.000000	0.000000	0.000000	1	1	0.000000	1.000000	1.000000	1.000000	1.000000	1.000000	1.000000	740.000000	740.000000	0.000000	5.000000	12.000000	-6.018940E-14	-4.898379E-8
3734567227.843405	-0.000500	0.000500	198.990000	0.000000	-15.000000	3.200000	100.000000	17.000000	100.000000	4.180000	0.000000	0.000000	0.000000	0.000000	1	1	0.000000	1.000000	1.000000	1.000000	1.000000	1.000000	1.000000	740.000000	740.000000	0.000000	8.000000	13.000000	-6.018940E-14	-4.326431E-8
3734567240.810200	-0.000500	0.000500	198.990000	0.000000	-15.000000	3.300000	100.000000	17.000000	100.000000	4.180000	0.000000	0.000000	0.000000	0.000000	1	1	0.000000	1.000000	1.000000	1.000000	1.000000	1.000000	1.000000	740.000000	740.000000	0.000000	8.000000	7.000000	-6.018940E-14	-4.980087E-8
3734567253.780988	-0.000500	0.000500	198.990000	0.000000	-15.000000	3.400000	100.000000	17.000000	100.000000	4.180000	0.000000	0.000000	0.000000	0.000000	1	1	0.000000	1.000000	1.000000	1.000000	1.000000	1.000000	1.000000	740.000000	740.000000	0.000000	8.000000	15.000000	-6.018940E-14	-5.184356E-8
3734567266.777848	-0.000500	0.000500	198.990000	0.000000	-15.000000	3.500000	100.000000	17.000000	100.000000	4.180000	0.000000	0.000000	0.000000	0.000000	1	1	0.000000	1.000000	1.000000	1.000000	1.000000	1.000000	1.000000	740.000000	740.000000	0.000000	5.000000	10.000000	-6.018940E-14	-5.123074E-8
3734567279.755733	-0.000500	0.000500	198.990000	0.000000	-15.000000	3.600000	100.000000	17.000000	100.000000	4.180000	0.000000	0.000000	0.000000	0.000000	1	1	0.000000	1.000000	1.000000	1.000000	1.000000	1.000000	1.000000	740.000000	740.000000	0.000000	7.000000	8.000000	-6.018940E-14	-4.775821E-8
3734567292.738516	-0.000500	0.000500	198.990000	0.000000	-15.000000	3.700000	100.000000	17.000000	100.000000	4.180000	0.000000	0.000000	0.000000	0.000000	1	1	0.000000	1.000000	1.000000	1.000000	1.000000	1.000000	1.000000	740.000000	740.000000	0.000000	13.000000	16.000000	-6.018940E-14	-4.816672E-8
3734567305.702429	-0.000500	0.000500	198.990000	0.000000	-15.000000	3.800000	100.000000	17.000000	100.000000	4.180000	0.000000	0.000000	0.000000	0.000000	1	1	0.000000	1.000000	1.000000	1.000000	1.000000	1.000000	1.000000	740.000000	740.000000	0.000000	6.000000	11.000000	-6.018940E-14	-5.613317E-8
3734567318.670015	-0.000500	0.000500	198.990000	0.000000	-15.000000	3.900000	100.000000	17.000000	100.000000	4.180000	0.000000	0.000000	0.000000	0.000000	1	1	0.000000	1.000000	1.000000	1.000000	1.000000	1.000000	1.000000	740.000000	740.000000	0.000000	5.000000	9.000000	-6.018940E-14	-5.409050E-8
3734567331.630075	-0.000500	0.000500	198.990000	0.000000	-15.000000	4.000000	100.000000	17.000000	100.000000	4.180000	0.000000	0.000000	0.000000	0.000000	1	1	0.000000	1.000000	1.000000	1.000000	1.000000	1.000000	1.000000	740.000000	740.000000	0.000000	9.000000	12.000000	-6.018940E-14	-4.714539E-8
3734567344.601547	-0.000500	0.000500	198.990000	0.000000	-15.000000	4.100000	100.000000	17.000000	100.000000	4.180000	0.000000	0.000000	0.000000	0.000000	1	1	0.000000	1.000000	1.000000	1.000000	1.000000	1.000000	1.000000	740.000000	740.000000	0.000000	8.000000	7.000000	-6.018940E-14	-4.877953E-8
3734567357.554018	-0.000500	0.000500	198.990000	0.000000	-15.000000	4.200000	100.000000	17.000000	100.000000	4.180000	0.000000	0.000000	0.000000	0.000000	1	1	0.000000	1.000000	1.000000	1.000000	1.000000	1.000000	1.000000	740.000000	740.000000	0.000000	11.000000	7.000000	-6.018940E-14	-5.184356E-8
3734567370.498096	-0.000500	0.000500	198.990000	0.000000	-15.000000	4.300000	100.000000	17.000000	100.000000	4.180000	0.000000	0.000000	0.000000	0.000000	1	1	0.000000	1.000000	1.000000	1.000000	1.000000	1.000000	1.000000	740.000000	740.000000	0.000000	15.000000	8.000000	-6.018940E-14	-5.531609E-8
3734567383.467558	-0.000500	0.000500	198.990000	0.000000	-15.000000	4.400000	100.000000	17.000000	100.000000	4.180000	0.000000	0.000000	0.000000	0.000000	1	1	0.000000	1.000000	1.000000	1.000000	1.000000	1.000000	1.000000	740.000000	740.000000	0.000000	12.000000	6.000000	-6.018940E-14	-4.939234E-8
3734567396.398533	-0.000500	0.000500	198.990000	0.000000	-15.000000	4.500000	100.000000	17.000000	100.000000	4.180000	0.000000	0.000000	0.000000	0.000000	1	1	0.000000	1.000000	1.000000	1.000000	1.000000	1.000000	1.000000	740.000000	740.000000	0.000000	6.000000	7.000000	-6.018940E-14	-5.735878E-8
3734567409.344821	-0.000500	0.000500	198.990000	0.000000	-15.000000	4.600000	100.000000	17.000000	100.000000	4.180000	0.000000	0.000000	0.000000	0.000000	1	1	0.000000	1.000000	1.000000	1.000000	1.000000	1.000000	1.000000	740.000000	740.000000	0.000000	11.000000	12.000000	-6.018940E-14	-4.898382E-8
3734567422.334713	-0.000500	0.000500	198.990000	0.000000	-15.000000	4.700000	100.000000	17.000000	100.000000	4.180000	0.000000	0.000000	0.000000	0.000000	1	1	0.000000	1.000000	1.000000	1.000000	1.000000	1.000000	1.000000	740.000000	740.000000	0.000000	6.000000	6.000000	-6.018940E-14	-5.858440E-8
3734567435.362545	-0.000500	0.000500	198.990000	0.000000	-15.000000	4.800000	100.000000	17.000000	100.000000	4.180000	0.000000	0.000000	0.000000	0.000000	1	1	0.000000	1.000000	1.000000	1.000000	1.000000	1.000000	1.000000	740.000000	740.000000	0.000000	6.000000	10.000000	-6.018940E-14	-5.838015E-8
3734567448.329982	-0.000500	0.000500	198.990000	0.000000	-15.000000	4.900000	100.000000	17.000000	100.000000	4.180000	0.000000	0.000000	0.000000	0.000000	1	1	0.000000	1.000000	1.000000	1.000000	1.000000	1.000000	1.000000	740.000000	740.000000	0.000000	11.000000	9.000000	-6.018940E-14	-5.490759E-8
3734567461.334320	-0.000500	0.000500	198.990000	0.000000	-15.000000	5.000000	100.000000	17.000000	100.000000	4.180000	0.000000	0.000000	0.000000	0.000000	1	1	0.000000	1.000000	1.000000	1.000000	1.000000	1.000000	1.000000	740.000000	740.000000	0.000000	11.000000	11.000000	-6.018940E-14	-5.654171E-8
3734567474.325850	-0.000500	0.000500	198.990000	0.000000	-15.000000	5.100000	100.000000	17.000000	100.000000	4.180000	0.000000	0.000000	0.000000	0.000000	1	1	0.000000	1.000000	1.000000	1.000000	1.000000	1.000000	1.000000	740.000000	740.000000	0.000000	11.000000	10.000000	-6.018940E-14	-5.347770E-8
3734567487.285065	-0.000500	0.000500	198.990000	0.000000	-15.000000	5.200000	100.000000	17.000000	100.000000	4.180000	0.000000	0.000000	0.000000	0.000000	1	1	0.000000	1.000000	1.000000	1.000000	1.000000	1.000000	1.000000	740.000000	740.000000	0.000000	18.000000	24.000000	-6.018940E-14	-5.817584E-8
3734567500.809577	-0.000500	0.000500	198.990000	0.000000	-15.000000	5.300000	100.000000	17.000000	100.000000	4.180000	0.000000	0.000000	0.000000	0.000000	1	1	0.000000	1.000000	1.000000	1.000000	1.000000	1.000000	1.000000	740.000000	740.000000	0.000000	36.000000	44.000000	-6.018940E-14	-6.757218E-8
3734567515.669442	-0.000500	0.000500	198.990000	0.000000	-15.000000	5.400000	100.000000	17.000000	100.000000	4.180000	0.000000	0.000000	0.000000	0.000000	1	1	0.000000	1.000000	1.000000	1.000000	1.000000	1.000000	1.000000	740.000000	740.000000	0.000000	45.000000	43.000000	-6.018940E-14	-7.594718E-8
3734567529.451415	-0.000500	0.000500	198.990000	0.000000	-15.000000	5.500000	100.000000	17.000000	100.000000	4.180000	0.000000	0.000000	0.000000	0.000000	1	1	0.000000	1.000000	1.000000	1.000000	1.000000	1.000000	1.000000	740.000000	740.000000	0.000000	74.000000	84.000000	-6.018940E-14	-1.225202E-7
3734567543.759427	-0.000500	0.000500	198.990000	0.000000	-15.000000	5.600000	100.000000	17.000000	100.000000	4.180000	0.000000	0.000000	0.000000	0.000000	1	1	0.000000	1.000000	1.000000	1.000000	1.000000	1.000000	1.000000	740.000000	740.000000	0.000000	74.000000	141.000000	-6.018940E-14	-2.234285E-7
3734567557.802497	-0.000500	0.000500	198.990000	0.000000	-15.000000	5.700000	100.000000	17.000000	100.000000	4.180000	0.000000	0.000000	0.000000	0.000000	1	1	0.000000	1.000000	1.000000	1.000000	1.000000	1.000000	1.000000	740.000000	740.000000	0.000000	109.000000	166.000000	-6.018940E-14	-4.283092E-7
3734567572.126713	-0.000500	0.000500	198.990000	0.000000	-15.000000	5.800000	100.000000	17.000000	100.000000	4.180000	0.000000	0.000000	0.000000	0.000000	1	1	0.000000	1.000000	1.000000	1.000000	1.000000	1.000000	1.000000	740.000000	740.000000	0.000000	105.000000	196.000000	-6.018940E-14	-8.145796E-7
3734567586.613164	-0.000500	0.000500	198.990000	0.000000	-15.000000	5.900000	100.000000	17.000000	100.000000	4.180000	0.000000	0.000000	0.000000	0.000000	1	1	0.000000	1.000000	1.000000	1.000000	1.000000	1.000000	1.000000	740.000000	740.000000	0.000000	105.000000	204.000000	-6.018940E-14	-1.418191E-6
3734567600.344180	-0.000500	0.000500	198.990000	0.000000	-15.000000	6.000000	100.000000	17.000000	100.000000	4.180000	0.000000	0.000000	0.000000	0.000000	1	1	0.000000	1.000000	1.000000	1.000000	1.000000	1.000000	1.000000	740.000000	740.000000	0.000000	95.000000	165.000000	-6.018940E-14	-2.085534E-6
3734567614.101834	-0.000500	0.000500	198.990000	0.000000	-15.000000	6.100000	100.000000	17.000000	100.000000	4.180000	0.000000	0.000000	0.000000	0.000000	1	1	0.000000	1.000000	1.000000	1.000000	1.000000	1.000000	1.000000	740.000000	740.000000	0.000000	56.000000	157.000000	-6.018940E-14	-2.759005E-6
3734567628.679256	-0.000500	0.000500	198.990000	0.000000	-15.000000	6.200000	100.000000	17.000000	100.000000	4.180000	0.000000	0.000000	0.000000	0.000000	1	1	0.000000	1.000000	1.000000	1.000000	1.000000	1.000000	1.000000	740.000000	740.000000	0.000000	65.000000	111.000000	-6.018940E-14	-3.435949E-6
3734567643.794547	-0.000500	0.000500	198.990000	0.000000	-15.000000	6.300000	100.000000	17.000000	100.000000	4.180000	0.000000	0.000000	0.000000	0.000000	1	1	0.000000	1.000000	1.000000	1.000000	1.000000	1.000000	1.000000	740.000000	740.000000	0.000000	36.000000	81.000000	-6.018940E-14	-3.977259E-6
3734567656.824670	-0.000500	0.000500	198.990000	0.000000	-15.000000	6.400000	100.000000	17.000000	100.000000	4.180000	0.000000	0.000000	0.000000	0.000000	1	1	0.000000	1.000000	1.000000	1.000000	1.000000	1.000000	1.000000	740.000000	740.000000	0.000000	42.000000	52.000000	-6.018940E-14	-4.178461E-6
3734567670.641301	-0.000500	0.000500	198.990000	0.000000	-15.000000	6.500000	100.000000	17.000000	100.000000	4.180000	0.000000	0.000000	0.000000	0.000000	1	1	0.000000	1.000000	1.000000	1.000000	1.000000	1.000000	1.000000	740.000000	740.000000	0.000000	27.000000	36.000000	-6.018940E-14	-4.193783E-6
3734567684.481966	-0.000500	0.000500	198.990000	0.000000	-15.000000	6.600000	100.000000	17.000000	100.000000	4.180000	0.000000	0.000000	0.000000	0.000000	1	1	0.000000	1.000000	1.000000	1.000000	1.000000	1.000000	1.000000	740.000000	740.000000	0.000000	34.000000	44.000000	-6.018940E-14	-4.143940E-6
3734567697.161375	-0.000500	0.000500	198.990000	0.000000	-15.000000	6.700000	100.000000	17.000000	100.000000	4.180000	0.000000	0.000000	0.000000	0.000000	1	1	0.000000	1.000000	1.000000	1.000000	1.000000	1.000000	1.000000	740.000000	740.000000	0.000000	42.000000	53.000000	-6.018940E-14	-4.080619E-6
3734567710.439775	-0.000500	0.000500	198.990000	0.000000	-15.000000	6.800000	100.000000	17.000000	100.000000	4.180000	0.000000	0.000000	0.000000	0.000000	1	1	0.000000	1.000000	1.000000	1.000000	1.000000	1.000000	1.000000	740.000000	740.000000	0.000000	50.000000	46.000000	-6.018940E-14	-4.023220E-6
3734567723.187756	-0.000500	0.000500	198.990000	0.000000	-15.000000	6.900000	100.000000	17.000000	100.000000	4.180000	0.000000	0.000000	0.000000	0.000000	1	1	0.000000	1.000000	1.000000	1.000000	1.000000	1.000000	1.000000	740.000000	740.000000	0.000000	46.000000	51.000000	-6.018940E-14	-3.974194E-6
3734567738.208627	-0.000500	0.000500	198.990000	0.000000	-15.000000	7.000000	100.000000	17.000000	100.000000	4.180000	0.000000	0.000000	0.000000	0.000000	1	1	0.000000	1.000000	1.000000	1.000000	1.000000	1.000000	1.000000	740.000000	740.000000	0.000000	38.000000	68.000000	-6.018940E-14	-3.931504E-6
3734567752.121882	-0.000500	0.000500	198.990000	0.000000	-15.000000	7.100000	100.000000	17.000000	100.000000	4.180000	0.000000	0.000000	0.000000	0.000000	1	1	0.000000	1.000000	1.000000	1.000000	1.000000	1.000000	1.000000	740.000000	740.000000	0.000000	52.000000	52.000000	-6.018940E-14	-3.888811E-6
3734567765.977190	-0.000500	0.000500	198.990000	0.000000	-15.000000	7.200000	100.000000	17.000000	100.000000	4.180000	0.000000	0.000000	0.000000	0.000000	1	1	0.000000	1.000000	1.000000	1.000000	1.000000	1.000000	1.000000	740.000000	740.000000	0.000000	53.000000	50.000000	-6.018940E-14	-3.865523E-6
3734567780.592094	-0.000500	0.000500	198.990000	0.000000	-15.000000	7.300000	100.000000	17.000000	100.000000	4.180000	0.000000	0.000000	0.000000	0.000000	1	1	0.000000	1.000000	1.000000	1.000000	1.000000	1.000000	1.000000	740.000000	740.000000	0.000000	48.000000	65.000000	-6.018940E-14	-3.834884E-6
3734567795.942970	-0.000500	0.000500	198.990000	0.000000	-15.000000	7.400000	100.000000	17.000000	100.000000	4.180000	0.000000	0.000000	0.000000	0.000000	1	1	0.000000	1.000000	1.000000	1.000000	1.000000	1.000000	1.000000	740.000000	740.000000	0.000000	54.000000	57.000000	-6.018940E-14	-3.819155E-6
3734567808.536112	-0.000500	0.000500	198.990000	0.000000	-15.000000	7.500000	100.000000	17.000000	100.000000	4.180000	0.000000	0.000000	0.000000	0.000000	1	1	0.000000	1.000000	1.000000	1.000000	1.000000	1.000000	1.000000	740.000000	740.000000	0.000000	45.000000	40.000000	-6.018940E-14	-3.796890E-6
3734567821.458899	-0.000500	0.000500	198.990000	0.000000	-15.000000	7.600000	100.000000	17.000000	100.000000	4.180000	0.000000	0.000000	0.000000	0.000000	1	1	0.000000	1.000000	1.000000	1.000000	1.000000	1.000000	1.000000	740.000000	740.000000	0.000000	43.000000	55.000000	-6.018940E-14	-3.793417E-6
3734567835.564842	-0.000500	0.000500	198.990000	0.000000	-15.000000	7.700000	100.000000	17.000000	100.000000	4.180000	0.000000	0.000000	0.000000	0.000000	1	1	0.000000	1.000000	1.000000	1.000000	1.000000	1.000000	1.000000	740.000000	740.000000	0.000000	45.000000	48.000000	-6.018940E-14	-3.782387E-6
3734567849.824261	-0.000500	0.000500	198.990000	0.000000	-15.000000	7.800000	100.000000	17.000000	100.000000	4.180000	0.000000	0.000000	0.000000	0.000000	1	1	0.000000	1.000000	1.000000	1.000000	1.000000	1.000000	1.000000	740.000000	740.000000	0.000000	59.000000	47.000000	-6.018940E-14	-3.782183E-6
3734567863.794843	-0.000500	0.000500	198.990000	0.000000	-15.000000	7.900000	100.000000	17.000000	100.000000	4.180000	0.000000	0.000000	0.000000	0.000000	1	1	0.000000	1.000000	1.000000	1.000000	1.000000	1.000000	1.000000	740.000000	740.000000	0.000000	48.000000	48.000000	-6.018940E-14	-3.788720E-6
3734567878.635885	-0.000500	0.000500	198.990000	0.000000	-15.000000	8.000000	100.000000	17.000000	100.000000	4.180000	0.000000	0.000000	0.000000	0.000000	1	1	0.000000	1.000000	1.000000	1.000000	1.000000	1.000000	1.000000	740.000000	740.000000	0.000000	42.000000	60.000000	-6.018940E-14	-3.795460E-6
3734567892.410872	-0.000500	0.000500	198.990000	0.000000	-15.000000	8.100000	100.000000	17.000000	100.000000	4.180000	0.000000	0.000000	0.000000	0.000000	1	1	0.000000	1.000000	1.000000	1.000000	1.000000	1.000000	1.000000	740.000000	740.000000	0.000000	44.000000	49.000000	-6.018940E-14	-3.816295E-6
3734567905.979237	-0.000500	0.000500	198.990000	0.000000	-15.000000	8.200000	100.000000	17.000000	100.000000	4.180000	0.000000	0.000000	0.000000	0.000000	1	1	0.000000	1.000000	1.000000	1.000000	1.000000	1.000000	1.000000	740.000000	740.000000	0.000000	51.000000	126.000000	-6.018940E-14	-3.826304E-6
3734567919.772094	-0.000500	0.000500	198.990000	0.000000	-15.000000	8.300000	100.000000	17.000000	100.000000	4.180000	0.000000	0.000000	0.000000	0.000000	1	1	0.000000	1.000000	1.000000	1.000000	1.000000	1.000000	1.000000	740.000000	740.000000	0.000000	61.000000	54.000000	-6.018940E-14	-3.865932E-6
3734567932.127339	-0.000500	0.000500	198.990000	0.000000	-15.000000	8.400000	100.000000	17.000000	100.000000	4.180000	0.000000	0.000000	0.000000	0.000000	1	1	0.000000	1.000000	1.000000	1.000000	1.000000	1.000000	1.000000	740.000000	740.000000	0.000000	47.000000	52.000000	-6.018940E-14	-3.909237E-6
3734567945.518959	-0.000500	0.000500	198.990000	0.000000	-15.000000	8.500000	100.000000	17.000000	100.000000	4.180000	0.000000	0.000000	0.000000	0.000000	1	1	0.000000	1.000000	1.000000	1.000000	1.000000	1.000000	1.000000	740.000000	740.000000	0.000000	46.000000	39.000000	-6.018940E-14	-3.952747E-6
3734567958.795162	-0.000500	0.000500	198.990000	0.000000	-15.000000	8.600000	100.000000	17.000000	100.000000	4.180000	0.000000	0.000000	0.000000	0.000000	1	1	0.000000	1.000000	1.000000	1.000000	1.000000	1.000000	1.000000	740.000000	740.000000	0.000000	68.000000	39.000000	-6.018940E-14	-4.015253E-6
3734567971.598367	-0.000500	0.000500	198.990000	0.000000	-15.000000	8.700000	100.000000	17.000000	100.000000	4.180000	0.000000	0.000000	0.000000	0.000000	1	1	0.000000	1.000000	1.000000	1.000000	1.000000	1.000000	1.000000	740.000000	740.000000	0.000000	47.000000	38.000000	-6.018940E-14	-4.093692E-6
3734567985.249282	-0.000500	0.000500	198.990000	0.000000	-15.000000	8.800000	100.000000	17.000000	100.000000	4.180000	0.000000	0.000000	0.000000	0.000000	1	1	0.000000	1.000000	1.000000	1.000000	1.000000	1.000000	1.000000	740.000000	740.000000	0.000000	47.000000	49.000000	-6.018940E-14	-4.179892E-6
3734567998.873253	-0.000500	0.000500	198.990000	0.000000	-15.000000	8.900000	100.000000	17.000000	100.000000	4.180000	0.000000	0.000000	0.000000	0.000000	1	1	0.000000	1.000000	1.000000	1.000000	1.000000	1.000000	1.000000	740.000000	740.000000	0.000000	42.000000	39.000000	-6.018940E-14	-4.290198E-6
3734568012.849435	-0.000500	0.000500	198.990000	0.000000	-15.000000	9.000000	100.000000	17.000000	100.000000	4.180000	0.000000	0.000000	0.000000	0.000000	1	1	0.000000	1.000000	1.000000	1.000000	1.000000	1.000000	1.000000	740.000000	740.000000	0.000000	38.000000	45.000000	-6.018940E-14	-4.418682E-6
3734568027.753343	-0.000500	0.000500	198.990000	0.000000	-15.000000	9.100000	100.000000	17.000000	100.000000	4.180000	0.000000	0.000000	0.000000	0.000000	1	1	0.000000	1.000000	1.000000	1.000000	1.000000	1.000000	1.000000	740.000000	740.000000	0.000000	36.000000	37.000000	-6.018940E-14	-4.545532E-6
3734568041.492826	-0.000500	0.000500	198.990000	0.000000	-15.000000	9.200000	100.000000	17.000000	100.000000	4.180000	0.000000	0.000000	0.000000	0.000000	1	1	0.000000	1.000000	1.000000	1.000000	1.000000	1.000000	1.000000	740.000000	740.000000	0.000000	31.000000	33.000000	-6.018940E-14	-4.688725E-6
3734568054.469954	-0.000500	0.000500	198.990000	0.000000	-15.000000	9.300000	100.000000	17.000000	100.000000	4.180000	0.000000	0.000000	0.000000	0.000000	1	1	0.000000	1.000000	1.000000	1.000000	1.000000	1.000000	1.000000	740.000000	740.000000	0.000000	37.000000	28.000000	-6.018940E-14	-4.822723E-6
3734568067.438941	-0.000500	0.000500	198.990000	0.000000	-15.000000	9.400000	100.000000	17.000000	100.000000	4.180000	0.000000	0.000000	0.000000	0.000000	1	1	0.000000	1.000000	1.000000	1.000000	1.000000	1.000000	1.000000	740.000000	740.000000	0.000000	25.000000	30.000000	-6.018940E-14	-4.947939E-6
3734568083.895889	-0.000500	0.000500	198.990000	0.000000	-15.000000	9.500000	100.000000	17.000000	100.000000	4.180000	0.000000	0.000000	0.000000	0.000000	1	1	0.000000	1.000000	1.000000	1.000000	1.000000	1.000000	1.000000	740.000000	740.000000	0.000000	34.000000	36.000000	-6.018940E-14	-5.050482E-6
3734568096.836185	-0.000500	0.000500	198.990000	0.000000	-15.000000	9.600000	100.000000	17.000000	100.000000	4.180000	0.000000	0.000000	0.000000	0.000000	1	1	0.000000	1.000000	1.000000	1.000000	1.000000	1.000000	1.000000	740.000000	740.000000	0.000000	23.000000	34.000000	-6.018940E-14	-5.125653E-6
3734568111.759904	-0.000500	0.000500	198.990000	0.000000	-15.000000	9.700000	100.000000	17.000000	100.000000	4.180000	0.000000	0.000000	0.000000	0.000000	1	1	0.000000	1.000000	1.000000	1.000000	1.000000	1.000000	1.000000	740.000000	740.000000	0.000000	35.000000	37.000000	-6.018940E-14	-5.196330E-6
3734568124.710905	-0.000500	0.000500	198.990000	0.000000	-15.000000	9.800000	100.000000	17.000000	100.000000	4.180000	0.000000	0.000000	0.000000	0.000000	1	1	0.000000	1.000000	1.000000	1.000000	1.000000	1.000000	1.000000	740.000000	740.000000	0.000000	32.000000	29.000000	-6.018940E-14	-5.258426E-6
3734568137.698197	-0.000500	0.000500	198.990000	0.000000	-15.000000	9.900000	100.000000	17.000000	100.000000	4.180000	0.000000	0.000000	0.000000	0.000000	1	1	0.000000	1.000000	1.000000	1.000000	1.000000	1.000000	1.000000	740.000000	740.000000	0.000000	27.000000	28.000000	-6.018940E-14	-5.315827E-6
3734568150.670520	-0.000500	0.000500	198.990000	0.000000	-15.000000	10.000000	100.000000	17.000000	100.000000	4.180000	0.000000	0.000000	0.000000	0.000000	1	1	0.000000	1.000000	1.000000	1.000000	1.000000	1.000000	1.000000	740.000000	740.000000	0.000000	23.000000	23.000000	-6.018940E-14	-5.354228E-6
3734568163.685860	-0.000500	0.000500	198.990000	0.000000	-15.000000	10.100000	100.000000	17.000000	100.000000	4.180000	0.000000	0.000000	0.000000	0.000000	1	1	0.000000	1.000000	1.000000	1.000000	1.000000	1.000000	1.000000	740.000000	740.000000	0.000000	36.000000	30.000000	-6.018940E-14	-5.394469E-6
3734568176.643346	-0.000500	0.000500	198.990000	0.000000	-15.000000	10.200000	100.000000	17.000000	100.000000	4.180000	0.000000	0.000000	0.000000	0.000000	1	1	0.000000	1.000000	1.000000	1.000000	1.000000	1.000000	1.000000	740.000000	740.000000	0.000000	21.000000	29.000000	-6.018940E-14	-5.426333E-6
3734568189.581256	-0.000500	0.000500	198.990000	0.000000	-15.000000	10.300000	100.000000	17.000000	100.000000	4.180000	0.000000	0.000000	0.000000	0.000000	1	1	0.000000	1.000000	1.000000	1.000000	1.000000	1.000000	1.000000	740.000000	740.000000	0.000000	30.000000	31.000000	-6.018940E-14	-5.452483E-6
3734568202.598053	-0.000500	0.000500	198.990000	0.000000	-15.000000	10.400000	100.000000	17.000000	100.000000	4.180000	0.000000	0.000000	0.000000	0.000000	1	1	0.000000	1.000000	1.000000	1.000000	1.000000	1.000000	1.000000	740.000000	740.000000	0.000000	20.000000	33.000000	-6.018940E-14	-5.482714E-6
3734568215.568338	-0.000500	0.000500	198.990000	0.000000	-15.000000	10.500000	100.000000	17.000000	100.000000	4.180000	0.000000	0.000000	0.000000	0.000000	1	1	0.000000	1.000000	1.000000	1.000000	1.000000	1.000000	1.000000	740.000000	740.000000	0.000000	17.000000	38.000000	-6.018940E-14	-5.506817E-6
3734568228.531482	-0.000500	0.000500	198.990000	0.000000	-15.000000	10.600000	100.000000	17.000000	100.000000	4.180000	0.000000	0.000000	0.000000	0.000000	1	1	0.000000	1.000000	1.000000	1.000000	1.000000	1.000000	1.000000	740.000000	740.000000	0.000000	35.000000	22.000000	-6.018940E-14	-5.524181E-6
3734568241.480626	-0.000500	0.000500	198.990000	0.000000	-15.000000	10.700000	100.000000	17.000000	100.000000	4.180000	0.000000	0.000000	0.000000	0.000000	1	1	0.000000	1.000000	1.000000	1.000000	1.000000	1.000000	1.000000	740.000000	740.000000	0.000000	27.000000	34.000000	-6.018940E-14	-5.551550E-6
3734568254.479048	-0.000500	0.000500	198.990000	0.000000	-15.000000	10.800000	100.000000	17.000000	100.000000	4.180000	0.000000	0.000000	0.000000	0.000000	1	1	0.000000	1.000000	1.000000	1.000000	1.000000	1.000000	1.000000	740.000000	740.000000	0.000000	24.000000	22.000000	-6.018940E-14	-5.558089E-6
3734568267.431273	-0.000500	0.000500	198.990000	0.000000	-15.000000	10.900000	100.000000	17.000000	100.000000	4.180000	0.000000	0.000000	0.000000	0.000000	1	1	0.000000	1.000000	1.000000	1.000000	1.000000	1.000000	1.000000	740.000000	740.000000	0.000000	27.000000	34.000000	-6.018940E-14	-5.579537E-6
3734568280.380375	-0.000500	0.000500	198.990000	0.000000	-15.000000	11.000000	100.000000	17.000000	100.000000	4.180000	0.000000	0.000000	0.000000	0.000000	1	1	0.000000	1.000000	1.000000	1.000000	1.000000	1.000000	1.000000	740.000000	740.000000	0.000000	26.000000	32.000000	-6.018940E-14	-5.589546E-6
3734568293.352207	-0.000500	0.000500	198.990000	0.000000	-15.000000	11.100000	100.000000	17.000000	100.000000	4.180000	0.000000	0.000000	0.000000	0.000000	1	1	0.000000	1.000000	1.000000	1.000000	1.000000	1.000000	1.000000	740.000000	740.000000	0.000000	22.000000	33.000000	-6.018940E-14	-5.601190E-6
3734568306.750226	-0.000500	0.000500	198.990000	0.000000	-15.000000	11.200000	100.000000	17.000000	100.000000	4.180000	0.000000	0.000000	0.000000	0.000000	1	1	0.000000	1.000000	1.000000	1.000000	1.000000	1.000000	1.000000	740.000000	740.000000	0.000000	43.000000	59.000000	-6.018940E-14	-5.619368E-6
3734568320.221387	-0.000500	0.000500	198.990000	0.000000	-15.000000	11.300000	100.000000	17.000000	100.000000	4.180000	0.000000	0.000000	0.000000	0.000000	1	1	0.000000	1.000000	1.000000	1.000000	1.000000	1.000000	1.000000	740.000000	740.000000	0.000000	66.000000	107.000000	-6.018940E-14	-5.632852E-6
3734568333.896153	-0.000500	0.000500	198.990000	0.000000	-15.000000	11.400000	100.000000	17.000000	100.000000	4.180000	0.000000	0.000000	0.000000	0.000000	1	1	0.000000	1.000000	1.000000	1.000000	1.000000	1.000000	1.000000	740.000000	740.000000	0.000000	93.000000	177.000000	-6.018940E-14	-5.645923E-6
3734568350.274921	-0.000500	0.000500	198.990000	0.000000	-15.000000	11.500000	100.000000	17.000000	100.000000	4.180000	0.000000	0.000000	0.000000	0.000000	1	1	0.000000	1.000000	1.000000	1.000000	1.000000	1.000000	1.000000	740.000000	740.000000	0.000000	142.000000	214.000000	-6.018940E-14	-5.660427E-6
3734568363.771327	-0.000500	0.000500	198.990000	0.000000	-15.000000	11.600000	100.000000	17.000000	100.000000	4.180000	0.000000	0.000000	0.000000	0.000000	1	1	0.000000	1.000000	1.000000	1.000000	1.000000	1.000000	1.000000	740.000000	740.000000	0.000000	213.000000	304.000000	-6.018940E-14	-5.669413E-6
3734568378.552493	-0.000500	0.000500	198.990000	0.000000	-15.000000	11.700000	100.000000	17.000000	100.000000	4.180000	0.000000	0.000000	0.000000	0.000000	1	1	0.000000	1.000000	1.000000	1.000000	1.000000	1.000000	1.000000	740.000000	740.000000	0.000000	248.000000	354.000000	-6.018940E-14	-5.686162E-6
3734568393.855482	-0.000500	0.000500	198.990000	0.000000	-15.000000	11.800000	100.000000	17.000000	100.000000	4.180000	0.000000	0.000000	0.000000	0.000000	1	1	0.000000	1.000000	1.000000	1.000000	1.000000	1.000000	1.000000	740.000000	740.000000	0.000000	277.000000	347.000000	-6.018940E-14	-5.692089E-6
3734568408.832478	-0.000500	0.000500	198.990000	0.000000	-15.000000	11.900000	100.000000	17.000000	100.000000	4.180000	0.000000	0.000000	0.000000	0.000000	1	1	0.000000	1.000000	1.000000	1.000000	1.000000	1.000000	1.000000	740.000000	740.000000	0.000000	288.000000	279.000000	-6.018940E-14	-5.708633E-6
3734568423.477312	-0.000500	0.000500	198.990000	0.000000	-15.000000	12.000000	100.000000	17.000000	100.000000	4.180000	0.000000	0.000000	0.000000	0.000000	1	1	0.000000	1.000000	1.000000	1.000000	1.000000	1.000000	1.000000	740.000000	740.000000	0.000000	259.000000	286.000000	-6.018940E-14	-5.711492E-6
3734568438.211954	-0.000500	0.000500	198.990000	0.000000	-15.000000	12.100000	100.000000	17.000000	100.000000	4.180000	0.000000	0.000000	0.000000	0.000000	1	1	0.000000	1.000000	1.000000	1.000000	1.000000	1.000000	1.000000	740.000000	740.000000	0.000000	289.000000	242.000000	-6.018940E-14	-5.726404E-6
3734568453.043338	-0.000500	0.000500	198.990000	0.000000	-15.000000	12.200000	100.000000	17.000000	100.000000	4.180000	0.000000	0.000000	0.000000	0.000000	1	1	0.000000	1.000000	1.000000	1.000000	1.000000	1.000000	1.000000	740.000000	740.000000	0.000000	254.000000	211.000000	-6.018940E-14	-5.736210E-6
3734568467.688222	-0.000500	0.000500	198.990000	0.000000	-15.000000	12.300000	100.000000	17.000000	100.000000	4.180000	0.000000	0.000000	0.000000	0.000000	1	1	0.000000	1.000000	1.000000	1.000000	1.000000	1.000000	1.000000	740.000000	740.000000	0.000000	302.000000	191.000000	-6.018940E-14	-5.743563E-6
3734568482.713089	-0.000500	0.000500	198.990000	0.000000	-15.000000	12.400000	100.000000	17.000000	100.000000	4.180000	0.000000	0.000000	0.000000	0.000000	1	1	0.000000	1.000000	1.000000	1.000000	1.000000	1.000000	1.000000	740.000000	740.000000	0.000000	238.000000	170.000000	-6.018940E-14	-5.746424E-6
3734568496.495770	-0.000500	0.000500	198.990000	0.000000	-15.000000	12.500000	100.000000	17.000000	100.000000	4.180000	0.000000	0.000000	0.000000	0.000000	1	1	0.000000	1.000000	1.000000	1.000000	1.000000	1.000000	1.000000	740.000000	740.000000	0.000000	204.000000	132.000000	-6.018940E-14	-5.762764E-6
3734568511.078479	-0.000500	0.000500	198.990000	0.000000	-15.000000	12.600000	100.000000	17.000000	100.000000	4.180000	0.000000	0.000000	0.000000	0.000000	1	1	0.000000	1.000000	1.000000	1.000000	1.000000	1.000000	1.000000	740.000000	740.000000	0.000000	179.000000	135.000000	-6.018940E-14	-5.770323E-6
3734568524.743076	-0.000500	0.000500	198.990000	0.000000	-15.000000	12.700000	100.000000	17.000000	100.000000	4.180000	0.000000	0.000000	0.000000	0.000000	1	1	0.000000	1.000000	1.000000	1.000000	1.000000	1.000000	1.000000	740.000000	740.000000	0.000000	165.000000	111.000000	-6.018940E-14	-5.776451E-6
3734568538.918118	-0.000500	0.000500	198.990000	0.000000	-15.000000	12.800000	100.000000	17.000000	100.000000	4.180000	0.000000	0.000000	0.000000	0.000000	1	1	0.000000	1.000000	1.000000	1.000000	1.000000	1.000000	1.000000	740.000000	740.000000	0.000000	125.000000	101.000000	-6.018940E-14	-5.780536E-6
3734568555.102409	-0.000500	0.000500	198.990000	0.000000	-15.000000	12.900000	100.000000	17.000000	100.000000	4.180000	0.000000	0.000000	0.000000	0.000000	1	1	0.000000	1.000000	1.000000	1.000000	1.000000	1.000000	1.000000	740.000000	740.000000	0.000000	127.000000	93.000000	-6.018940E-14	-5.794425E-6
3734568569.347589	-0.000500	0.000500	198.990000	0.000000	-15.000000	13.000000	100.000000	17.000000	100.000000	4.180000	0.000000	0.000000	0.000000	0.000000	1	1	0.000000	1.000000	1.000000	1.000000	1.000000	1.000000	1.000000	740.000000	740.000000	0.000000	98.000000	91.000000	-6.018940E-14	-5.799533E-6
3734568583.094069	-0.000500	0.000500	198.990000	0.000000	-15.000000	13.100000	100.000000	17.000000	100.000000	4.180000	0.000000	0.000000	0.000000	0.000000	1	1	0.000000	1.000000	1.000000	1.000000	1.000000	1.000000	1.000000	740.000000	740.000000	0.000000	90.000000	73.000000	-6.018940E-14	-5.805864E-6
3734568597.773890	-0.000500	0.000500	198.990000	0.000000	-15.000000	13.200000	100.000000	17.000000	100.000000	4.180000	0.000000	0.000000	0.000000	0.000000	1	1	0.000000	1.000000	1.000000	1.000000	1.000000	1.000000	1.000000	740.000000	740.000000	0.000000	82.000000	78.000000	-6.018940E-14	-5.804231E-6
3734568612.779066	-0.000500	0.000500	198.990000	0.000000	-15.000000	13.300000	100.000000	17.000000	100.000000	4.180000	0.000000	0.000000	0.000000	0.000000	1	1	0.000000	1.000000	1.000000	1.000000	1.000000	1.000000	1.000000	740.000000	740.000000	0.000000	93.000000	63.000000	-6.018940E-14	-5.820369E-6
3734568627.362832	-0.000500	0.000500	198.990000	0.000000	-15.000000	13.400000	100.000000	17.000000	100.000000	4.180000	0.000000	0.000000	0.000000	0.000000	1	1	0.000000	1.000000	1.000000	1.000000	1.000000	1.000000	1.000000	740.000000	740.000000	0.000000	60.000000	42.000000	-6.018940E-14	-5.823023E-6
3734568641.004934	-0.000500	0.000500	198.990000	0.000000	-15.000000	13.500000	100.000000	17.000000	100.000000	4.180000	0.000000	0.000000	0.000000	0.000000	1	1	0.000000	1.000000	1.000000	1.000000	1.000000	1.000000	1.000000	740.000000	740.000000	0.000000	70.000000	71.000000	-6.018940E-14	-5.837525E-6
3734568655.888144	-0.000500	0.000500	198.990000	0.000000	-15.000000	13.600000	100.000000	17.000000	100.000000	4.180000	0.000000	0.000000	0.000000	0.000000	1	1	0.000000	1.000000	1.000000	1.000000	1.000000	1.000000	1.000000	740.000000	740.000000	0.000000	62.000000	53.000000	-6.018940E-14	-5.841612E-6
3734568671.350155	-0.000500	0.000500	198.990000	0.000000	-15.000000	13.700000	100.000000	17.000000	100.000000	4.180000	0.000000	0.000000	0.000000	0.000000	1	1	0.000000	1.000000	1.000000	1.000000	1.000000	1.000000	1.000000	740.000000	740.000000	0.000000	63.000000	51.000000	-6.018940E-14	-5.849167E-6
3734568684.215266	-0.000500	0.000500	198.990000	0.000000	-15.000000	13.800000	100.000000	17.000000	100.000000	4.180000	0.000000	0.000000	0.000000	0.000000	1	1	0.000000	1.000000	1.000000	1.000000	1.000000	1.000000	1.000000	740.000000	740.000000	0.000000	54.000000	43.000000	-6.018940E-14	-5.856320E-6
3734568697.371483	-0.000500	0.000500	198.990000	0.000000	-15.000000	13.900000	100.000000	17.000000	100.000000	4.180000	0.000000	0.000000	0.000000	0.000000	1	1	0.000000	1.000000	1.000000	1.000000	1.000000	1.000000	1.000000	740.000000	740.000000	0.000000	50.000000	48.000000	-6.018940E-14	-5.864082E-6
3734568710.193211	-0.000500	0.000500	198.990000	0.000000	-15.000000	14.000000	100.000000	17.000000	100.000000	4.180000	0.000000	0.000000	0.000000	0.000000	1	1	0.000000	1.000000	1.000000	1.000000	1.000000	1.000000	1.000000	740.000000	740.000000	0.000000	64.000000	45.000000	-6.018940E-14	-5.869188E-6
3734568724.092098	-0.000500	0.000500	198.990000	0.000000	-15.000000	14.100000	100.000000	17.000000	100.000000	4.180000	0.000000	0.000000	0.000000	0.000000	1	1	0.000000	1.000000	1.000000	1.000000	1.000000	1.000000	1.000000	740.000000	740.000000	0.000000	56.000000	37.000000	-6.018940E-14	-5.879196E-6
3734568737.742618	-0.000500	0.000500	198.990000	0.000000	-15.000000	14.200000	100.000000	17.000000	100.000000	4.180000	0.000000	0.000000	0.000000	0.000000	1	1	0.000000	1.000000	1.000000	1.000000	1.000000	1.000000	1.000000	740.000000	740.000000	0.000000	41.000000	42.000000	-6.018940E-14	-5.876133E-6
3734568750.139348	-0.000500	0.000500	198.990000	0.000000	-15.000000	14.300000	100.000000	17.000000	100.000000	4.180000	0.000000	0.000000	0.000000	0.000000	1	1	0.000000	1.000000	1.000000	1.000000	1.000000	1.000000	1.000000	740.000000	740.000000	0.000000	47.000000	38.000000	-6.018940E-14	-5.889817E-6
3734568763.099935	-0.000500	0.000500	198.990000	0.000000	-15.000000	14.400000	100.000000	17.000000	100.000000	4.180000	0.000000	0.000000	0.000000	0.000000	1	1	0.000000	1.000000	1.000000	1.000000	1.000000	1.000000	1.000000	740.000000	740.000000	0.000000	47.000000	38.000000	-6.018940E-14	-5.896151E-6
3734568776.606134	-0.000500	0.000500	198.990000	0.000000	-15.000000	14.500000	100.000000	17.000000	100.000000	4.180000	0.000000	0.000000	0.000000	0.000000	1	1	0.000000	1.000000	1.000000	1.000000	1.000000	1.000000	1.000000	740.000000	740.000000	0.000000	47.000000	36.000000	-6.018940E-14	-5.900441E-6
3734568790.390700	-0.000500	0.000500	198.990000	0.000000	-15.000000	14.600000	100.000000	17.000000	100.000000	4.180000	0.000000	0.000000	0.000000	0.000000	1	1	0.000000	1.000000	1.000000	1.000000	1.000000	1.000000	1.000000	740.000000	740.000000	0.000000	42.000000	45.000000	-6.018940E-14	-5.909223E-6
3734568803.524572	-0.000500	0.000500	198.990000	0.000000	-15.000000	14.700000	100.000000	17.000000	100.000000	4.180000	0.000000	0.000000	0.000000	0.000000	1	1	0.000000	1.000000	1.000000	1.000000	1.000000	1.000000	1.000000	740.000000	740.000000	0.000000	41.000000	44.000000	-6.018940E-14	-5.911063E-6
3734568817.389405	-0.000500	0.000500	198.990000	0.000000	-15.000000	14.800000	100.000000	17.000000	100.000000	4.180000	0.000000	0.000000	0.000000	0.000000	1	1	0.000000	1.000000	1.000000	1.000000	1.000000	1.000000	1.000000	740.000000	740.000000	0.000000	53.000000	51.000000	-6.018940E-14	-5.924133E-6
3734568832.135452	-0.000500	0.000500	198.990000	0.000000	-15.000000	14.900000	100.000000	17.000000	100.000000	4.180000	0.000000	0.000000	0.000000	0.000000	1	1	0.000000	1.000000	1.000000	1.000000	1.000000	1.000000	1.000000	740.000000	740.000000	0.000000	37.000000	47.000000	-6.018940E-14	-5.922095E-6
3734568846.309244	-0.000500	0.000500	198.990000	0.000000	-15.000000	15.000000	100.000000	17.000000	100.000000	4.180000	0.000000	0.000000	0.000000	0.000000	1	1	0.000000	1.000000	1.000000	1.000000	1.000000	1.000000	1.000000	740.000000	740.000000	0.000000	50.000000	52.000000	-6.018940E-14	-5.930874E-6
3734568860.352780	-0.000500	0.000500	198.990000	0.000000	-15.000000	15.100000	100.000000	17.000000	100.000000	4.180000	0.000000	0.000000	0.000000	0.000000	1	1	0.000000	1.000000	1.000000	1.000000	1.000000	1.000000	1.000000	740.000000	740.000000	0.000000	42.000000	59.000000	-6.018940E-14	-5.932918E-6
3734568873.716817	-0.000500	0.000500	198.990000	0.000000	-15.000000	15.200000	100.000000	17.000000	100.000000	4.180000	0.000000	0.000000	0.000000	0.000000	1	1	0.000000	1.000000	1.000000	1.000000	1.000000	1.000000	1.000000	740.000000	740.000000	0.000000	59.000000	70.000000	-6.018940E-14	-5.944969E-6
3734568888.251477	-0.000500	0.000500	198.990000	0.000000	-15.000000	15.300000	100.000000	17.000000	100.000000	4.180000	0.000000	0.000000	0.000000	0.000000	1	1	0.000000	1.000000	1.000000	1.000000	1.000000	1.000000	1.000000	740.000000	740.000000	0.000000	66.000000	73.000000	-6.018940E-14	-5.941089E-6
3734568902.505589	-0.000500	0.000500	198.990000	0.000000	-15.000000	15.400000	100.000000	17.000000	100.000000	4.180000	0.000000	0.000000	0.000000	0.000000	1	1	0.000000	1.000000	1.000000	1.000000	1.000000	1.000000	1.000000	740.000000	740.000000	0.000000	82.000000	78.000000	-6.018940E-14	-5.948443E-6
3734568917.095810	-0.000500	0.000500	198.990000	0.000000	-15.000000	15.500000	100.000000	17.000000	100.000000	4.180000	0.000000	0.000000	0.000000	0.000000	1	1	0.000000	1.000000	1.000000	1.000000	1.000000	1.000000	1.000000	740.000000	740.000000	0.000000	63.000000	76.000000	-6.018940E-14	-5.956614E-6
3734568929.585659	-0.000500	0.000500	198.990000	0.000000	-15.000000	15.600000	100.000000	17.000000	100.000000	4.180000	0.000000	0.000000	0.000000	0.000000	1	1	0.000000	1.000000	1.000000	1.000000	1.000000	1.000000	1.000000	740.000000	740.000000	0.000000	108.000000	113.000000	-6.018940E-14	-5.961925E-6
3734568943.277682	-0.000500	0.000500	198.990000	0.000000	-15.000000	15.700000	100.000000	17.000000	100.000000	4.180000	0.000000	0.000000	0.000000	0.000000	1	1	0.000000	1.000000	1.000000	1.000000	1.000000	1.000000	1.000000	740.000000	740.000000	0.000000	95.000000	80.000000	-6.018940E-14	-5.965193E-6
3734568956.661558	-0.000500	0.000500	198.990000	0.000000	-15.000000	15.800000	100.000000	17.000000	100.000000	4.180000	0.000000	0.000000	0.000000	0.000000	1	1	0.000000	1.000000	1.000000	1.000000	1.000000	1.000000	1.000000	740.000000	740.000000	0.000000	91.000000	73.000000	-6.018940E-14	-5.979084E-6
3734568971.346512	-0.000500	0.000500	198.990000	0.000000	-15.000000	15.900000	100.000000	17.000000	100.000000	4.180000	0.000000	0.000000	0.000000	0.000000	1	1	0.000000	1.000000	1.000000	1.000000	1.000000	1.000000	1.000000	740.000000	740.000000	0.000000	89.000000	73.000000	-6.018940E-14	-5.980716E-6
3734568985.947666	-0.000500	0.000500	198.990000	0.000000	-15.000000	16.000000	100.000000	17.000000	100.000000	4.180000	0.000000	0.000000	0.000000	0.000000	1	1	0.000000	1.000000	1.000000	1.000000	1.000000	1.000000	1.000000	740.000000	740.000000	0.000000	73.000000	56.000000	-6.018940E-14	-5.983577E-6
3734569001.577822	-0.000500	0.000500	198.990000	0.000000	-15.000000	16.100000	100.000000	17.000000	100.000000	4.180000	0.000000	0.000000	0.000000	0.000000	1	1	0.000000	1.000000	1.000000	1.000000	1.000000	1.000000	1.000000	740.000000	740.000000	0.000000	89.000000	64.000000	-6.018940E-14	-5.991134E-6
3734569015.756505	-0.000500	0.000500	198.990000	0.000000	-15.000000	16.200000	100.000000	17.000000	100.000000	4.180000	0.000000	0.000000	0.000000	0.000000	1	1	0.000000	1.000000	1.000000	1.000000	1.000000	1.000000	1.000000	740.000000	740.000000	0.000000	82.000000	79.000000	-6.018940E-14	-5.995833E-6
3734569030.095290	-0.000500	0.000500	198.990000	0.000000	-15.000000	16.300000	100.000000	17.000000	100.000000	4.180000	0.000000	0.000000	0.000000	0.000000	1	1	0.000000	1.000000	1.000000	1.000000	1.000000	1.000000	1.000000	740.000000	740.000000	0.000000	85.000000	78.000000	-6.018940E-14	-6.005841E-6
3734569044.484203	-0.000500	0.000500	198.990000	0.000000	-15.000000	16.400000	100.000000	17.000000	100.000000	4.180000	0.000000	0.000000	0.000000	0.000000	1	1	0.000000	1.000000	1.000000	1.000000	1.000000	1.000000	1.000000	740.000000	740.000000	0.000000	87.000000	80.000000	-6.018940E-14	-6.000123E-6
3734569058.472541	-0.000500	0.000500	198.990000	0.000000	-15.000000	16.500000	100.000000	17.000000	100.000000	4.180000	0.000000	0.000000	0.000000	0.000000	1	1	0.000000	1.000000	1.000000	1.000000	1.000000	1.000000	1.000000	740.000000	740.000000	0.000000	83.000000	76.000000	-6.018940E-14	-6.010338E-6
3734569073.858517	-0.000500	0.000500	198.990000	0.000000	-15.000000	16.600000	100.000000	17.000000	100.000000	4.180000	0.000000	0.000000	0.000000	0.000000	1	1	0.000000	1.000000	1.000000	1.000000	1.000000	1.000000	1.000000	740.000000	740.000000	0.000000	70.000000	72.000000	-6.018940E-14	-6.012174E-6
3734569088.182069	-0.000500	0.000500	198.990000	0.000000	-15.000000	16.700000	100.000000	17.000000	100.000000	4.180000	0.000000	0.000000	0.000000	0.000000	1	1	0.000000	1.000000	1.000000	1.000000	1.000000	1.000000	1.000000	740.000000	740.000000	0.000000	80.000000	60.000000	-6.018940E-14	-6.015853E-6
3734569101.557732	-0.000500	0.000500	198.990000	0.000000	-15.000000	16.800000	100.000000	17.000000	100.000000	4.180000	0.000000	0.000000	0.000000	0.000000	1	1	0.000000	1.000000	1.000000	1.000000	1.000000	1.000000	1.000000	740.000000	740.000000	0.000000	85.000000	75.000000	-6.018940E-14	-6.016058E-6
3734569115.126111	-0.000500	0.000500	198.990000	0.000000	-15.000000	16.900000	100.000000	17.000000	100.000000	4.180000	0.000000	0.000000	0.000000	0.000000	1	1	0.000000	1.000000	1.000000	1.000000	1.000000	1.000000	1.000000	740.000000	740.000000	0.000000	99.000000	76.000000	-6.018940E-14	-6.025251E-6
3734569129.438290	-0.000500	0.000500	198.990000	0.000000	-15.000000	17.000000	100.000000	17.000000	100.000000	4.180000	0.000000	0.000000	0.000000	0.000000	1	1	0.000000	1.000000	1.000000	1.000000	1.000000	1.000000	1.000000	740.000000	740.000000	0.000000	65.000000	77.000000	-6.018940E-14	-6.028111E-6
3734569142.501142	-0.000500	0.000500	198.990000	0.000000	-15.000000	17.100000	100.000000	17.000000	100.000000	4.180000	0.000000	0.000000	0.000000	0.000000	1	1	0.000000	1.000000	1.000000	1.000000	1.000000	1.000000	1.000000	740.000000	740.000000	0.000000	98.000000	81.000000	-6.018940E-14	-6.036076E-6
3734569156.248317	-0.000500	0.000500	198.990000	0.000000	-15.000000	17.200000	100.000000	17.000000	100.000000	4.180000	0.000000	0.000000	0.000000	0.000000	1	1	0.000000	1.000000	1.000000	1.000000	1.000000	1.000000	1.000000	740.000000	740.000000	0.000000	81.000000	76.000000	-6.018940E-14	-6.044861E-6
3734569169.926720	-0.000500	0.000500	198.990000	0.000000	-15.000000	17.300000	100.000000	17.000000	100.000000	4.180000	0.000000	0.000000	0.000000	0.000000	1	1	0.000000	1.000000	1.000000	1.000000	1.000000	1.000000	1.000000	740.000000	740.000000	0.000000	92.000000	64.000000	-6.018940E-14	-6.042614E-6
3734569184.634526	-0.000500	0.000500	198.990000	0.000000	-15.000000	17.400000	100.000000	17.000000	100.000000	4.180000	0.000000	0.000000	0.000000	0.000000	1	1	0.000000	1.000000	1.000000	1.000000	1.000000	1.000000	1.000000	740.000000	740.000000	0.000000	101.000000	63.000000	-6.018940E-14	-6.045064E-6
3734569198.147322	-0.000500	0.000500	198.990000	0.000000	-15.000000	17.500000	100.000000	17.000000	100.000000	4.180000	0.000000	0.000000	0.000000	0.000000	1	1	0.000000	1.000000	1.000000	1.000000	1.000000	1.000000	1.000000	740.000000	740.000000	0.000000	84.000000	88.000000	-6.018940E-14	-6.052624E-6
3734569211.674499	-0.000500	0.000500	198.990000	0.000000	-15.000000	17.600000	100.000000	17.000000	100.000000	4.180000	0.000000	0.000000	0.000000	0.000000	1	1	0.000000	1.000000	1.000000	1.000000	1.000000	1.000000	1.000000	740.000000	740.000000	0.000000	104.000000	84.000000	-6.018940E-14	-6.058342E-6
3734569225.474828	-0.000500	0.000500	198.990000	0.000000	-15.000000	17.700000	100.000000	17.000000	100.000000	4.180000	0.000000	0.000000	0.000000	0.000000	1	1	0.000000	1.000000	1.000000	1.000000	1.000000	1.000000	1.000000	740.000000	740.000000	0.000000	80.000000	83.000000	-6.018940E-14	-6.062836E-6
3734569239.171438	-0.000500	0.000500	198.990000	0.000000	-15.000000	17.800000	100.000000	17.000000	100.000000	4.180000	0.000000	0.000000	0.000000	0.000000	1	1	0.000000	1.000000	1.000000	1.000000	1.000000	1.000000	1.000000	740.000000	740.000000	0.000000	83.000000	86.000000	-6.018940E-14	-6.060183E-6
3734569252.593816	-0.000500	0.000500	198.990000	0.000000	-15.000000	17.900000	100.000000	17.000000	100.000000	4.180000	0.000000	0.000000	0.000000	0.000000	1	1	0.000000	1.000000	1.000000	1.000000	1.000000	1.000000	1.000000	740.000000	740.000000	0.000000	108.000000	84.000000	-6.018940E-14	-6.070804E-6
3734569266.253233	-0.000500	0.000500	198.990000	0.000000	-15.000000	18.000000	100.000000	17.000000	100.000000	4.180000	0.000000	0.000000	0.000000	0.000000	1	1	0.000000	1.000000	1.000000	1.000000	1.000000	1.000000	1.000000	740.000000	740.000000	0.000000	86.000000	78.000000	-6.018940E-14	-6.068352E-6
3734569278.999890	-0.000500	0.000500	198.990000	0.000000	-15.000000	18.100000	100.000000	17.000000	100.000000	4.180000	0.000000	0.000000	0.000000	0.000000	1	1	0.000000	1.000000	1.000000	1.000000	1.000000	1.000000	1.000000	740.000000	740.000000	0.000000	79.000000	92.000000	-6.018940E-14	-6.074888E-6
3734569292.827349	-0.000500	0.000500	198.990000	0.000000	-15.000000	18.200000	100.000000	17.000000	100.000000	4.180000	0.000000	0.000000	0.000000	0.000000	1	1	0.000000	1.000000	1.000000	1.000000	1.000000	1.000000	1.000000	740.000000	740.000000	0.000000	82.000000	70.000000	-6.018940E-14	-6.079589E-6
3734569307.362268	-0.000500	0.000500	198.990000	0.000000	-15.000000	18.300000	100.000000	17.000000	100.000000	4.180000	0.000000	0.000000	0.000000	0.000000	1	1	0.000000	1.000000	1.000000	1.000000	1.000000	1.000000	1.000000	740.000000	740.000000	0.000000	107.000000	77.000000	-6.018940E-14	-6.084694E-6
3734569319.783237	-0.000500	0.000500	198.990000	0.000000	-15.000000	18.400000	100.000000	17.000000	100.000000	4.180000	0.000000	0.000000	0.000000	0.000000	1	1	0.000000	1.000000	1.000000	1.000000	1.000000	1.000000	1.000000	740.000000	740.000000	0.000000	93.000000	82.000000	-6.018940E-14	-6.089189E-6
3734569333.167701	-0.000500	0.000500	198.990000	0.000000	-15.000000	18.500000	100.000000	17.000000	100.000000	4.180000	0.000000	0.000000	0.000000	0.000000	1	1	0.000000	1.000000	1.000000	1.000000	1.000000	1.000000	1.000000	740.000000	740.000000	0.000000	101.000000	77.000000	-6.018940E-14	-6.094704E-6
3734569347.256006	-0.000500	0.000500	198.990000	0.000000	-15.000000	18.600000	100.000000	17.000000	100.000000	4.180000	0.000000	0.000000	0.000000	0.000000	1	1	0.000000	1.000000	1.000000	1.000000	1.000000	1.000000	1.000000	740.000000	740.000000	0.000000	91.000000	62.000000	-6.018940E-14	-6.100014E-6
3734569360.354133	-0.000500	0.000500	198.990000	0.000000	-15.000000	18.700000	100.000000	17.000000	100.000000	4.180000	0.000000	0.000000	0.000000	0.000000	1	1	0.000000	1.000000	1.000000	1.000000	1.000000	1.000000	1.000000	740.000000	740.000000	0.000000	80.000000	85.000000	-6.018940E-14	-6.093886E-6
3734569372.878113	-0.000500	0.000500	198.990000	0.000000	-15.000000	18.800000	100.000000	17.000000	100.000000	4.180000	0.000000	0.000000	0.000000	0.000000	1	1	0.000000	1.000000	1.000000	1.000000	1.000000	1.000000	1.000000	740.000000	740.000000	0.000000	108.000000	101.000000	-6.018940E-14	-6.105528E-6
3734569386.111382	-0.000500	0.000500	198.990000	0.000000	-15.000000	18.900000	100.000000	17.000000	100.000000	4.180000	0.000000	0.000000	0.000000	0.000000	1	1	0.000000	1.000000	1.000000	1.000000	1.000000	1.000000	1.000000	740.000000	740.000000	0.000000	91.000000	80.000000	-6.018940E-14	-6.107982E-6
3734569398.693748	-0.000500	0.000500	198.990000	0.000000	-15.000000	19.000000	100.000000	17.000000	100.000000	4.180000	0.000000	0.000000	0.000000	0.000000	1	1	0.000000	1.000000	1.000000	1.000000	1.000000	1.000000	1.000000	740.000000	740.000000	0.000000	96.000000	94.000000	-6.018940E-14	-6.110023E-6
3734569411.454302	-0.000500	0.000500	198.990000	0.000000	-15.000000	19.100000	100.000000	17.000000	100.000000	4.180000	0.000000	0.000000	0.000000	0.000000	1	1	0.000000	1.000000	1.000000	1.000000	1.000000	1.000000	1.000000	740.000000	740.000000	0.000000	96.000000	97.000000	-6.018940E-14	-6.113904E-6
3734569425.333983	-0.000500	0.000500	198.990000	0.000000	-15.000000	19.200000	100.000000	17.000000	100.000000	4.180000	0.000000	0.000000	0.000000	0.000000	1	1	0.000000	1.000000	1.000000	1.000000	1.000000	1.000000	1.000000	740.000000	740.000000	0.000000	92.000000	96.000000	-6.018940E-14	-6.116764E-6
3734569438.635992	-0.000500	0.000500	198.990000	0.000000	-15.000000	19.300000	100.000000	17.000000	100.000000	4.180000	0.000000	0.000000	0.000000	0.000000	1	1	0.000000	1.000000	1.000000	1.000000	1.000000	1.000000	1.000000	740.000000	740.000000	0.000000	80.000000	90.000000	-6.018940E-14	-6.113090E-6
3734569452.583194	-0.000500	0.000500	198.990000	0.000000	-15.000000	19.400000	100.000000	17.000000	100.000000	4.180000	0.000000	0.000000	0.000000	0.000000	1	1	0.000000	1.000000	1.000000	1.000000	1.000000	1.000000	1.000000	740.000000	740.000000	0.000000	101.000000	101.000000	-6.018940E-14	-6.118194E-6
3734569465.587234	-0.000500	0.000500	198.990000	0.000000	-15.000000	19.500000	100.000000	17.000000	100.000000	4.180000	0.000000	0.000000	0.000000	0.000000	1	1	0.000000	1.000000	1.000000	1.000000	1.000000	1.000000	1.000000	740.000000	740.000000	0.000000	88.000000	94.000000	-6.018940E-14	-6.131267E-6
3734569478.520401	-0.000500	0.000500	198.990000	0.000000	-15.000000	19.600000	100.000000	17.000000	100.000000	4.180000	0.000000	0.000000	0.000000	0.000000	1	1	0.000000	1.000000	1.000000	1.000000	1.000000	1.000000	1.000000	740.000000	740.000000	0.000000	101.000000	92.000000	-6.018940E-14	-6.125549E-6
3734569491.268305	-0.000500	0.000500	198.990000	0.000000	-15.000000	19.700000	100.000000	17.000000	100.000000	4.180000	0.000000	0.000000	0.000000	0.000000	1	1	0.000000	1.000000	1.000000	1.000000	1.000000	1.000000	1.000000	740.000000	740.000000	0.000000	99.000000	91.000000	-6.018940E-14	-6.128205E-6
3734569506.112007	-0.000500	0.000500	198.990000	0.000000	-15.000000	19.800000	100.000000	17.000000	100.000000	4.180000	0.000000	0.000000	0.000000	0.000000	1	1	0.000000	1.000000	1.000000	1.000000	1.000000	1.000000	1.000000	740.000000	740.000000	0.000000	125.000000	98.000000	-6.018940E-14	-6.135352E-6
3734569521.185954	-0.000500	0.000500	198.990000	0.000000	-15.000000	19.900000	100.000000	17.000000	100.000000	4.180000	0.000000	0.000000	0.000000	0.000000	1	1	0.000000	1.000000	1.000000	1.000000	1.000000	1.000000	1.000000	740.000000	740.000000	0.000000	109.000000	113.000000	-6.018940E-14	-6.139847E-6
3734569533.697288	-0.000500	0.000500	198.990000	0.000000	-15.000000	20.000000	100.000000	17.000000	100.000000	4.180000	0.000000	0.000000	0.000000	0.000000	1	1	0.000000	1.000000	1.000000	1.000000	1.000000	1.000000	1.000000	740.000000	740.000000	0.000000	90.000000	95.000000	-6.018940E-14	-6.140870E-6
