#Cu 100 Test 3_34.dat																														
#5/5/2022 3:56:08 PM																														
#Preliminary IPES Scan																														
#Sweep En																														
"#Measure rgm, lgm, 6487"																														
#Timestamp (sec)	X (mm)	Y (mm)	Z (mm)	Theta (deg)	EG Grid (V)	EG Energy (eV)	EG Extraction (V)	EG Focus 1 (V)	EG Focus 2 (V)	EG Filament (V)	EG X1 Alignment (V)	EG X2 Alignment (V)	EG Y1 Alignment (V)	EG Y2 Alignment (V)	6485 Samples	6487 Samples	6487 Voltage (V)	GM2 Dwell Time (s)	GM2 SCA Lower Limit (V)	GM2 SCA Upper Limit (V)	GM1 Dwell Time (s)	GM1 SCA Lower Limit (V)	GM1 SCA Upper Limit (V)	Voltage Supply A (V)	Voltage Supply B (V)	Dummy	GM2 Counts	GM1 Counts	Keithley6485 Current (A)	Keithley6487 Current (A)
#time	xpos	ypos	zpos	theta	grid	en	ext	f1	f2	fil	x1	x2	y1	y2	6485s	6487s	6487v	gm2dw	gm2ll	gm2ul	gm1dw	gm1ll	gm1ul	va	vb	dummy	gm2	gm1	6485c	6487c
3734625383	-0.0005	0.0005	198.99	0	-15	0	100	17	100	4.18	0	0	0	0	1	1	0	1	1	1	1	1	1	740	740	0	18	24	7.89E-14	-4.22E-08
3734625396	-0.0005	0.0005	198.99	0	-15	0.1	100	17	100	4.18	0	0	0	0	1	1	0	1	1	1	1	1	1	740	740	0	10	22	7.89E-14	-4.55E-08
3734625409	-0.0005	0.0005	198.99	0	-15	0.2	100	17	100	4.18	0	0	0	0	1	1	0	1	1	1	1	1	1	740	740	0	19	21	7.89E-14	-3.57E-08
3734625422	-0.0005	0.0005	198.99	0	-15	0.3	100	17	100	4.18	0	0	0	0	1	1	0	1	1	1	1	1	1	740	740	0	19	12	7.89E-14	-4.61E-08
3734625435	-0.0005	0.0005	198.99	0	-15	0.4	100	17	100	4.18	0	0	0	0	1	1	0	1	1	1	1	1	1	740	740	0	14	24	7.89E-14	-3.59E-08
3734625448	-0.0005	0.0005	198.99	0	-15	0.5	100	17	100	4.18	0	0	0	0	1	1	0	1	1	1	1	1	1	740	740	0	12	25	7.89E-14	-4.82E-08
3734625461	-0.0005	0.0005	198.99	0	-15	0.6	100	17	100	4.18	0	0	0	0	1	1	0	1	1	1	1	1	1	740	740	0	17	20	7.89E-14	-4.22E-08
3734625474	-0.0005	0.0005	198.99	0	-15	0.7	100	17	100	4.18	0	0	0	0	1	1	0	1	1	1	1	1	1	740	740	0	15	11	7.89E-14	-4.71E-08
3734625487	-0.0005	0.0005	198.99	0	-15	0.8	100	17	100	4.18	0	0	0	0	1	1	0	1	1	1	1	1	1	740	740	0	11	14	7.89E-14	-4.10E-08
3734625500	-0.0005	0.0005	198.99	0	-15	0.9	100	17	100	4.18	0	0	0	0	1	1	0	1	1	1	1	1	1	740	740	0	13	11	7.89E-14	-4.63E-08
3734625512	-0.0005	0.0005	198.99	0	-15	1	100	17	100	4.18	0	0	0	0	1	1	0	1	1	1	1	1	1	740	740	0	12	19	7.89E-14	-5.08E-08
3734625525	-0.0005	0.0005	198.99	0	-15	1.1	100	17	100	4.18	0	0	0	0	1	1	0	1	1	1	1	1	1	740	740	0	7	25	7.89E-14	-4.76E-08
3734625538	-0.0005	0.0005	198.99	0	-15	1.2	100	17	100	4.18	0	0	0	0	1	1	0	1	1	1	1	1	1	740	740	0	16	26	7.89E-14	-4.82E-08
3734625551	-0.0005	0.0005	198.99	0	-15	1.3	100	17	100	4.18	0	0	0	0	1	1	0	1	1	1	1	1	1	740	740	0	16	14	7.89E-14	-4.45E-08
3734625564	-0.0005	0.0005	198.99	0	-15	1.4	100	17	100	4.18	0	0	0	0	1	1	0	1	1	1	1	1	1	740	740	0	16	25	7.89E-14	-4.49E-08
3734625577	-0.0005	0.0005	198.99	0	-15	1.5	100	17	100	4.18	0	0	0	0	1	1	0	1	1	1	1	1	1	740	740	0	8	18	7.89E-14	-5.33E-08
3734625590	-0.0005	0.0005	198.99	0	-15	1.6	100	17	100	4.18	0	0	0	0	1	1	0	1	1	1	1	1	1	740	740	0	10	18	7.89E-14	-4.86E-08
3734625603	-0.0005	0.0005	198.99	0	-15	1.7	100	17	100	4.18	0	0	0	0	1	1	0	1	1	1	1	1	1	740	740	0	8	17	7.89E-14	-4.27E-08
3734625617	-0.0005	0.0005	198.99	0	-15	1.8	100	17	100	4.18	0	0	0	0	1	1	0	1	1	1	1	1	1	740	740	0	11	17	7.89E-14	-4.10E-08
3734625630	-0.0005	0.0005	198.99	0	-15	1.9	100	17	100	4.18	0	0	0	0	1	1	0	1	1	1	1	1	1	740	740	0	6	17	7.89E-14	-4.92E-08
3734625643	-0.0005	0.0005	198.99	0	-15	2	100	17	100	4.18	0	0	0	0	1	1	0	1	1	1	1	1	1	740	740	0	9	12	7.89E-14	-3.88E-08
3734625656	-0.0005	0.0005	198.99	0	-15	2.1	100	17	100	4.18	0	0	0	0	1	1	0	1	1	1	1	1	1	740	740	0	20	19	7.89E-14	-4.04E-08
3734625669	-0.0005	0.0005	198.99	0	-15	2.2	100	17	100	4.18	0	0	0	0	1	1	0	1	1	1	1	1	1	740	740	0	11	17	7.89E-14	-4.71E-08
3734625682	-0.0005	0.0005	198.99	0	-15	2.3	100	17	100	4.18	0	0	0	0	1	1	0	1	1	1	1	1	1	740	740	0	16	14	7.89E-14	-4.57E-08
3734625694	-0.0005	0.0005	198.99	0	-15	2.4	100	17	100	4.18	0	0	0	0	1	1	0	1	1	1	1	1	1	740	740	0	10	11	7.89E-14	-4.08E-08
3734625707	-0.0005	0.0005	198.99	0	-15	2.5	100	17	100	4.18	0	0	0	0	1	1	0	1	1	1	1	1	1	740	740	0	17	20	7.89E-14	-4.69E-08
3734625720	-0.0005	0.0005	198.99	0	-15	2.6	100	17	100	4.18	0	0	0	0	1	1	0	1	1	1	1	1	1	740	740	0	10	7	7.89E-14	-5.39E-08
3734625733	-0.0005	0.0005	198.99	0	-15	2.7	100	17	100	4.18	0	0	0	0	1	1	0	1	1	1	1	1	1	740	740	0	11	24	7.89E-14	-4.35E-08
3734625746	-0.0005	0.0005	198.99	0	-15	2.8	100	17	100	4.18	0	0	0	0	1	1	0	1	1	1	1	1	1	740	740	0	14	20	7.89E-14	-4.63E-08
3734625759	-0.0005	0.0005	198.99	0	-15	2.9	100	17	100	4.18	0	0	0	0	1	1	0	1	1	1	1	1	1	740	740	0	9	10	7.89E-14	-4.86E-08
3734625772	-0.0005	0.0005	198.99	0	-15	3	100	17	100	4.18	0	0	0	0	1	1	0	1	1	1	1	1	1	740	740	0	14	10	7.89E-14	-5.04E-08
3734625785	-0.0005	0.0005	198.99	0	-15	3.1	100	17	100	4.18	0	0	0	0	1	1	0	1	1	1	1	1	1	740	740	0	22	13	7.89E-14	-4.69E-08
3734625798	-0.0005	0.0005	198.99	0	-15	3.2	100	17	100	4.18	0	0	0	0	1	1	0	1	1	1	1	1	1	740	740	0	23	15	7.89E-14	-4.27E-08
3734625811	-0.0005	0.0005	198.99	0	-15	3.3	100	17	100	4.18	0	0	0	0	1	1	0	1	1	1	1	1	1	740	740	0	11	8	7.89E-14	-4.10E-08
3734625824	-0.0005	0.0005	198.99	0	-15	3.4	100	17	100	4.18	0	0	0	0	1	1	0	1	1	1	1	1	1	740	740	0	14	12	7.89E-14	-4.67E-08
3734625837	-0.0005	0.0005	198.99	0	-15	3.5	100	17	100	4.18	0	0	0	0	1	1	0	1	1	1	1	1	1	740	740	0	9	11	7.89E-14	-4.92E-08
3734625850	-0.0005	0.0005	198.99	0	-15	3.6	100	17	100	4.18	0	0	0	0	1	1	0	1	1	1	1	1	1	740	740	0	7	13	7.89E-14	-4.92E-08
3734625863	-0.0005	0.0005	198.99	0	-15	3.7	100	17	100	4.18	0	0	0	0	1	1	0	1	1	1	1	1	1	740	740	0	9	13	7.89E-14	-5.27E-08
3734625876	-0.0005	0.0005	198.99	0	-15	3.8	100	17	100	4.18	0	0	0	0	1	1	0	1	1	1	1	1	1	740	740	0	9	8	7.89E-14	-4.63E-08
3734625889	-0.0005	0.0005	198.99	0	-15	3.9	100	17	100	4.18	0	0	0	0	1	1	0	1	1	1	1	1	1	740	740	0	10	11	7.89E-14	-4.16E-08
3734625902	-0.0005	0.0005	198.99	0	-15	4	100	17	100	4.18	0	0	0	0	1	1	0	1	1	1	1	1	1	740	740	0	11	12	7.89E-14	-4.78E-08
3734625915	-0.0005	0.0005	198.99	0	-15	4.1	100	17	100	4.18	0	0	0	0	1	1	0	1	1	1	1	1	1	740	740	0	12	13	7.89E-14	-4.57E-08
3734625928	-0.0005	0.0005	198.99	0	-15	4.2	100	17	100	4.18	0	0	0	0	1	1	0	1	1	1	1	1	1	740	740	0	10	11	7.89E-14	-4.43E-08
3734625941	-0.0005	0.0005	198.99	0	-15	4.3	100	17	100	4.18	0	0	0	0	1	1	0	1	1	1	1	1	1	740	740	0	8	9	7.89E-14	-5.10E-08
3734625954	-0.0005	0.0005	198.99	0	-15	4.4	100	17	100	4.18	0	0	0	0	1	1	0	1	1	1	1	1	1	740	740	0	11	14	7.89E-14	-5.02E-08
3734625967	-0.0005	0.0005	198.99	0	-15	4.5	100	17	100	4.18	0	0	0	0	1	1	0	1	1	1	1	1	1	740	740	0	15	13	7.89E-14	-5.16E-08
3734625980	-0.0005	0.0005	198.99	0	-15	4.6	100	17	100	4.18	0	0	0	0	1	1	0	1	1	1	1	1	1	740	740	0	7	6	7.89E-14	-4.88E-08
3734625993	-0.0005	0.0005	198.99	0	-15	4.7	100	17	100	4.18	0	0	0	0	1	1	0	1	1	1	1	1	1	740	740	0	8	10	7.89E-14	-4.53E-08
3734626006	-0.0005	0.0005	198.99	0	-15	4.8	100	17	100	4.18	0	0	0	0	1	1	0	1	1	1	1	1	1	740	740	0	13	11	7.89E-14	-4.59E-08
3734626019	-0.0005	0.0005	198.99	0	-15	4.9	100	17	100	4.18	0	0	0	0	1	1	0	1	1	1	1	1	1	740	740	0	13	15	7.89E-14	-5.76E-08
3734626033	-0.0005	0.0005	198.99	0	-15	5	100	17	100	4.18	0	0	0	0	1	1	0	1	1	1	1	1	1	740	740	0	15	16	7.89E-14	-5.02E-08
3734626046	-0.0005	0.0005	198.99	0	-15	5.1	100	17	100	4.18	0	0	0	0	1	1	0	1	1	1	1	1	1	740	740	0	16	28	7.89E-14	-4.27E-08
3734626059	-0.0005	0.0005	198.99	0	-15	5.2	100	17	100	4.18	0	0	0	0	1	1	0	1	1	1	1	1	1	740	740	0	36	41	7.89E-14	-5.39E-08
3734626072	-0.0005	0.0005	198.99	0	-15	5.3	100	17	100	4.18	0	0	0	0	1	1	0	1	1	1	1	1	1	740	740	0	47	67	7.89E-14	-5.96E-08
3734626085	-0.0005	0.0005	198.99	0	-15	5.4	100	17	100	4.18	0	0	0	0	1	1	0	1	1	1	1	1	1	740	740	0	72	107	7.89E-14	-6.74E-08
3734626100	-0.0005	0.0005	198.99	0	-15	5.5	100	17	100	4.18	0	0	0	0	1	1	0	1	1	1	1	1	1	740	740	0	111	164	7.89E-14	-1.09E-07
3734626114	-0.0005	0.0005	198.99	0	-15	5.6	100	17	100	4.18	0	0	0	0	1	1	0	1	1	1	1	1	1	740	740	0	123	218	7.89E-14	-1.99E-07
3734626128	-0.0005	0.0005	198.99	0	-15	5.7	100	17	100	4.18	0	0	0	0	1	1	0	1	1	1	1	1	1	740	740	0	123	255	7.89E-14	-3.88E-07
3734626143	-0.0005	0.0005	198.99	0	-15	5.8	100	17	100	4.18	0	0	0	0	1	1	0	1	1	1	1	1	1	740	740	0	152	286	7.89E-14	-7.67E-07
3734626157	-0.0005	0.0005	198.99	0	-15	5.9	100	17	100	4.18	0	0	0	0	1	1	0	1	1	1	1	1	1	740	740	0	118	280	7.89E-14	-1.41E-06
3734626172	-0.0005	0.0005	198.99	0	-15	6	100	17	100	4.18	0	0	0	0	1	1	0	1	1	1	1	1	1	740	740	0	125	252	7.89E-14	-2.24E-06
3734626185	-0.0005	0.0005	198.99	0	-15	6.1	100	17	100	4.18	0	0	0	0	1	1	0	1	1	1	1	1	1	740	740	0	96	184	7.89E-14	-3.10E-06
3734626200	-0.0005	0.0005	198.99	0	-15	6.2	100	17	100	4.18	0	0	0	0	1	1	0	1	1	1	1	1	1	740	740	0	59	156	7.89E-14	-3.92E-06
3734626215	-0.0005	0.0005	198.99	0	-15	6.3	100	17	100	4.18	0	0	0	0	1	1	0	1	1	1	1	1	1	740	740	0	43	89	7.89E-14	-4.69E-06
3734626228	-0.0005	0.0005	198.99	0	-15	6.4	100	17	100	4.18	0	0	0	0	1	1	0	1	1	1	1	1	1	740	740	0	32	77	7.89E-14	-5.09E-06
3734626240	-0.0005	0.0005	198.99	0	-15	6.5	100	17	100	4.18	0	0	0	0	1	1	0	1	1	1	1	1	1	740	740	0	38	63	7.89E-14	-5.17E-06
3734626254	-0.0005	0.0005	198.99	0	-15	6.6	100	17	100	4.18	0	0	0	0	1	1	0	1	1	1	1	1	1	740	740	0	48	62	7.89E-14	-5.14E-06
3734626269	-0.0005	0.0005	198.99	0	-15	6.7	100	17	100	4.18	0	0	0	0	1	1	0	1	1	1	1	1	1	740	740	0	43	68	7.89E-14	-5.06E-06
3734626281	-0.0005	0.0005	198.99	0	-15	6.8	100	17	100	4.18	0	0	0	0	1	1	0	1	1	1	1	1	1	740	740	0	43	56	7.89E-14	-4.99E-06
3734626296	-0.0005	0.0005	198.99	0	-15	6.9	100	17	100	4.18	0	0	0	0	1	1	0	1	1	1	1	1	1	740	740	0	45	67	7.89E-14	-4.92E-06
3734626311	-0.0005	0.0005	198.99	0	-15	7	100	17	100	4.18	0	0	0	0	1	1	0	1	1	1	1	1	1	740	740	0	47	79	7.89E-14	-4.86E-06
3734626325	-0.0005	0.0005	198.99	0	-15	7.1	100	17	100	4.18	0	0	0	0	1	1	0	1	1	1	1	1	1	740	740	0	55	76	7.89E-14	-4.82E-06
3734626340	-0.0005	0.0005	198.99	0	-15	7.2	100	17	100	4.18	0	0	0	0	1	1	0	1	1	1	1	1	1	740	740	0	39	71	7.89E-14	-4.78E-06
3734626354	-0.0005	0.0005	198.99	0	-15	7.3	100	17	100	4.18	0	0	0	0	1	1	0	1	1	1	1	1	1	740	740	0	41	60	7.89E-14	-4.74E-06
3734626368	-0.0005	0.0005	198.99	0	-15	7.4	100	17	100	4.18	0	0	0	0	1	1	0	1	1	1	1	1	1	740	740	0	53	65	7.89E-14	-4.72E-06
3734626382	-0.0005	0.0005	198.99	0	-15	7.5	100	17	100	4.18	0	0	0	0	1	1	0	1	1	1	1	1	1	740	740	0	46	59	7.89E-14	-4.69E-06
3734626394	-0.0005	0.0005	198.99	0	-15	7.6	100	17	100	4.18	0	0	0	0	1	1	0	1	1	1	1	1	1	740	740	0	43	51	7.89E-14	-4.67E-06
3734626407	-0.0005	0.0005	198.99	0	-15	7.7	100	17	100	4.18	0	0	0	0	1	1	0	1	1	1	1	1	1	740	740	0	32	64	7.89E-14	-4.67E-06
3734626421	-0.0005	0.0005	198.99	0	-15	7.8	100	17	100	4.18	0	0	0	0	1	1	0	1	1	1	1	1	1	740	740	0	51	57	7.89E-14	-4.66E-06
3734626434	-0.0005	0.0005	198.99	0	-15	7.9	100	17	100	4.18	0	0	0	0	1	1	0	1	1	1	1	1	1	740	740	0	42	77	7.89E-14	-4.67E-06
3734626447	-0.0005	0.0005	198.99	0	-15	8	100	17	100	4.18	0	0	0	0	1	1	0	1	1	1	1	1	1	740	740	0	43	69	7.89E-14	-4.67E-06
3734626460	-0.0005	0.0005	198.99	0	-15	8.1	100	17	100	4.18	0	0	0	0	1	1	0	1	1	1	1	1	1	740	740	0	55	59	7.89E-14	-4.68E-06
3734626474	-0.0005	0.0005	198.99	0	-15	8.2	100	17	100	4.18	0	0	0	0	1	1	0	1	1	1	1	1	1	740	740	0	52	57	7.89E-14	-4.72E-06
3734626486	-0.0005	0.0005	198.99	0	-15	8.3	100	17	100	4.18	0	0	0	0	1	1	0	1	1	1	1	1	1	740	740	0	47	67	7.89E-14	-4.75E-06
3734626500	-0.0005	0.0005	198.99	0	-15	8.4	100	17	100	4.18	0	0	0	0	1	1	0	1	1	1	1	1	1	740	740	0	55	68	7.89E-14	-4.79E-06
3734626512	-0.0005	0.0005	198.99	0	-15	8.5	100	17	100	4.18	0	0	0	0	1	1	0	1	1	1	1	1	1	740	740	0	48	57	7.89E-14	-4.85E-06
3734626524	-0.0005	0.0005	198.99	0	-15	8.6	100	17	100	4.18	0	0	0	0	1	1	0	1	1	1	1	1	1	740	740	0	42	61	7.89E-14	-4.92E-06
3734626538	-0.0005	0.0005	198.99	0	-15	8.7	100	17	100	4.18	0	0	0	0	1	1	0	1	1	1	1	1	1	740	740	0	38	58	7.89E-14	-4.99E-06
3734626550	-0.0005	0.0005	198.99	0	-15	8.8	100	17	100	4.18	0	0	0	0	1	1	0	1	1	1	1	1	1	740	740	0	43	58	7.89E-14	-5.09E-06
3734626565	-0.0005	0.0005	198.99	0	-15	8.9	100	17	100	4.18	0	0	0	0	1	1	0	1	1	1	1	1	1	740	740	0	40	62	7.89E-14	-5.22E-06
3734626577	-0.0005	0.0005	198.99	0	-15	9	100	17	100	4.18	0	0	0	0	1	1	0	1	1	1	1	1	1	740	740	0	48	33	7.89E-14	-5.36E-06
3734626591	-0.0005	0.0005	198.99	0	-15	9.1	100	17	100	4.18	0	0	0	0	1	1	0	1	1	1	1	1	1	740	740	0	32	40	7.89E-14	-5.52E-06
3734626605	-0.0005	0.0005	198.99	0	-15	9.2	100	17	100	4.18	0	0	0	0	1	1	0	1	1	1	1	1	1	740	740	0	26	26	7.89E-14	-5.67E-06
3734626619	-0.0005	0.0005	198.99	0	-15	9.3	100	17	100	4.18	0	0	0	0	1	1	0	1	1	1	1	1	1	740	740	0	34	37	7.89E-14	-5.83E-06
3734626633	-0.0005	0.0005	198.99	0	-15	9.4	100	17	100	4.18	0	0	0	0	1	1	0	1	1	1	1	1	1	740	740	0	49	32	7.89E-14	-5.97E-06
3734626648	-0.0005	0.0005	198.99	0	-15	9.5	100	17	100	4.18	0	0	0	0	1	1	0	1	1	1	1	1	1	740	740	0	29	39	7.89E-14	-6.09E-06
3734626662	-0.0005	0.0005	198.99	0	-15	9.6	100	17	100	4.18	0	0	0	0	1	1	0	1	1	1	1	1	1	740	740	0	33	42	7.89E-14	-6.19E-06
3734626676	-0.0005	0.0005	198.99	0	-15	9.7	100	17	100	4.18	0	0	0	0	1	1	0	1	1	1	1	1	1	740	740	0	31	37	7.89E-14	-6.27E-06
3734626691	-0.0005	0.0005	198.99	0	-15	9.8	100	17	100	4.18	0	0	0	0	1	1	0	1	1	1	1	1	1	740	740	0	36	40	7.89E-14	-6.34E-06
3734626705	-0.0005	0.0005	198.99	0	-15	9.9	100	17	100	4.18	0	0	0	0	1	1	0	1	1	1	1	1	1	740	740	0	22	41	7.89E-14	-6.39E-06
3734626718	-0.0005	0.0005	198.99	0	-15	10	100	17	100	4.18	0	0	0	0	1	1	0	1	1	1	1	1	1	740	740	0	32	36	7.89E-14	-6.44E-06
3734626731	-0.0005	0.0005	198.99	0	-15	10.1	100	17	100	4.18	0	0	0	0	1	1	0	1	1	1	1	1	1	740	740	0	29	45	7.89E-14	-6.48E-06
3734626744	-0.0005	0.0005	198.99	0	-15	10.2	100	17	100	4.18	0	0	0	0	1	1	0	1	1	1	1	1	1	740	740	0	32	26	7.89E-14	-6.52E-06
3734626757	-0.0005	0.0005	198.99	0	-15	10.3	100	17	100	4.18	0	0	0	0	1	1	0	1	1	1	1	1	1	740	740	0	33	42	7.89E-14	-6.55E-06
3734626770	-0.0005	0.0005	198.99	0	-15	10.4	100	17	100	4.18	0	0	0	0	1	1	0	1	1	1	1	1	1	740	740	0	22	34	7.89E-14	-6.59E-06
3734626784	-0.0005	0.0005	198.99	0	-15	10.5	100	17	100	4.18	0	0	0	0	1	1	0	1	1	1	1	1	1	740	740	0	24	37	7.89E-14	-6.61E-06
3734626797	-0.0005	0.0005	198.99	0	-15	10.6	100	17	100	4.18	0	0	0	0	1	1	0	1	1	1	1	1	1	740	740	0	27	28	7.89E-14	-6.63E-06
3734626810	-0.0005	0.0005	198.99	0	-15	10.7	100	17	100	4.18	0	0	0	0	1	1	0	1	1	1	1	1	1	740	740	0	26	25	7.89E-14	-6.66E-06
3734626823	-0.0005	0.0005	198.99	0	-15	10.8	100	17	100	4.18	0	0	0	0	1	1	0	1	1	1	1	1	1	740	740	0	37	31	7.89E-14	-6.68E-06
3734626837	-0.0005	0.0005	198.99	0	-15	10.9	100	17	100	4.18	0	0	0	0	1	1	0	1	1	1	1	1	1	740	740	0	34	26	7.89E-14	-6.70E-06
3734626852	-0.0005	0.0005	198.99	0	-15	11	100	17	100	4.18	0	0	0	0	1	1	0	1	1	1	1	1	1	740	740	0	30	36	7.89E-14	-6.71E-06
3734626865	-0.0005	0.0005	198.99	0	-15	11.1	100	17	100	4.18	0	0	0	0	1	1	0	1	1	1	1	1	1	740	740	0	40	52	7.89E-14	-6.73E-06
3734626880	-0.0005	0.0005	198.99	0	-15	11.2	100	17	100	4.18	0	0	0	0	1	1	0	1	1	1	1	1	1	740	740	0	40	72	7.89E-14	-6.74E-06
3734626893	-0.0005	0.0005	198.99	0	-15	11.3	100	17	100	4.18	0	0	0	0	1	1	0	1	1	1	1	1	1	740	740	0	55	123	7.89E-14	-6.76E-06
3734626907	-0.0005	0.0005	198.99	0	-15	11.4	100	17	100	4.18	0	0	0	0	1	1	0	1	1	1	1	1	1	740	740	0	75	166	7.89E-14	-6.77E-06
3734626921	-0.0005	0.0005	198.99	0	-15	11.5	100	17	100	4.18	0	0	0	0	1	1	0	1	1	1	1	1	1	740	740	0	126	260	7.89E-14	-6.78E-06
3734626936	-0.0005	0.0005	198.99	0	-15	11.6	100	17	100	4.18	0	0	0	0	1	1	0	1	1	1	1	1	1	740	740	0	141	329	7.89E-14	-6.80E-06
3734626951	-0.0005	0.0005	198.99	0	-15	11.7	100	17	100	4.18	0	0	0	0	1	1	0	1	1	1	1	1	1	740	740	0	211	366	7.89E-14	-6.80E-06
3734626967	-0.0005	0.0005	198.99	0	-15	11.8	100	17	100	4.18	0	0	0	0	1	1	0	1	1	1	1	1	1	740	740	0	274	342	7.89E-14	-6.80E-06
3734626982	-0.0005	0.0005	198.99	0	-15	11.9	100	17	100	4.18	0	0	0	0	1	1	0	1	1	1	1	1	1	740	740	0	264	352	7.89E-14	-6.82E-06
3734626996	-0.0005	0.0005	198.99	0	-15	12	100	17	100	4.18	0	0	0	0	1	1	0	1	1	1	1	1	1	740	740	0	250	294	7.89E-14	-6.83E-06
3734627011	-0.0005	0.0005	198.99	0	-15	12.1	100	17	100	4.18	0	0	0	0	1	1	0	1	1	1	1	1	1	740	740	0	255	272	7.89E-14	-6.85E-06
3734627026	-0.0005	0.0005	198.99	0	-15	12.2	100	17	100	4.18	0	0	0	0	1	1	0	1	1	1	1	1	1	740	740	0	266	220	7.89E-14	-6.85E-06
3734627041	-0.0005	0.0005	198.99	0	-15	12.3	100	17	100	4.18	0	0	0	0	1	1	0	1	1	1	1	1	1	740	740	0	230	215	7.89E-14	-6.87E-06
3734627057	-0.0005	0.0005	198.99	0	-15	12.4	100	17	100	4.18	0	0	0	0	1	1	0	1	1	1	1	1	1	740	740	0	236	188	7.89E-14	-6.87E-06
3734627072	-0.0005	0.0005	198.99	0	-15	12.5	100	17	100	4.18	0	0	0	0	1	1	0	1	1	1	1	1	1	740	740	0	187	141	7.89E-14	-6.87E-06
3734627087	-0.0005	0.0005	198.99	0	-15	12.6	100	17	100	4.18	0	0	0	0	1	1	0	1	1	1	1	1	1	740	740	0	160	152	7.89E-14	-6.88E-06
3734627102	-0.0005	0.0005	198.99	0	-15	12.7	100	17	100	4.18	0	0	0	0	1	1	0	1	1	1	1	1	1	740	740	0	161	117	7.89E-14	-6.89E-06
3734627116	-0.0005	0.0005	198.99	0	-15	12.8	100	17	100	4.18	0	0	0	0	1	1	0	1	1	1	1	1	1	740	740	0	129	108	7.89E-14	-6.90E-06
3734627131	-0.0005	0.0005	198.99	0	-15	12.9	100	17	100	4.18	0	0	0	0	1	1	0	1	1	1	1	1	1	740	740	0	123	110	7.89E-14	-6.91E-06
3734627143	-0.0005	0.0005	198.99	0	-15	13	100	17	100	4.18	0	0	0	0	1	1	0	1	1	1	1	1	1	740	740	0	90	93	7.89E-14	-6.92E-06
3734627157	-0.0005	0.0005	198.99	0	-15	13.1	100	17	100	4.18	0	0	0	0	1	1	0	1	1	1	1	1	1	740	740	0	114	102	7.89E-14	-6.92E-06
3734627172	-0.0005	0.0005	198.99	0	-15	13.2	100	17	100	4.18	0	0	0	0	1	1	0	1	1	1	1	1	1	740	740	0	76	75	7.89E-14	-6.93E-06
3734627185	-0.0005	0.0005	198.99	0	-15	13.3	100	17	100	4.18	0	0	0	0	1	1	0	1	1	1	1	1	1	740	740	0	96	81	7.89E-14	-6.94E-06
3734627199	-0.0005	0.0005	198.99	0	-15	13.4	100	17	100	4.18	0	0	0	0	1	1	0	1	1	1	1	1	1	740	740	0	78	72	7.89E-14	-6.94E-06
3734627212	-0.0005	0.0005	198.99	0	-15	13.5	100	17	100	4.18	0	0	0	0	1	1	0	1	1	1	1	1	1	740	740	0	63	57	7.89E-14	-6.95E-06
3734627227	-0.0005	0.0005	198.99	0	-15	13.6	100	17	100	4.18	0	0	0	0	1	1	0	1	1	1	1	1	1	740	740	0	78	52	7.89E-14	-6.95E-06
3734627241	-0.0005	0.0005	198.99	0	-15	13.7	100	17	100	4.18	0	0	0	0	1	1	0	1	1	1	1	1	1	740	740	0	54	60	7.89E-14	-6.96E-06
3734627256	-0.0005	0.0005	198.99	0	-15	13.8	100	17	100	4.18	0	0	0	0	1	1	0	1	1	1	1	1	1	740	740	0	66	62	7.89E-14	-6.97E-06
3734627270	-0.0005	0.0005	198.99	0	-15	13.9	100	17	100	4.18	0	0	0	0	1	1	0	1	1	1	1	1	1	740	740	0	48	58	7.89E-14	-6.98E-06
3734627283	-0.0005	0.0005	198.99	0	-15	14	100	17	100	4.18	0	0	0	0	1	1	0	1	1	1	1	1	1	740	740	0	49	46	7.89E-14	-6.99E-06
3734627297	-0.0005	0.0005	198.99	0	-15	14.1	100	17	100	4.18	0	0	0	0	1	1	0	1	1	1	1	1	1	740	740	0	43	59	7.89E-14	-6.99E-06
3734627310	-0.0005	0.0005	198.99	0	-15	14.2	100	17	100	4.18	0	0	0	0	1	1	0	1	1	1	1	1	1	740	740	0	52	48	7.89E-14	-7.00E-06
3734627323	-0.0005	0.0005	198.99	0	-15	14.3	100	17	100	4.18	0	0	0	0	1	1	0	1	1	1	1	1	1	740	740	0	51	54	7.89E-14	-7.01E-06
3734627335	-0.0005	0.0005	198.99	0	-15	14.4	100	17	100	4.18	0	0	0	0	1	1	0	1	1	1	1	1	1	740	740	0	57	45	7.89E-14	-7.01E-06
3734627349	-0.0005	0.0005	198.99	0	-15	14.5	100	17	100	4.18	0	0	0	0	1	1	0	1	1	1	1	1	1	740	740	0	56	50	7.89E-14	-7.01E-06
3734627364	-0.0005	0.0005	198.99	0	-15	14.6	100	17	100	4.18	0	0	0	0	1	1	0	1	1	1	1	1	1	740	740	0	48	55	7.89E-14	-7.03E-06
3734627376	-0.0005	0.0005	198.99	0	-15	14.7	100	17	100	4.18	0	0	0	0	1	1	0	1	1	1	1	1	1	740	740	0	44	43	7.89E-14	-7.03E-06
3734627389	-0.0005	0.0005	198.99	0	-15	14.8	100	17	100	4.18	0	0	0	0	1	1	0	1	1	1	1	1	1	740	740	0	50	47	7.89E-14	-7.04E-06
3734627402	-0.0005	0.0005	198.99	0	-15	14.9	100	17	100	4.18	0	0	0	0	1	1	0	1	1	1	1	1	1	740	740	0	46	53	7.89E-14	-7.04E-06
3734627416	-0.0005	0.0005	198.99	0	-15	15	100	17	100	4.18	0	0	0	0	1	1	0	1	1	1	1	1	1	740	740	0	52	66	7.89E-14	-7.05E-06
3734627430	-0.0005	0.0005	198.99	0	-15	15.1	100	17	100	4.18	0	0	0	0	1	1	0	1	1	1	1	1	1	740	740	0	52	51	7.89E-14	-7.05E-06
3734627444	-0.0005	0.0005	198.99	0	-15	15.2	100	17	100	4.18	0	0	0	0	1	1	0	1	1	1	1	1	1	740	740	0	44	71	7.89E-14	-7.06E-06
3734627459	-0.0005	0.0005	198.99	0	-15	15.3	100	17	100	4.18	0	0	0	0	1	1	0	1	1	1	1	1	1	740	740	0	54	75	7.89E-14	-7.06E-06
3734627474	-0.0005	0.0005	198.99	0	-15	15.4	100	17	100	4.18	0	0	0	0	1	1	0	1	1	1	1	1	1	740	740	0	67	87	7.89E-14	-7.06E-06
3734627487	-0.0005	0.0005	198.99	0	-15	15.5	100	17	100	4.18	0	0	0	0	1	1	0	1	1	1	1	1	1	740	740	0	73	90	7.89E-14	-7.07E-06
3734627500	-0.0005	0.0005	198.99	0	-15	15.6	100	17	100	4.18	0	0	0	0	1	1	0	1	1	1	1	1	1	740	740	0	81	101	7.89E-14	-7.08E-06
3734627513	-0.0005	0.0005	198.99	0	-15	15.7	100	17	100	4.18	0	0	0	0	1	1	0	1	1	1	1	1	1	740	740	0	72	104	7.89E-14	-7.08E-06
3734627527	-0.0005	0.0005	198.99	0	-15	15.8	100	17	100	4.18	0	0	0	0	1	1	0	1	1	1	1	1	1	740	740	0	84	78	7.89E-14	-7.08E-06
3734627542	-0.0005	0.0005	198.99	0	-15	15.9	100	17	100	4.18	0	0	0	0	1	1	0	1	1	1	1	1	1	740	740	0	81	85	7.89E-14	-7.09E-06
3734627556	-0.0005	0.0005	198.99	0	-15	16	100	17	100	4.18	0	0	0	0	1	1	0	1	1	1	1	1	1	740	740	0	76	85	7.89E-14	-7.09E-06
3734627569	-0.0005	0.0005	198.99	0	-15	16.1	100	17	100	4.18	0	0	0	0	1	1	0	1	1	1	1	1	1	740	740	0	92	70	7.89E-14	-7.10E-06
3734627582	-0.0005	0.0005	198.99	0	-15	16.2	100	17	100	4.18	0	0	0	0	1	1	0	1	1	1	1	1	1	740	740	0	93	91	7.89E-14	-7.10E-06
3734627595	-0.0005	0.0005	198.99	0	-15	16.3	100	17	100	4.18	0	0	0	0	1	1	0	1	1	1	1	1	1	740	740	0	71	83	7.89E-14	-7.11E-06
3734627609	-0.0005	0.0005	198.99	0	-15	16.4	100	17	100	4.18	0	0	0	0	1	1	0	1	1	1	1	1	1	740	740	0	87	85	7.89E-14	-7.11E-06
3734627622	-0.0005	0.0005	198.99	0	-15	16.5	100	17	100	4.18	0	0	0	0	1	1	0	1	1	1	1	1	1	740	740	0	96	91	7.89E-14	-7.11E-06
3734627635	-0.0005	0.0005	198.99	0	-15	16.6	100	17	100	4.18	0	0	0	0	1	1	0	1	1	1	1	1	1	740	740	0	86	94	7.89E-14	-7.11E-06
3734627648	-0.0005	0.0005	198.99	0	-15	16.7	100	17	100	4.18	0	0	0	0	1	1	0	1	1	1	1	1	1	740	740	0	83	96	7.89E-14	-7.12E-06
3734627662	-0.0005	0.0005	198.99	0	-15	16.8	100	17	100	4.18	0	0	0	0	1	1	0	1	1	1	1	1	1	740	740	0	100	99	7.89E-14	-7.13E-06
3734627682	-0.0005	0.0005	198.99	0	-15	16.9	100	17	100	4.18	0	0	0	0	1	1	0	1	1	1	1	1	1	740	740	0	77	91	-4.42E-12	-7.13E-06
3734627696	-0.0005	0.0005	198.99	0	-15	17	100	17	100	4.18	0	0	0	0	1	1	0	1	1	1	1	1	1	740	740	0	85	90	-4.42E-12	-7.13E-06
3734627708	-0.0005	0.0005	198.99	0	-15	17.1	100	17	100	4.18	0	0	0	0	1	1	0	1	1	1	1	1	1	740	740	0	111	97	-4.42E-12	-7.13E-06
3734627721	-0.0005	0.0005	198.99	0	-15	17.2	100	17	100	4.18	0	0	0	0	1	1	0	1	1	1	1	1	1	740	740	0	94	100	-4.42E-12	-7.14E-06
3734627735	-0.0005	0.0005	198.99	0	-15	17.3	100	17	100	4.18	0	0	0	0	1	1	0	1	1	1	1	1	1	740	740	0	112	101	-4.42E-12	-7.14E-06
3734627748	-0.0005	0.0005	198.99	0	-15	17.4	100	17	100	4.18	0	0	0	0	1	1	0	1	1	1	1	1	1	740	740	0	91	104	-4.42E-12	-7.14E-06
3734627761	-0.0005	0.0005	198.99	0	-15	17.5	100	17	100	4.18	0	0	0	0	1	1	0	1	1	1	1	1	1	740	740	0	90	88	-4.42E-12	-7.15E-06
3734627776	-0.0005	0.0005	198.99	0	-15	17.6	100	17	100	4.18	0	0	0	0	1	1	0	1	1	1	1	1	1	740	740	0	106	88	-4.42E-12	-7.15E-06
3734627790	-0.0005	0.0005	198.99	0	-15	17.7	100	17	100	4.18	0	0	0	0	1	1	0	1	1	1	1	1	1	740	740	0	104	101	-4.42E-12	-7.16E-06
3734627804	-0.0005	0.0005	198.99	0	-15	17.8	100	17	100	4.18	0	0	0	0	1	1	0	1	1	1	1	1	1	740	740	0	105	88	-4.42E-12	-7.16E-06
3734627817	-0.0005	0.0005	198.99	0	-15	17.9	100	17	100	4.18	0	0	0	0	1	1	0	1	1	1	1	1	1	740	740	0	110	91	-4.42E-12	-7.15E-06
3734627832	-0.0005	0.0005	198.99	0	-15	18	100	17	100	4.18	0	0	0	0	1	1	0	1	1	1	1	1	1	740	740	0	110	102	-4.42E-12	-7.16E-06
3734627846	-0.0005	0.0005	198.99	0	-15	18.1	100	17	100	4.18	0	0	0	0	1	1	0	1	1	1	1	1	1	740	740	0	102	105	-4.42E-12	-7.17E-06
3734627859	-0.0005	0.0005	198.99	0	-15	18.2	100	17	100	4.18	0	0	0	0	1	1	0	1	1	1	1	1	1	740	740	0	119	95	-4.42E-12	-7.17E-06
3734627872	-0.0005	0.0005	198.99	0	-15	18.3	100	17	100	4.18	0	0	0	0	1	1	0	1	1	1	1	1	1	740	740	0	117	108	-4.42E-12	-7.17E-06
3734627885	-0.0005	0.0005	198.99	0	-15	18.4	100	17	100	4.18	0	0	0	0	1	1	0	1	1	1	1	1	1	740	740	0	107	105	-4.42E-12	-7.18E-06
3734627900	-0.0005	0.0005	198.99	0	-15	18.5	100	17	100	4.18	0	0	0	0	1	1	0	1	1	1	1	1	1	740	740	0	101	104	-4.42E-12	-7.18E-06
3734627914	-0.0005	0.0005	198.99	0	-15	18.6	100	17	100	4.18	0	0	0	0	1	1	0	1	1	1	1	1	1	740	740	0	107	114	-4.42E-12	-7.19E-06
3734627928	-0.0005	0.0005	198.99	0	-15	18.7	100	17	100	4.18	0	0	0	0	1	1	0	1	1	1	1	1	1	740	740	0	122	102	-4.42E-12	-7.19E-06
3734627941	-0.0005	0.0005	198.99	0	-15	18.8	100	17	100	4.18	0	0	0	0	1	1	0	1	1	1	1	1	1	740	740	0	96	100	-4.42E-12	-7.19E-06
3734627956	-0.0005	0.0005	198.99	0	-15	18.9	100	17	100	4.18	0	0	0	0	1	1	0	1	1	1	1	1	1	740	740	0	140	134	-4.42E-12	-7.19E-06
3734627971	-0.0005	0.0005	198.99	0	-15	19	100	17	100	4.18	0	0	0	0	1	1	0	1	1	1	1	1	1	740	740	0	123	117	-4.42E-12	-7.20E-06
3734627985	-0.0005	0.0005	198.99	0	-15	19.1	100	17	100	4.18	0	0	0	0	1	1	0	1	1	1	1	1	1	740	740	0	113	124	-4.42E-12	-7.20E-06
3734627999	-0.0005	0.0005	198.99	0	-15	19.2	100	17	100	4.18	0	0	0	0	1	1	0	1	1	1	1	1	1	740	740	0	118	118	-4.42E-12	-7.21E-06
3734628014	-0.0005	0.0005	198.99	0	-15	19.3	100	17	100	4.18	0	0	0	0	1	1	0	1	1	1	1	1	1	740	740	0	115	126	-4.42E-12	-7.20E-06
3734628027	-0.0005	0.0005	198.99	0	-15	19.4	100	17	100	4.18	0	0	0	0	1	1	0	1	1	1	1	1	1	740	740	0	111	113	-4.42E-12	-7.20E-06
3734628042	-0.0005	0.0005	198.99	0	-15	19.5	100	17	100	4.18	0	0	0	0	1	1	0	1	1	1	1	1	1	740	740	0	113	103	-4.42E-12	-7.21E-06
3734628055	-0.0005	0.0005	198.99	0	-15	19.6	100	17	100	4.18	0	0	0	0	1	1	0	1	1	1	1	1	1	740	740	0	131	111	-4.42E-12	-7.21E-06
3734628070	-0.0005	0.0005	198.99	0	-15	19.7	100	17	100	4.18	0	0	0	0	1	1	0	1	1	1	1	1	1	740	740	0	118	133	-4.42E-12	-7.22E-06
3734628084	-0.0005	0.0005	198.99	0	-15	19.8	100	17	100	4.18	0	0	0	0	1	1	0	1	1	1	1	1	1	740	740	0	120	146	-4.42E-12	-7.22E-06
3734628098	-0.0005	0.0005	198.99	0	-15	19.9	100	17	100	4.18	0	0	0	0	1	1	0	1	1	1	1	1	1	740	740	0	122	143	-4.42E-12	-7.22E-06
3734628111	-0.0005	0.0005	198.99	0	-15	20	100	17	100	4.18	0	0	0	0	1	1	0	1	1	1	1	1	1	740	740	0	126	131	-4.42E-12	-7.23E-06
