#Cu 100 Test 3_32.dat
#5/5/2022 2:24:04 PM
#Preliminary IPES Scan
#Sweep En
#Measure rgm, lgm, 6487
#Timestamp (sec)	X (mm)	Y (mm)	Z (mm)	Theta (deg)	EG Grid (V)	EG Energy (eV)	EG Extraction (V)	EG Focus 1 (V)	EG Focus 2 (V)	EG Filament (V)	EG X1 Alignment (V)	EG X2 Alignment (V)	EG Y1 Alignment (V)	EG Y2 Alignment (V)	6485 Samples	6487 Samples	6487 Voltage (V)	GM2 Dwell Time (s)	GM2 SCA Lower Limit (V)	GM2 SCA Upper Limit (V)	GM1 Dwell Time (s)	GM1 SCA Lower Limit (V)	GM1 SCA Upper Limit (V)	Voltage Supply A (V)	Voltage Supply B (V)	Dummy	GM2 Counts	GM1 Counts	Keithley6485 Current (A)	Keithley6487 Current (A)
#time	xpos	ypos	zpos	theta	grid	en	ext	f1	f2	fil	x1	x2	y1	y2	6485s	6487s	6487v	gm2dw	gm2ll	gm2ul	gm1dw	gm1ll	gm1ul	va	vb	dummy	gm2	gm1	6485c	6487c
3734619859.251365	-0.000500	0.000500	198.990000	0.000000	-15.000000	0.000000	100.000000	17.000000	100.000000	4.180000	0.000000	0.000000	0.000000	0.000000	1	1	0.000000	1.000000	1.000000	1.000000	1.000000	1.000000	1.000000	740.000000	740.000000	0.000000	10.000000	16.000000	7.885474E-14	-4.367314E-8
3734619872.212739	-0.000500	0.000500	198.990000	0.000000	-15.000000	0.100000	100.000000	17.000000	100.000000	4.180000	0.000000	0.000000	0.000000	0.000000	1	1	0.000000	1.000000	1.000000	1.000000	1.000000	1.000000	1.000000	740.000000	740.000000	0.000000	15.000000	22.000000	7.885474E-14	-4.285607E-8
3734619885.171118	-0.000500	0.000500	198.990000	0.000000	-15.000000	0.200000	100.000000	17.000000	100.000000	4.180000	0.000000	0.000000	0.000000	0.000000	1	1	0.000000	1.000000	1.000000	1.000000	1.000000	1.000000	1.000000	740.000000	740.000000	0.000000	17.000000	20.000000	7.885474E-14	-4.530729E-8
3734619898.138029	-0.000500	0.000500	198.990000	0.000000	-15.000000	0.300000	100.000000	17.000000	100.000000	4.180000	0.000000	0.000000	0.000000	0.000000	1	1	0.000000	1.000000	1.000000	1.000000	1.000000	1.000000	1.000000	740.000000	740.000000	0.000000	13.000000	14.000000	7.885474E-14	-4.183471E-8
3734619911.077217	-0.000500	0.000500	198.990000	0.000000	-15.000000	0.400000	100.000000	17.000000	100.000000	4.180000	0.000000	0.000000	0.000000	0.000000	1	1	0.000000	1.000000	1.000000	1.000000	1.000000	1.000000	1.000000	740.000000	740.000000	0.000000	16.000000	21.000000	7.885474E-14	-4.244751E-8
3734619924.033861	-0.000500	0.000500	198.990000	0.000000	-15.000000	0.500000	100.000000	17.000000	100.000000	4.180000	0.000000	0.000000	0.000000	0.000000	1	1	0.000000	1.000000	1.000000	1.000000	1.000000	1.000000	1.000000	740.000000	740.000000	0.000000	11.000000	17.000000	7.885474E-14	-4.510299E-8
3734619937.009695	-0.000500	0.000500	198.990000	0.000000	-15.000000	0.600000	100.000000	17.000000	100.000000	4.180000	0.000000	0.000000	0.000000	0.000000	1	1	0.000000	1.000000	1.000000	1.000000	1.000000	1.000000	1.000000	740.000000	740.000000	0.000000	12.000000	16.000000	7.885474E-14	-4.183472E-8
3734619949.962826	-0.000500	0.000500	198.990000	0.000000	-15.000000	0.700000	100.000000	17.000000	100.000000	4.180000	0.000000	0.000000	0.000000	0.000000	1	1	0.000000	1.000000	1.000000	1.000000	1.000000	1.000000	1.000000	740.000000	740.000000	0.000000	10.000000	25.000000	7.885474E-14	-4.530729E-8
3734619962.934503	-0.000500	0.000500	198.990000	0.000000	-15.000000	0.800000	100.000000	17.000000	100.000000	4.180000	0.000000	0.000000	0.000000	0.000000	1	1	0.000000	1.000000	1.000000	1.000000	1.000000	1.000000	1.000000	740.000000	740.000000	0.000000	10.000000	17.000000	7.885474E-14	-4.510302E-8
3734619975.893669	-0.000500	0.000500	198.990000	0.000000	-15.000000	0.900000	100.000000	17.000000	100.000000	4.180000	0.000000	0.000000	0.000000	0.000000	1	1	0.000000	1.000000	1.000000	1.000000	1.000000	1.000000	1.000000	740.000000	740.000000	0.000000	14.000000	17.000000	7.885474E-14	-4.898413E-8
3734619988.859129	-0.000500	0.000500	198.990000	0.000000	-15.000000	1.000000	100.000000	17.000000	100.000000	4.180000	0.000000	0.000000	0.000000	0.000000	1	1	0.000000	1.000000	1.000000	1.000000	1.000000	1.000000	1.000000	740.000000	740.000000	0.000000	16.000000	18.000000	7.885474E-14	-4.122192E-8
3734620001.843716	-0.000500	0.000500	198.990000	0.000000	-15.000000	1.100000	100.000000	17.000000	100.000000	4.180000	0.000000	0.000000	0.000000	0.000000	1	1	0.000000	1.000000	1.000000	1.000000	1.000000	1.000000	1.000000	740.000000	740.000000	0.000000	9.000000	20.000000	7.885474E-14	-4.142618E-8
3734620014.830634	-0.000500	0.000500	198.990000	0.000000	-15.000000	1.200000	100.000000	17.000000	100.000000	4.180000	0.000000	0.000000	0.000000	0.000000	1	1	0.000000	1.000000	1.000000	1.000000	1.000000	1.000000	1.000000	740.000000	740.000000	0.000000	8.000000	21.000000	7.885474E-14	-3.836215E-8
3734620027.806740	-0.000500	0.000500	198.990000	0.000000	-15.000000	1.300000	100.000000	17.000000	100.000000	4.180000	0.000000	0.000000	0.000000	0.000000	1	1	0.000000	1.000000	1.000000	1.000000	1.000000	1.000000	1.000000	740.000000	740.000000	0.000000	10.000000	13.000000	7.885474E-14	-3.815787E-8
3734620040.826324	-0.000500	0.000500	198.990000	0.000000	-15.000000	1.400000	100.000000	17.000000	100.000000	4.180000	0.000000	0.000000	0.000000	0.000000	1	1	0.000000	1.000000	1.000000	1.000000	1.000000	1.000000	1.000000	740.000000	740.000000	0.000000	10.000000	16.000000	7.885474E-14	-4.857559E-8
3734620054.639578	-0.000500	0.000500	198.990000	0.000000	-15.000000	1.500000	100.000000	17.000000	100.000000	4.180000	0.000000	0.000000	0.000000	0.000000	1	1	0.000000	1.000000	1.000000	1.000000	1.000000	1.000000	1.000000	740.000000	740.000000	0.000000	10.000000	17.000000	7.885474E-14	-4.408169E-8
3734620067.589690	-0.000500	0.000500	198.990000	0.000000	-15.000000	1.600000	100.000000	17.000000	100.000000	4.180000	0.000000	0.000000	0.000000	0.000000	1	1	0.000000	1.000000	1.000000	1.000000	1.000000	1.000000	1.000000	740.000000	740.000000	0.000000	10.000000	27.000000	7.885474E-14	-4.122191E-8
3734620080.574957	-0.000500	0.000500	198.990000	0.000000	-15.000000	1.700000	100.000000	17.000000	100.000000	4.180000	0.000000	0.000000	0.000000	0.000000	1	1	0.000000	1.000000	1.000000	1.000000	1.000000	1.000000	1.000000	740.000000	740.000000	0.000000	10.000000	18.000000	7.885474E-14	-4.775851E-8
3734620093.558496	-0.000500	0.000500	198.990000	0.000000	-15.000000	1.800000	100.000000	17.000000	100.000000	4.180000	0.000000	0.000000	0.000000	0.000000	1	1	0.000000	1.000000	1.000000	1.000000	1.000000	1.000000	1.000000	740.000000	740.000000	0.000000	14.000000	17.000000	7.885474E-14	-5.102681E-8
3734620106.557334	-0.000500	0.000500	198.990000	0.000000	-15.000000	1.900000	100.000000	17.000000	100.000000	4.180000	0.000000	0.000000	0.000000	0.000000	1	1	0.000000	1.000000	1.000000	1.000000	1.000000	1.000000	1.000000	740.000000	740.000000	0.000000	15.000000	14.000000	7.885474E-14	-5.061826E-8
3734620119.513986	-0.000500	0.000500	198.990000	0.000000	-15.000000	2.000000	100.000000	17.000000	100.000000	4.180000	0.000000	0.000000	0.000000	0.000000	1	1	0.000000	1.000000	1.000000	1.000000	1.000000	1.000000	1.000000	740.000000	740.000000	0.000000	15.000000	16.000000	7.885474E-14	-4.265180E-8
3734620132.482957	-0.000500	0.000500	198.990000	0.000000	-15.000000	2.100000	100.000000	17.000000	100.000000	4.180000	0.000000	0.000000	0.000000	0.000000	1	1	0.000000	1.000000	1.000000	1.000000	1.000000	1.000000	1.000000	740.000000	740.000000	0.000000	14.000000	12.000000	7.885474E-14	-4.694143E-8
3734620145.453491	-0.000500	0.000500	198.990000	0.000000	-15.000000	2.200000	100.000000	17.000000	100.000000	4.180000	0.000000	0.000000	0.000000	0.000000	1	1	0.000000	1.000000	1.000000	1.000000	1.000000	1.000000	1.000000	740.000000	740.000000	0.000000	15.000000	14.000000	7.885474E-14	-4.612436E-8
3734620158.422464	-0.000500	0.000500	198.990000	0.000000	-15.000000	2.300000	100.000000	17.000000	100.000000	4.180000	0.000000	0.000000	0.000000	0.000000	1	1	0.000000	1.000000	1.000000	1.000000	1.000000	1.000000	1.000000	740.000000	740.000000	0.000000	17.000000	21.000000	7.885474E-14	-4.101764E-8
3734620171.382710	-0.000500	0.000500	198.990000	0.000000	-15.000000	2.400000	100.000000	17.000000	100.000000	4.180000	0.000000	0.000000	0.000000	0.000000	1	1	0.000000	1.000000	1.000000	1.000000	1.000000	1.000000	1.000000	740.000000	740.000000	0.000000	6.000000	5.000000	7.885474E-14	-4.673716E-8
3734620184.324504	-0.000500	0.000500	198.990000	0.000000	-15.000000	2.500000	100.000000	17.000000	100.000000	4.180000	0.000000	0.000000	0.000000	0.000000	1	1	0.000000	1.000000	1.000000	1.000000	1.000000	1.000000	1.000000	740.000000	740.000000	0.000000	15.000000	17.000000	7.885474E-14	-5.000543E-8
3734620197.304306	-0.000500	0.000500	198.990000	0.000000	-15.000000	2.600000	100.000000	17.000000	100.000000	4.180000	0.000000	0.000000	0.000000	0.000000	1	1	0.000000	1.000000	1.000000	1.000000	1.000000	1.000000	1.000000	740.000000	740.000000	0.000000	10.000000	14.000000	7.885474E-14	-4.449020E-8
3734620210.288253	-0.000500	0.000500	198.990000	0.000000	-15.000000	2.700000	100.000000	17.000000	100.000000	4.180000	0.000000	0.000000	0.000000	0.000000	1	1	0.000000	1.000000	1.000000	1.000000	1.000000	1.000000	1.000000	740.000000	740.000000	0.000000	14.000000	13.000000	7.885474E-14	-4.653290E-8
3734620223.283542	-0.000500	0.000500	198.990000	0.000000	-15.000000	2.800000	100.000000	17.000000	100.000000	4.180000	0.000000	0.000000	0.000000	0.000000	1	1	0.000000	1.000000	1.000000	1.000000	1.000000	1.000000	1.000000	740.000000	740.000000	0.000000	5.000000	13.000000	7.885474E-14	-4.469447E-8
3734620236.251230	-0.000500	0.000500	198.990000	0.000000	-15.000000	2.900000	100.000000	17.000000	100.000000	4.180000	0.000000	0.000000	0.000000	0.000000	1	1	0.000000	1.000000	1.000000	1.000000	1.000000	1.000000	1.000000	740.000000	740.000000	0.000000	7.000000	10.000000	7.885474E-14	-4.203899E-8
3734620249.228360	-0.000500	0.000500	198.990000	0.000000	-15.000000	3.000000	100.000000	17.000000	100.000000	4.180000	0.000000	0.000000	0.000000	0.000000	1	1	0.000000	1.000000	1.000000	1.000000	1.000000	1.000000	1.000000	740.000000	740.000000	0.000000	11.000000	9.000000	7.885474E-14	-4.510300E-8
3734620262.198301	-0.000500	0.000500	198.990000	0.000000	-15.000000	3.100000	100.000000	17.000000	100.000000	4.180000	0.000000	0.000000	0.000000	0.000000	1	1	0.000000	1.000000	1.000000	1.000000	1.000000	1.000000	1.000000	740.000000	740.000000	0.000000	18.000000	14.000000	7.885474E-14	-4.918838E-8
3734620275.184040	-0.000500	0.000500	198.990000	0.000000	-15.000000	3.200000	100.000000	17.000000	100.000000	4.180000	0.000000	0.000000	0.000000	0.000000	1	1	0.000000	1.000000	1.000000	1.000000	1.000000	1.000000	1.000000	740.000000	740.000000	0.000000	14.000000	9.000000	7.885474E-14	-4.449021E-8
3734620288.184373	-0.000500	0.000500	198.990000	0.000000	-15.000000	3.300000	100.000000	17.000000	100.000000	4.180000	0.000000	0.000000	0.000000	0.000000	1	1	0.000000	1.000000	1.000000	1.000000	1.000000	1.000000	1.000000	740.000000	740.000000	0.000000	9.000000	15.000000	7.885474E-14	-4.387741E-8
3734620301.150631	-0.000500	0.000500	198.990000	0.000000	-15.000000	3.400000	100.000000	17.000000	100.000000	4.180000	0.000000	0.000000	0.000000	0.000000	1	1	0.000000	1.000000	1.000000	1.000000	1.000000	1.000000	1.000000	740.000000	740.000000	0.000000	20.000000	11.000000	7.885474E-14	-4.367313E-8
3734620314.121392	-0.000500	0.000500	198.990000	0.000000	-15.000000	3.500000	100.000000	17.000000	100.000000	4.180000	0.000000	0.000000	0.000000	0.000000	1	1	0.000000	1.000000	1.000000	1.000000	1.000000	1.000000	1.000000	740.000000	740.000000	0.000000	13.000000	15.000000	7.885474E-14	-4.755424E-8
3734620327.083392	-0.000500	0.000500	198.990000	0.000000	-15.000000	3.600000	100.000000	17.000000	100.000000	4.180000	0.000000	0.000000	0.000000	0.000000	1	1	0.000000	1.000000	1.000000	1.000000	1.000000	1.000000	1.000000	740.000000	740.000000	0.000000	9.000000	9.000000	7.885474E-14	-4.551156E-8
3734620340.050238	-0.000500	0.000500	198.990000	0.000000	-15.000000	3.700000	100.000000	17.000000	100.000000	4.180000	0.000000	0.000000	0.000000	0.000000	1	1	0.000000	1.000000	1.000000	1.000000	1.000000	1.000000	1.000000	740.000000	740.000000	0.000000	12.000000	12.000000	7.885474E-14	-4.592009E-8
3734620353.021062	-0.000500	0.000500	198.990000	0.000000	-15.000000	3.800000	100.000000	17.000000	100.000000	4.180000	0.000000	0.000000	0.000000	0.000000	1	1	0.000000	1.000000	1.000000	1.000000	1.000000	1.000000	1.000000	740.000000	740.000000	0.000000	9.000000	13.000000	7.885474E-14	-4.387741E-8
3734620365.986514	-0.000500	0.000500	198.990000	0.000000	-15.000000	3.900000	100.000000	17.000000	100.000000	4.180000	0.000000	0.000000	0.000000	0.000000	1	1	0.000000	1.000000	1.000000	1.000000	1.000000	1.000000	1.000000	740.000000	740.000000	0.000000	11.000000	10.000000	7.885474E-14	-4.632862E-8
3734620378.954523	-0.000500	0.000500	198.990000	0.000000	-15.000000	4.000000	100.000000	17.000000	100.000000	4.180000	0.000000	0.000000	0.000000	0.000000	1	1	0.000000	1.000000	1.000000	1.000000	1.000000	1.000000	1.000000	740.000000	740.000000	0.000000	10.000000	6.000000	7.885474E-14	-4.203899E-8
3734620391.899482	-0.000500	0.000500	198.990000	0.000000	-15.000000	4.100000	100.000000	17.000000	100.000000	4.180000	0.000000	0.000000	0.000000	0.000000	1	1	0.000000	1.000000	1.000000	1.000000	1.000000	1.000000	1.000000	740.000000	740.000000	0.000000	9.000000	14.000000	7.885474E-14	-3.713652E-8
3734620404.854299	-0.000500	0.000500	198.990000	0.000000	-15.000000	4.200000	100.000000	17.000000	100.000000	4.180000	0.000000	0.000000	0.000000	0.000000	1	1	0.000000	1.000000	1.000000	1.000000	1.000000	1.000000	1.000000	740.000000	740.000000	0.000000	8.000000	11.000000	7.885474E-14	-5.286521E-8
3734620417.823657	-0.000500	0.000500	198.990000	0.000000	-15.000000	4.300000	100.000000	17.000000	100.000000	4.180000	0.000000	0.000000	0.000000	0.000000	1	1	0.000000	1.000000	1.000000	1.000000	1.000000	1.000000	1.000000	740.000000	740.000000	0.000000	8.000000	10.000000	7.885474E-14	-4.122190E-8
3734620430.817280	-0.000500	0.000500	198.990000	0.000000	-15.000000	4.400000	100.000000	17.000000	100.000000	4.180000	0.000000	0.000000	0.000000	0.000000	1	1	0.000000	1.000000	1.000000	1.000000	1.000000	1.000000	1.000000	740.000000	740.000000	0.000000	14.000000	9.000000	7.885474E-14	-4.816704E-8
3734620443.780093	-0.000500	0.000500	198.990000	0.000000	-15.000000	4.500000	100.000000	17.000000	100.000000	4.180000	0.000000	0.000000	0.000000	0.000000	1	1	0.000000	1.000000	1.000000	1.000000	1.000000	1.000000	1.000000	740.000000	740.000000	0.000000	7.000000	7.000000	7.885474E-14	-4.081336E-8
3734620456.773663	-0.000500	0.000500	198.990000	0.000000	-15.000000	4.600000	100.000000	17.000000	100.000000	4.180000	0.000000	0.000000	0.000000	0.000000	1	1	0.000000	1.000000	1.000000	1.000000	1.000000	1.000000	1.000000	740.000000	740.000000	0.000000	11.000000	11.000000	7.885474E-14	-4.060910E-8
3734620469.746411	-0.000500	0.000500	198.990000	0.000000	-15.000000	4.700000	100.000000	17.000000	100.000000	4.180000	0.000000	0.000000	0.000000	0.000000	1	1	0.000000	1.000000	1.000000	1.000000	1.000000	1.000000	1.000000	740.000000	740.000000	0.000000	10.000000	12.000000	7.885474E-14	-4.203898E-8
3734620482.694266	-0.000500	0.000500	198.990000	0.000000	-15.000000	4.800000	100.000000	17.000000	100.000000	4.180000	0.000000	0.000000	0.000000	0.000000	1	1	0.000000	1.000000	1.000000	1.000000	1.000000	1.000000	1.000000	740.000000	740.000000	0.000000	17.000000	9.000000	7.885474E-14	-4.408165E-8
3734620495.652142	-0.000500	0.000500	198.990000	0.000000	-15.000000	4.900000	100.000000	17.000000	100.000000	4.180000	0.000000	0.000000	0.000000	0.000000	1	1	0.000000	1.000000	1.000000	1.000000	1.000000	1.000000	1.000000	740.000000	740.000000	0.000000	21.000000	9.000000	7.885474E-14	-3.836215E-8
3734620508.618856	-0.000500	0.000500	198.990000	0.000000	-15.000000	5.000000	100.000000	17.000000	100.000000	4.180000	0.000000	0.000000	0.000000	0.000000	1	1	0.000000	1.000000	1.000000	1.000000	1.000000	1.000000	1.000000	740.000000	740.000000	0.000000	27.000000	9.000000	7.885474E-14	-4.653289E-8
3734620521.594088	-0.000500	0.000500	198.990000	0.000000	-15.000000	5.100000	100.000000	17.000000	100.000000	4.180000	0.000000	0.000000	0.000000	0.000000	1	1	0.000000	1.000000	1.000000	1.000000	1.000000	1.000000	1.000000	740.000000	740.000000	0.000000	20.000000	24.000000	7.885474E-14	-4.510299E-8
3734620535.357541	-0.000500	0.000500	198.990000	0.000000	-15.000000	5.200000	100.000000	17.000000	100.000000	4.180000	0.000000	0.000000	0.000000	0.000000	1	1	0.000000	1.000000	1.000000	1.000000	1.000000	1.000000	1.000000	740.000000	740.000000	0.000000	39.000000	28.000000	7.885474E-14	-4.918838E-8
3734620548.253437	-0.000500	0.000500	198.990000	0.000000	-15.000000	5.300000	100.000000	17.000000	100.000000	4.180000	0.000000	0.000000	0.000000	0.000000	1	1	0.000000	1.000000	1.000000	1.000000	1.000000	1.000000	1.000000	740.000000	740.000000	0.000000	48.000000	50.000000	7.885474E-14	-5.449937E-8
3734620561.487662	-0.000500	0.000500	198.990000	0.000000	-15.000000	5.400000	100.000000	17.000000	100.000000	4.180000	0.000000	0.000000	0.000000	0.000000	1	1	0.000000	1.000000	1.000000	1.000000	1.000000	1.000000	1.000000	740.000000	740.000000	0.000000	71.000000	104.000000	7.885474E-14	-7.308783E-8
3734620574.399601	-0.000500	0.000500	198.990000	0.000000	-15.000000	5.500000	100.000000	17.000000	100.000000	4.180000	0.000000	0.000000	0.000000	0.000000	1	1	0.000000	1.000000	1.000000	1.000000	1.000000	1.000000	1.000000	740.000000	740.000000	0.000000	86.000000	160.000000	7.885474E-14	-1.067922E-7
3734620588.543478	-0.000500	0.000500	198.990000	0.000000	-15.000000	5.600000	100.000000	17.000000	100.000000	4.180000	0.000000	0.000000	0.000000	0.000000	1	1	0.000000	1.000000	1.000000	1.000000	1.000000	1.000000	1.000000	740.000000	740.000000	0.000000	118.000000	214.000000	7.885474E-14	-1.995302E-7
3734620602.580225	-0.000500	0.000500	198.990000	0.000000	-15.000000	5.700000	100.000000	17.000000	100.000000	4.180000	0.000000	0.000000	0.000000	0.000000	1	1	0.000000	1.000000	1.000000	1.000000	1.000000	1.000000	1.000000	740.000000	740.000000	0.000000	131.000000	234.000000	7.885474E-14	-3.988967E-7
3734620617.854867	-0.000500	0.000500	198.990000	0.000000	-15.000000	5.800000	100.000000	17.000000	100.000000	4.180000	0.000000	0.000000	0.000000	0.000000	1	1	0.000000	1.000000	1.000000	1.000000	1.000000	1.000000	1.000000	740.000000	740.000000	0.000000	156.000000	279.000000	7.885474E-14	-7.784278E-7
3734620632.967781	-0.000500	0.000500	198.990000	0.000000	-15.000000	5.900000	100.000000	17.000000	100.000000	4.180000	0.000000	0.000000	0.000000	0.000000	1	1	0.000000	1.000000	1.000000	1.000000	1.000000	1.000000	1.000000	740.000000	740.000000	0.000000	126.000000	279.000000	7.885474E-14	-1.382451E-6
3734620646.846822	-0.000500	0.000500	198.990000	0.000000	-15.000000	6.000000	100.000000	17.000000	100.000000	4.180000	0.000000	0.000000	0.000000	0.000000	1	1	0.000000	1.000000	1.000000	1.000000	1.000000	1.000000	1.000000	740.000000	740.000000	0.000000	101.000000	215.000000	7.885474E-14	-2.230167E-6
3734620662.116253	-0.000500	0.000500	198.990000	0.000000	-15.000000	6.100000	100.000000	17.000000	100.000000	4.180000	0.000000	0.000000	0.000000	0.000000	1	1	0.000000	1.000000	1.000000	1.000000	1.000000	1.000000	1.000000	740.000000	740.000000	0.000000	79.000000	194.000000	7.885474E-14	-3.040502E-6
3734620675.793425	-0.000500	0.000500	198.990000	0.000000	-15.000000	6.200000	100.000000	17.000000	100.000000	4.180000	0.000000	0.000000	0.000000	0.000000	1	1	0.000000	1.000000	1.000000	1.000000	1.000000	1.000000	1.000000	740.000000	740.000000	0.000000	69.000000	133.000000	7.885474E-14	-3.860437E-6
3734620690.113879	-0.000500	0.000500	198.990000	0.000000	-15.000000	6.300000	100.000000	17.000000	100.000000	4.180000	0.000000	0.000000	0.000000	0.000000	1	1	0.000000	1.000000	1.000000	1.000000	1.000000	1.000000	1.000000	740.000000	740.000000	0.000000	51.000000	83.000000	7.885474E-14	-4.618069E-6
3734620703.433914	-0.000500	0.000500	198.990000	0.000000	-15.000000	6.400000	100.000000	17.000000	100.000000	4.180000	0.000000	0.000000	0.000000	0.000000	1	1	0.000000	1.000000	1.000000	1.000000	1.000000	1.000000	1.000000	740.000000	740.000000	0.000000	28.000000	52.000000	7.885474E-14	-5.001890E-6
3734620715.587389	-0.000500	0.000500	198.990000	0.000000	-15.000000	6.500000	100.000000	17.000000	100.000000	4.180000	0.000000	0.000000	0.000000	0.000000	1	1	0.000000	1.000000	1.000000	1.000000	1.000000	1.000000	1.000000	740.000000	740.000000	0.000000	38.000000	66.000000	7.885474E-14	-5.075225E-6
3734620727.985349	-0.000500	0.000500	198.990000	0.000000	-15.000000	6.600000	100.000000	17.000000	100.000000	4.180000	0.000000	0.000000	0.000000	0.000000	1	1	0.000000	1.000000	1.000000	1.000000	1.000000	1.000000	1.000000	740.000000	740.000000	0.000000	35.000000	58.000000	7.885474E-14	-5.039273E-6
3734620740.814561	-0.000500	0.000500	198.990000	0.000000	-15.000000	6.700000	100.000000	17.000000	100.000000	4.180000	0.000000	0.000000	0.000000	0.000000	1	1	0.000000	1.000000	1.000000	1.000000	1.000000	1.000000	1.000000	740.000000	740.000000	0.000000	53.000000	56.000000	7.885474E-14	-4.967778E-6
3734620753.006266	-0.000500	0.000500	198.990000	0.000000	-15.000000	6.800000	100.000000	17.000000	100.000000	4.180000	0.000000	0.000000	0.000000	0.000000	1	1	0.000000	1.000000	1.000000	1.000000	1.000000	1.000000	1.000000	740.000000	740.000000	0.000000	43.000000	61.000000	7.885474E-14	-4.891791E-6
3734620766.586670	-0.000500	0.000500	198.990000	0.000000	-15.000000	6.900000	100.000000	17.000000	100.000000	4.180000	0.000000	0.000000	0.000000	0.000000	1	1	0.000000	1.000000	1.000000	1.000000	1.000000	1.000000	1.000000	740.000000	740.000000	0.000000	49.000000	61.000000	7.885474E-14	-4.835207E-6
3734620780.318789	-0.000500	0.000500	198.990000	0.000000	-15.000000	7.000000	100.000000	17.000000	100.000000	4.180000	0.000000	0.000000	0.000000	0.000000	1	1	0.000000	1.000000	1.000000	1.000000	1.000000	1.000000	1.000000	740.000000	740.000000	0.000000	43.000000	59.000000	7.885474E-14	-4.771271E-6
3734620793.530438	-0.000500	0.000500	198.990000	0.000000	-15.000000	7.100000	100.000000	17.000000	100.000000	4.180000	0.000000	0.000000	0.000000	0.000000	1	1	0.000000	1.000000	1.000000	1.000000	1.000000	1.000000	1.000000	740.000000	740.000000	0.000000	65.000000	41.000000	7.885474E-14	-4.715915E-6
3734620807.583873	-0.000500	0.000500	198.990000	0.000000	-15.000000	7.200000	100.000000	17.000000	100.000000	4.180000	0.000000	0.000000	0.000000	0.000000	1	1	0.000000	1.000000	1.000000	1.000000	1.000000	1.000000	1.000000	740.000000	740.000000	0.000000	46.000000	53.000000	7.885474E-14	-4.675264E-6
3734620822.471077	-0.000500	0.000500	198.990000	0.000000	-15.000000	7.300000	100.000000	17.000000	100.000000	4.180000	0.000000	0.000000	0.000000	0.000000	1	1	0.000000	1.000000	1.000000	1.000000	1.000000	1.000000	1.000000	740.000000	740.000000	0.000000	40.000000	63.000000	7.885474E-14	-4.647483E-6
3734620834.647342	-0.000500	0.000500	198.990000	0.000000	-15.000000	7.400000	100.000000	17.000000	100.000000	4.180000	0.000000	0.000000	0.000000	0.000000	1	1	0.000000	1.000000	1.000000	1.000000	1.000000	1.000000	1.000000	740.000000	740.000000	0.000000	55.000000	55.000000	7.885474E-14	-4.622972E-6
3734620847.087423	-0.000500	0.000500	198.990000	0.000000	-15.000000	7.500000	100.000000	17.000000	100.000000	4.180000	0.000000	0.000000	0.000000	0.000000	1	1	0.000000	1.000000	1.000000	1.000000	1.000000	1.000000	1.000000	740.000000	740.000000	0.000000	44.000000	46.000000	7.885474E-14	-4.603566E-6
3734620860.930238	-0.000500	0.000500	198.990000	0.000000	-15.000000	7.600000	100.000000	17.000000	100.000000	4.180000	0.000000	0.000000	0.000000	0.000000	1	1	0.000000	1.000000	1.000000	1.000000	1.000000	1.000000	1.000000	740.000000	740.000000	0.000000	53.000000	61.000000	7.885474E-14	-4.595803E-6
3734620873.544963	-0.000500	0.000500	198.990000	0.000000	-15.000000	7.700000	100.000000	17.000000	100.000000	4.180000	0.000000	0.000000	0.000000	0.000000	1	1	0.000000	1.000000	1.000000	1.000000	1.000000	1.000000	1.000000	740.000000	740.000000	0.000000	41.000000	75.000000	7.885474E-14	-4.580076E-6
3734620887.289726	-0.000500	0.000500	198.990000	0.000000	-15.000000	7.800000	100.000000	17.000000	100.000000	4.180000	0.000000	0.000000	0.000000	0.000000	1	1	0.000000	1.000000	1.000000	1.000000	1.000000	1.000000	1.000000	740.000000	740.000000	0.000000	53.000000	59.000000	7.885474E-14	-4.574355E-6
3734620899.941214	-0.000500	0.000500	198.990000	0.000000	-15.000000	7.900000	100.000000	17.000000	100.000000	4.180000	0.000000	0.000000	0.000000	0.000000	1	1	0.000000	1.000000	1.000000	1.000000	1.000000	1.000000	1.000000	740.000000	740.000000	0.000000	39.000000	65.000000	7.885474E-14	-4.584160E-6
3734620913.717974	-0.000500	0.000500	198.990000	0.000000	-15.000000	8.000000	100.000000	17.000000	100.000000	4.180000	0.000000	0.000000	0.000000	0.000000	1	1	0.000000	1.000000	1.000000	1.000000	1.000000	1.000000	1.000000	740.000000	740.000000	0.000000	47.000000	56.000000	7.885474E-14	-4.590492E-6
3734620926.776488	-0.000500	0.000500	198.990000	0.000000	-15.000000	8.100000	100.000000	17.000000	100.000000	4.180000	0.000000	0.000000	0.000000	0.000000	1	1	0.000000	1.000000	1.000000	1.000000	1.000000	1.000000	1.000000	740.000000	740.000000	0.000000	51.000000	76.000000	7.885474E-14	-4.609490E-6
3734620940.422548	-0.000500	0.000500	198.990000	0.000000	-15.000000	8.200000	100.000000	17.000000	100.000000	4.180000	0.000000	0.000000	0.000000	0.000000	1	1	0.000000	1.000000	1.000000	1.000000	1.000000	1.000000	1.000000	740.000000	740.000000	0.000000	36.000000	59.000000	7.885474E-14	-4.634002E-6
3734620953.924599	-0.000500	0.000500	198.990000	0.000000	-15.000000	8.300000	100.000000	17.000000	100.000000	4.180000	0.000000	0.000000	0.000000	0.000000	1	1	0.000000	1.000000	1.000000	1.000000	1.000000	1.000000	1.000000	740.000000	740.000000	0.000000	54.000000	55.000000	7.885474E-14	-4.660967E-6
3734620968.010195	-0.000500	0.000500	198.990000	0.000000	-15.000000	8.400000	100.000000	17.000000	100.000000	4.180000	0.000000	0.000000	0.000000	0.000000	1	1	0.000000	1.000000	1.000000	1.000000	1.000000	1.000000	1.000000	740.000000	740.000000	0.000000	59.000000	50.000000	7.885474E-14	-4.707538E-6
3734620981.570591	-0.000500	0.000500	198.990000	0.000000	-15.000000	8.500000	100.000000	17.000000	100.000000	4.180000	0.000000	0.000000	0.000000	0.000000	1	1	0.000000	1.000000	1.000000	1.000000	1.000000	1.000000	1.000000	740.000000	740.000000	0.000000	55.000000	54.000000	7.885474E-14	-4.764120E-6
3734620993.664855	-0.000500	0.000500	198.990000	0.000000	-15.000000	8.600000	100.000000	17.000000	100.000000	4.180000	0.000000	0.000000	0.000000	0.000000	1	1	0.000000	1.000000	1.000000	1.000000	1.000000	1.000000	1.000000	740.000000	740.000000	0.000000	55.000000	61.000000	7.885474E-14	-4.830305E-6
3734621006.043640	-0.000500	0.000500	198.990000	0.000000	-15.000000	8.700000	100.000000	17.000000	100.000000	4.180000	0.000000	0.000000	0.000000	0.000000	1	1	0.000000	1.000000	1.000000	1.000000	1.000000	1.000000	1.000000	740.000000	740.000000	0.000000	54.000000	54.000000	7.885474E-14	-4.914260E-6
3734621019.964253	-0.000500	0.000500	198.990000	0.000000	-15.000000	8.800000	100.000000	17.000000	100.000000	4.180000	0.000000	0.000000	0.000000	0.000000	1	1	0.000000	1.000000	1.000000	1.000000	1.000000	1.000000	1.000000	740.000000	740.000000	0.000000	49.000000	64.000000	7.885474E-14	-5.013738E-6
3734621033.352817	-0.000500	0.000500	198.990000	0.000000	-15.000000	8.900000	100.000000	17.000000	100.000000	4.180000	0.000000	0.000000	0.000000	0.000000	1	1	0.000000	1.000000	1.000000	1.000000	1.000000	1.000000	1.000000	740.000000	740.000000	0.000000	30.000000	55.000000	7.885474E-14	-5.132008E-6
3734621045.899994	-0.000500	0.000500	198.990000	0.000000	-15.000000	9.000000	100.000000	17.000000	100.000000	4.180000	0.000000	0.000000	0.000000	0.000000	1	1	0.000000	1.000000	1.000000	1.000000	1.000000	1.000000	1.000000	740.000000	740.000000	0.000000	41.000000	61.000000	7.885474E-14	-5.262127E-6
3734621059.154642	-0.000500	0.000500	198.990000	0.000000	-15.000000	9.100000	100.000000	17.000000	100.000000	4.180000	0.000000	0.000000	0.000000	0.000000	1	1	0.000000	1.000000	1.000000	1.000000	1.000000	1.000000	1.000000	740.000000	740.000000	0.000000	42.000000	42.000000	7.885474E-14	-5.423293E-6
3734621073.744516	-0.000500	0.000500	198.990000	0.000000	-15.000000	9.200000	100.000000	17.000000	100.000000	4.180000	0.000000	0.000000	0.000000	0.000000	1	1	0.000000	1.000000	1.000000	1.000000	1.000000	1.000000	1.000000	740.000000	740.000000	0.000000	30.000000	36.000000	7.885474E-14	-5.571800E-6
3734621088.398633	-0.000500	0.000500	198.990000	0.000000	-15.000000	9.300000	100.000000	17.000000	100.000000	4.180000	0.000000	0.000000	0.000000	0.000000	1	1	0.000000	1.000000	1.000000	1.000000	1.000000	1.000000	1.000000	740.000000	740.000000	0.000000	32.000000	46.000000	7.885474E-14	-5.720099E-6
3734621102.975268	-0.000500	0.000500	198.990000	0.000000	-15.000000	9.400000	100.000000	17.000000	100.000000	4.180000	0.000000	0.000000	0.000000	0.000000	1	1	0.000000	1.000000	1.000000	1.000000	1.000000	1.000000	1.000000	740.000000	740.000000	0.000000	39.000000	46.000000	7.885474E-14	-5.871051E-6
3734621115.941756	-0.000500	0.000500	198.990000	0.000000	-15.000000	9.500000	100.000000	17.000000	100.000000	4.180000	0.000000	0.000000	0.000000	0.000000	1	1	0.000000	1.000000	1.000000	1.000000	1.000000	1.000000	1.000000	740.000000	740.000000	0.000000	29.000000	36.000000	7.885474E-14	-5.985034E-6
3734621130.033400	-0.000500	0.000500	198.990000	0.000000	-15.000000	9.600000	100.000000	17.000000	100.000000	4.180000	0.000000	0.000000	0.000000	0.000000	1	1	0.000000	1.000000	1.000000	1.000000	1.000000	1.000000	1.000000	740.000000	740.000000	0.000000	29.000000	33.000000	7.885474E-14	-6.090640E-6
3734621144.122613	-0.000500	0.000500	198.990000	0.000000	-15.000000	9.700000	100.000000	17.000000	100.000000	4.180000	0.000000	0.000000	0.000000	0.000000	1	1	0.000000	1.000000	1.000000	1.000000	1.000000	1.000000	1.000000	740.000000	740.000000	0.000000	24.000000	35.000000	7.885474E-14	-6.164995E-6
3734621157.078213	-0.000500	0.000500	198.990000	0.000000	-15.000000	9.800000	100.000000	17.000000	100.000000	4.180000	0.000000	0.000000	0.000000	0.000000	1	1	0.000000	1.000000	1.000000	1.000000	1.000000	1.000000	1.000000	740.000000	740.000000	0.000000	32.000000	32.000000	7.885474E-14	-6.237715E-6
3734621171.146761	-0.000500	0.000500	198.990000	0.000000	-15.000000	9.900000	100.000000	17.000000	100.000000	4.180000	0.000000	0.000000	0.000000	0.000000	1	1	0.000000	1.000000	1.000000	1.000000	1.000000	1.000000	1.000000	740.000000	740.000000	0.000000	28.000000	44.000000	7.885474E-14	-6.282859E-6
3734621184.129925	-0.000500	0.000500	198.990000	0.000000	-15.000000	10.000000	100.000000	17.000000	100.000000	4.180000	0.000000	0.000000	0.000000	0.000000	1	1	0.000000	1.000000	1.000000	1.000000	1.000000	1.000000	1.000000	740.000000	740.000000	0.000000	33.000000	42.000000	7.885474E-14	-6.340871E-6
3734621199.338751	-0.000500	0.000500	198.990000	0.000000	-15.000000	10.100000	100.000000	17.000000	100.000000	4.180000	0.000000	0.000000	0.000000	0.000000	1	1	0.000000	1.000000	1.000000	1.000000	1.000000	1.000000	1.000000	740.000000	740.000000	0.000000	39.000000	37.000000	7.885474E-14	-6.374576E-6
3734621212.278051	-0.000500	0.000500	198.990000	0.000000	-15.000000	10.200000	100.000000	17.000000	100.000000	4.180000	0.000000	0.000000	0.000000	0.000000	1	1	0.000000	1.000000	1.000000	1.000000	1.000000	1.000000	1.000000	740.000000	740.000000	0.000000	26.000000	33.000000	7.885474E-14	-6.415836E-6
3734621225.262460	-0.000500	0.000500	198.990000	0.000000	-15.000000	10.300000	100.000000	17.000000	100.000000	4.180000	0.000000	0.000000	0.000000	0.000000	1	1	0.000000	1.000000	1.000000	1.000000	1.000000	1.000000	1.000000	740.000000	740.000000	0.000000	26.000000	35.000000	7.885474E-14	-6.451176E-6
3734621238.232131	-0.000500	0.000500	198.990000	0.000000	-15.000000	10.400000	100.000000	17.000000	100.000000	4.180000	0.000000	0.000000	0.000000	0.000000	1	1	0.000000	1.000000	1.000000	1.000000	1.000000	1.000000	1.000000	740.000000	740.000000	0.000000	29.000000	34.000000	7.885474E-14	-6.477935E-6
3734621252.639814	-0.000500	0.000500	198.990000	0.000000	-15.000000	10.500000	100.000000	17.000000	100.000000	4.180000	0.000000	0.000000	0.000000	0.000000	1	1	0.000000	1.000000	1.000000	1.000000	1.000000	1.000000	1.000000	740.000000	740.000000	0.000000	30.000000	50.000000	7.885474E-14	-6.505918E-6
3734621266.688422	-0.000500	0.000500	198.990000	0.000000	-15.000000	10.600000	100.000000	17.000000	100.000000	4.180000	0.000000	0.000000	0.000000	0.000000	1	1	0.000000	1.000000	1.000000	1.000000	1.000000	1.000000	1.000000	740.000000	740.000000	0.000000	26.000000	43.000000	7.885474E-14	-6.527162E-6
3734621280.439661	-0.000500	0.000500	198.990000	0.000000	-15.000000	10.700000	100.000000	17.000000	100.000000	4.180000	0.000000	0.000000	0.000000	0.000000	1	1	0.000000	1.000000	1.000000	1.000000	1.000000	1.000000	1.000000	740.000000	740.000000	0.000000	31.000000	30.000000	7.885474E-14	-6.549836E-6
3734621294.431179	-0.000500	0.000500	198.990000	0.000000	-15.000000	10.800000	100.000000	17.000000	100.000000	4.180000	0.000000	0.000000	0.000000	0.000000	1	1	0.000000	1.000000	1.000000	1.000000	1.000000	1.000000	1.000000	740.000000	740.000000	0.000000	29.000000	33.000000	7.885474E-14	-6.561684E-6
3734621307.404638	-0.000500	0.000500	198.990000	0.000000	-15.000000	10.900000	100.000000	17.000000	100.000000	4.180000	0.000000	0.000000	0.000000	0.000000	1	1	0.000000	1.000000	1.000000	1.000000	1.000000	1.000000	1.000000	740.000000	740.000000	0.000000	15.000000	33.000000	7.885474E-14	-6.579252E-6
3734621323.400929	-0.000500	0.000500	198.990000	0.000000	-15.000000	11.000000	100.000000	17.000000	100.000000	4.180000	0.000000	0.000000	0.000000	0.000000	1	1	0.000000	1.000000	1.000000	1.000000	1.000000	1.000000	1.000000	740.000000	740.000000	0.000000	37.000000	37.000000	7.885474E-14	-6.607440E-6
3734621337.440814	-0.000500	0.000500	198.990000	0.000000	-15.000000	11.100000	100.000000	17.000000	100.000000	4.180000	0.000000	0.000000	0.000000	0.000000	1	1	0.000000	1.000000	1.000000	1.000000	1.000000	1.000000	1.000000	740.000000	740.000000	0.000000	24.000000	35.000000	7.885474E-14	-6.614387E-6
3734621352.321713	-0.000500	0.000500	198.990000	0.000000	-15.000000	11.200000	100.000000	17.000000	100.000000	4.180000	0.000000	0.000000	0.000000	0.000000	1	1	0.000000	1.000000	1.000000	1.000000	1.000000	1.000000	1.000000	740.000000	740.000000	0.000000	43.000000	58.000000	7.885474E-14	-6.639714E-6
3734621365.978790	-0.000500	0.000500	198.990000	0.000000	-15.000000	11.300000	100.000000	17.000000	100.000000	4.180000	0.000000	0.000000	0.000000	0.000000	1	1	0.000000	1.000000	1.000000	1.000000	1.000000	1.000000	1.000000	740.000000	740.000000	0.000000	56.000000	122.000000	7.885474E-14	-6.646660E-6
3734621381.342735	-0.000500	0.000500	198.990000	0.000000	-15.000000	11.400000	100.000000	17.000000	100.000000	4.180000	0.000000	0.000000	0.000000	0.000000	1	1	0.000000	1.000000	1.000000	1.000000	1.000000	1.000000	1.000000	740.000000	740.000000	0.000000	76.000000	202.000000	7.885474E-14	-6.661569E-6
3734621395.986289	-0.000500	0.000500	198.990000	0.000000	-15.000000	11.500000	100.000000	17.000000	100.000000	4.180000	0.000000	0.000000	0.000000	0.000000	1	1	0.000000	1.000000	1.000000	1.000000	1.000000	1.000000	1.000000	740.000000	740.000000	0.000000	115.000000	246.000000	7.885474E-14	-6.667495E-6
3734621410.744135	-0.000500	0.000500	198.990000	0.000000	-15.000000	11.600000	100.000000	17.000000	100.000000	4.180000	0.000000	0.000000	0.000000	0.000000	1	1	0.000000	1.000000	1.000000	1.000000	1.000000	1.000000	1.000000	740.000000	740.000000	0.000000	162.000000	329.000000	7.885474E-14	-6.682611E-6
3734621425.607277	-0.000500	0.000500	198.990000	0.000000	-15.000000	11.700000	100.000000	17.000000	100.000000	4.180000	0.000000	0.000000	0.000000	0.000000	1	1	0.000000	1.000000	1.000000	1.000000	1.000000	1.000000	1.000000	740.000000	740.000000	0.000000	195.000000	360.000000	7.885474E-14	-6.692414E-6
3734621440.685283	-0.000500	0.000500	198.990000	0.000000	-15.000000	11.800000	100.000000	17.000000	100.000000	4.180000	0.000000	0.000000	0.000000	0.000000	1	1	0.000000	1.000000	1.000000	1.000000	1.000000	1.000000	1.000000	740.000000	740.000000	0.000000	252.000000	377.000000	7.885474E-14	-6.708550E-6
3734621456.001394	-0.000500	0.000500	198.990000	0.000000	-15.000000	11.900000	100.000000	17.000000	100.000000	4.180000	0.000000	0.000000	0.000000	0.000000	1	1	0.000000	1.000000	1.000000	1.000000	1.000000	1.000000	1.000000	740.000000	740.000000	0.000000	261.000000	330.000000	7.885474E-14	-6.717335E-6
3734621470.836751	-0.000500	0.000500	198.990000	0.000000	-15.000000	12.000000	100.000000	17.000000	100.000000	4.180000	0.000000	0.000000	0.000000	0.000000	1	1	0.000000	1.000000	1.000000	1.000000	1.000000	1.000000	1.000000	740.000000	740.000000	0.000000	279.000000	337.000000	7.885474E-14	-6.716315E-6
3734621485.335670	-0.000500	0.000500	198.990000	0.000000	-15.000000	12.100000	100.000000	17.000000	100.000000	4.180000	0.000000	0.000000	0.000000	0.000000	1	1	0.000000	1.000000	1.000000	1.000000	1.000000	1.000000	1.000000	740.000000	740.000000	0.000000	268.000000	245.000000	7.885474E-14	-6.734699E-6
3734621500.327436	-0.000500	0.000500	198.990000	0.000000	-15.000000	12.200000	100.000000	17.000000	100.000000	4.180000	0.000000	0.000000	0.000000	0.000000	1	1	0.000000	1.000000	1.000000	1.000000	1.000000	1.000000	1.000000	740.000000	740.000000	0.000000	247.000000	214.000000	7.885474E-14	-6.746956E-6
3734621515.032585	-0.000500	0.000500	198.990000	0.000000	-15.000000	12.300000	100.000000	17.000000	100.000000	4.180000	0.000000	0.000000	0.000000	0.000000	1	1	0.000000	1.000000	1.000000	1.000000	1.000000	1.000000	1.000000	740.000000	740.000000	0.000000	248.000000	196.000000	7.885474E-14	-6.753900E-6
3734621529.967865	-0.000500	0.000500	198.990000	0.000000	-15.000000	12.400000	100.000000	17.000000	100.000000	4.180000	0.000000	0.000000	0.000000	0.000000	1	1	0.000000	1.000000	1.000000	1.000000	1.000000	1.000000	1.000000	740.000000	740.000000	0.000000	235.000000	174.000000	7.885474E-14	-6.765545E-6
3734621544.578705	-0.000500	0.000500	198.990000	0.000000	-15.000000	12.500000	100.000000	17.000000	100.000000	4.180000	0.000000	0.000000	0.000000	0.000000	1	1	0.000000	1.000000	1.000000	1.000000	1.000000	1.000000	1.000000	740.000000	740.000000	0.000000	217.000000	158.000000	7.885474E-14	-6.771467E-6
3734621559.253230	-0.000500	0.000500	198.990000	0.000000	-15.000000	12.600000	100.000000	17.000000	100.000000	4.180000	0.000000	0.000000	0.000000	0.000000	1	1	0.000000	1.000000	1.000000	1.000000	1.000000	1.000000	1.000000	740.000000	740.000000	0.000000	189.000000	129.000000	7.885474E-14	-6.776779E-6
3734621573.330401	-0.000500	0.000500	198.990000	0.000000	-15.000000	12.700000	100.000000	17.000000	100.000000	4.180000	0.000000	0.000000	0.000000	0.000000	1	1	0.000000	1.000000	1.000000	1.000000	1.000000	1.000000	1.000000	740.000000	740.000000	0.000000	137.000000	134.000000	7.885474E-14	-6.785358E-6
3734621587.374959	-0.000500	0.000500	198.990000	0.000000	-15.000000	12.800000	100.000000	17.000000	100.000000	4.180000	0.000000	0.000000	0.000000	0.000000	1	1	0.000000	1.000000	1.000000	1.000000	1.000000	1.000000	1.000000	740.000000	740.000000	0.000000	144.000000	111.000000	7.885474E-14	-6.791894E-6
3734621601.487605	-0.000500	0.000500	198.990000	0.000000	-15.000000	12.900000	100.000000	17.000000	100.000000	4.180000	0.000000	0.000000	0.000000	0.000000	1	1	0.000000	1.000000	1.000000	1.000000	1.000000	1.000000	1.000000	740.000000	740.000000	0.000000	119.000000	103.000000	7.885474E-14	-6.809868E-6
3734621615.074286	-0.000500	0.000500	198.990000	0.000000	-15.000000	13.000000	100.000000	17.000000	100.000000	4.180000	0.000000	0.000000	0.000000	0.000000	1	1	0.000000	1.000000	1.000000	1.000000	1.000000	1.000000	1.000000	740.000000	740.000000	0.000000	114.000000	96.000000	7.885474E-14	-6.813340E-6
3734621628.466154	-0.000500	0.000500	198.990000	0.000000	-15.000000	13.100000	100.000000	17.000000	100.000000	4.180000	0.000000	0.000000	0.000000	0.000000	1	1	0.000000	1.000000	1.000000	1.000000	1.000000	1.000000	1.000000	740.000000	740.000000	0.000000	113.000000	79.000000	7.885474E-14	-6.818654E-6
3734621641.380938	-0.000500	0.000500	198.990000	0.000000	-15.000000	13.200000	100.000000	17.000000	100.000000	4.180000	0.000000	0.000000	0.000000	0.000000	1	1	0.000000	1.000000	1.000000	1.000000	1.000000	1.000000	1.000000	740.000000	740.000000	0.000000	103.000000	75.000000	7.885474E-14	-6.824986E-6
3734621655.513576	-0.000500	0.000500	198.990000	0.000000	-15.000000	13.300000	100.000000	17.000000	100.000000	4.180000	0.000000	0.000000	0.000000	0.000000	1	1	0.000000	1.000000	1.000000	1.000000	1.000000	1.000000	1.000000	740.000000	740.000000	0.000000	85.000000	68.000000	7.885474E-14	-6.828459E-6
3734621669.631218	-0.000500	0.000500	198.990000	0.000000	-15.000000	13.400000	100.000000	17.000000	100.000000	4.180000	0.000000	0.000000	0.000000	0.000000	1	1	0.000000	1.000000	1.000000	1.000000	1.000000	1.000000	1.000000	740.000000	740.000000	0.000000	79.000000	64.000000	7.885474E-14	-6.839489E-6
3734621684.513294	-0.000500	0.000500	198.990000	0.000000	-15.000000	13.500000	100.000000	17.000000	100.000000	4.180000	0.000000	0.000000	0.000000	0.000000	1	1	0.000000	1.000000	1.000000	1.000000	1.000000	1.000000	1.000000	740.000000	740.000000	0.000000	70.000000	56.000000	7.885474E-14	-6.844595E-6
3734621699.256451	-0.000500	0.000500	198.990000	0.000000	-15.000000	13.600000	100.000000	17.000000	100.000000	4.180000	0.000000	0.000000	0.000000	0.000000	1	1	0.000000	1.000000	1.000000	1.000000	1.000000	1.000000	1.000000	740.000000	740.000000	0.000000	79.000000	69.000000	7.885474E-14	-6.855217E-6
3734621713.420754	-0.000500	0.000500	198.990000	0.000000	-15.000000	13.700000	100.000000	17.000000	100.000000	4.180000	0.000000	0.000000	0.000000	0.000000	1	1	0.000000	1.000000	1.000000	1.000000	1.000000	1.000000	1.000000	740.000000	740.000000	0.000000	68.000000	52.000000	7.885474E-14	-6.857261E-6
3734621728.836946	-0.000500	0.000500	198.990000	0.000000	-15.000000	13.800000	100.000000	17.000000	100.000000	4.180000	0.000000	0.000000	0.000000	0.000000	1	1	0.000000	1.000000	1.000000	1.000000	1.000000	1.000000	1.000000	740.000000	740.000000	0.000000	54.000000	48.000000	7.885474E-14	-6.864408E-6
3734621741.387855	-0.000500	0.000500	198.990000	0.000000	-15.000000	13.900000	100.000000	17.000000	100.000000	4.180000	0.000000	0.000000	0.000000	0.000000	1	1	0.000000	1.000000	1.000000	1.000000	1.000000	1.000000	1.000000	740.000000	740.000000	0.000000	40.000000	48.000000	7.885474E-14	-6.868492E-6
3734621755.226925	-0.000500	0.000500	198.990000	0.000000	-15.000000	14.000000	100.000000	17.000000	100.000000	4.180000	0.000000	0.000000	0.000000	0.000000	1	1	0.000000	1.000000	1.000000	1.000000	1.000000	1.000000	1.000000	740.000000	740.000000	0.000000	58.000000	52.000000	7.885474E-14	-6.879116E-6
3734621770.058184	-0.000500	0.000500	198.990000	0.000000	-15.000000	14.100000	100.000000	17.000000	100.000000	4.180000	0.000000	0.000000	0.000000	0.000000	1	1	0.000000	1.000000	1.000000	1.000000	1.000000	1.000000	1.000000	740.000000	740.000000	0.000000	69.000000	45.000000	7.885474E-14	-6.880955E-6
3734621785.474519	-0.000500	0.000500	198.990000	0.000000	-15.000000	14.200000	100.000000	17.000000	100.000000	4.180000	0.000000	0.000000	0.000000	0.000000	1	1	0.000000	1.000000	1.000000	1.000000	1.000000	1.000000	1.000000	740.000000	740.000000	0.000000	69.000000	42.000000	7.885474E-14	-6.888104E-6
3734621799.550115	-0.000500	0.000500	198.990000	0.000000	-15.000000	14.300000	100.000000	17.000000	100.000000	4.180000	0.000000	0.000000	0.000000	0.000000	1	1	0.000000	1.000000	1.000000	1.000000	1.000000	1.000000	1.000000	740.000000	740.000000	0.000000	43.000000	49.000000	7.885474E-14	-6.900972E-6
3734621813.092491	-0.000500	0.000500	198.990000	0.000000	-15.000000	14.400000	100.000000	17.000000	100.000000	4.180000	0.000000	0.000000	0.000000	0.000000	1	1	0.000000	1.000000	1.000000	1.000000	1.000000	1.000000	1.000000	740.000000	740.000000	0.000000	64.000000	52.000000	7.885474E-14	-6.902608E-6
3734621827.051786	-0.000500	0.000500	198.990000	0.000000	-15.000000	14.500000	100.000000	17.000000	100.000000	4.180000	0.000000	0.000000	0.000000	0.000000	1	1	0.000000	1.000000	1.000000	1.000000	1.000000	1.000000	1.000000	740.000000	740.000000	0.000000	64.000000	53.000000	7.885474E-14	-6.911796E-6
3734621840.748592	-0.000500	0.000500	198.990000	0.000000	-15.000000	14.600000	100.000000	17.000000	100.000000	4.180000	0.000000	0.000000	0.000000	0.000000	1	1	0.000000	1.000000	1.000000	1.000000	1.000000	1.000000	1.000000	740.000000	740.000000	0.000000	72.000000	47.000000	7.885474E-14	-6.910574E-6
3734621854.604129	-0.000500	0.000500	198.990000	0.000000	-15.000000	14.700000	100.000000	17.000000	100.000000	4.180000	0.000000	0.000000	0.000000	0.000000	1	1	0.000000	1.000000	1.000000	1.000000	1.000000	1.000000	1.000000	740.000000	740.000000	0.000000	53.000000	55.000000	7.885474E-14	-6.916699E-6
3734621867.892308	-0.000500	0.000500	198.990000	0.000000	-15.000000	14.800000	100.000000	17.000000	100.000000	4.180000	0.000000	0.000000	0.000000	0.000000	1	1	0.000000	1.000000	1.000000	1.000000	1.000000	1.000000	1.000000	740.000000	740.000000	0.000000	39.000000	43.000000	7.885474E-14	-6.916907E-6
3734621881.570988	-0.000500	0.000500	198.990000	0.000000	-15.000000	14.900000	100.000000	17.000000	100.000000	4.180000	0.000000	0.000000	0.000000	0.000000	1	1	0.000000	1.000000	1.000000	1.000000	1.000000	1.000000	1.000000	740.000000	740.000000	0.000000	59.000000	55.000000	7.885474E-14	-6.931613E-6
3734621897.486484	-0.000500	0.000500	198.990000	0.000000	-15.000000	15.000000	100.000000	17.000000	100.000000	4.180000	0.000000	0.000000	0.000000	0.000000	1	1	0.000000	1.000000	1.000000	1.000000	1.000000	1.000000	1.000000	740.000000	740.000000	0.000000	67.000000	69.000000	7.885474E-14	-6.933862E-6
3734621912.415456	-0.000500	0.000500	198.990000	0.000000	-15.000000	15.100000	100.000000	17.000000	100.000000	4.180000	0.000000	0.000000	0.000000	0.000000	1	1	0.000000	1.000000	1.000000	1.000000	1.000000	1.000000	1.000000	740.000000	740.000000	0.000000	55.000000	57.000000	7.885474E-14	-6.938762E-6
3734621928.766238	-0.000500	0.000500	198.990000	0.000000	-15.000000	15.200000	100.000000	17.000000	100.000000	4.180000	0.000000	0.000000	0.000000	0.000000	1	1	0.000000	1.000000	1.000000	1.000000	1.000000	1.000000	1.000000	740.000000	740.000000	0.000000	63.000000	80.000000	7.885474E-14	-6.950404E-6
3734621943.861229	-0.000500	0.000500	198.990000	0.000000	-15.000000	15.300000	100.000000	17.000000	100.000000	4.180000	0.000000	0.000000	0.000000	0.000000	1	1	0.000000	1.000000	1.000000	1.000000	1.000000	1.000000	1.000000	740.000000	740.000000	0.000000	66.000000	81.000000	7.885474E-14	-6.954695E-6
3734621958.518106	-0.000500	0.000500	198.990000	0.000000	-15.000000	15.400000	100.000000	17.000000	100.000000	4.180000	0.000000	0.000000	0.000000	0.000000	1	1	0.000000	1.000000	1.000000	1.000000	1.000000	1.000000	1.000000	740.000000	740.000000	0.000000	65.000000	82.000000	7.885474E-14	-6.959393E-6
3734621971.571614	-0.000500	0.000500	198.990000	0.000000	-15.000000	15.500000	100.000000	17.000000	100.000000	4.180000	0.000000	0.000000	0.000000	0.000000	1	1	0.000000	1.000000	1.000000	1.000000	1.000000	1.000000	1.000000	740.000000	740.000000	0.000000	86.000000	92.000000	7.885474E-14	-6.961438E-6
3734621985.638401	-0.000500	0.000500	198.990000	0.000000	-15.000000	15.600000	100.000000	17.000000	100.000000	4.180000	0.000000	0.000000	0.000000	0.000000	1	1	0.000000	1.000000	1.000000	1.000000	1.000000	1.000000	1.000000	740.000000	740.000000	0.000000	75.000000	200.000000	7.885474E-14	-6.965314E-6
3734621999.315555	-0.000500	0.000500	198.990000	0.000000	-15.000000	15.700000	100.000000	17.000000	100.000000	4.180000	0.000000	0.000000	0.000000	0.000000	1	1	0.000000	1.000000	1.000000	1.000000	1.000000	1.000000	1.000000	740.000000	740.000000	0.000000	85.000000	83.000000	7.885474E-14	-6.976958E-6
3734622012.865357	-0.000500	0.000500	198.990000	0.000000	-15.000000	15.800000	100.000000	17.000000	100.000000	4.180000	0.000000	0.000000	0.000000	0.000000	1	1	0.000000	1.000000	1.000000	1.000000	1.000000	1.000000	1.000000	740.000000	740.000000	0.000000	89.000000	106.000000	7.885474E-14	-6.972467E-6
3734622027.512084	-0.000500	0.000500	198.990000	0.000000	-15.000000	15.900000	100.000000	17.000000	100.000000	4.180000	0.000000	0.000000	0.000000	0.000000	1	1	0.000000	1.000000	1.000000	1.000000	1.000000	1.000000	1.000000	740.000000	740.000000	0.000000	71.000000	77.000000	7.885474E-14	-6.977982E-6
3734622041.977176	-0.000500	0.000500	198.990000	0.000000	-15.000000	16.000000	100.000000	17.000000	100.000000	4.180000	0.000000	0.000000	0.000000	0.000000	1	1	0.000000	1.000000	1.000000	1.000000	1.000000	1.000000	1.000000	740.000000	740.000000	0.000000	78.000000	66.000000	7.885474E-14	-6.988398E-6
3734622055.228420	-0.000500	0.000500	198.990000	0.000000	-15.000000	16.100000	100.000000	17.000000	100.000000	4.180000	0.000000	0.000000	0.000000	0.000000	1	1	0.000000	1.000000	1.000000	1.000000	1.000000	1.000000	1.000000	740.000000	740.000000	0.000000	82.000000	85.000000	7.885474E-14	-6.987583E-6
3734622068.593602	-0.000500	0.000500	198.990000	0.000000	-15.000000	16.200000	100.000000	17.000000	100.000000	4.180000	0.000000	0.000000	0.000000	0.000000	1	1	0.000000	1.000000	1.000000	1.000000	1.000000	1.000000	1.000000	740.000000	740.000000	0.000000	86.000000	81.000000	7.885474E-14	-6.992892E-6
3734622082.213794	-0.000500	0.000500	198.990000	0.000000	-15.000000	16.300000	100.000000	17.000000	100.000000	4.180000	0.000000	0.000000	0.000000	0.000000	1	1	0.000000	1.000000	1.000000	1.000000	1.000000	1.000000	1.000000	740.000000	740.000000	0.000000	84.000000	78.000000	7.885474E-14	-6.995957E-6
3734622095.448047	-0.000500	0.000500	198.990000	0.000000	-15.000000	16.400000	100.000000	17.000000	100.000000	4.180000	0.000000	0.000000	0.000000	0.000000	1	1	0.000000	1.000000	1.000000	1.000000	1.000000	1.000000	1.000000	740.000000	740.000000	0.000000	105.000000	84.000000	7.885474E-14	-7.005760E-6
3734622108.534937	-0.000500	0.000500	198.990000	0.000000	-15.000000	16.500000	100.000000	17.000000	100.000000	4.180000	0.000000	0.000000	0.000000	0.000000	1	1	0.000000	1.000000	1.000000	1.000000	1.000000	1.000000	1.000000	740.000000	740.000000	0.000000	82.000000	89.000000	7.885474E-14	-6.999022E-6
3734622121.893099	-0.000500	0.000500	198.990000	0.000000	-15.000000	16.600000	100.000000	17.000000	100.000000	4.180000	0.000000	0.000000	0.000000	0.000000	1	1	0.000000	1.000000	1.000000	1.000000	1.000000	1.000000	1.000000	740.000000	740.000000	0.000000	82.000000	91.000000	7.885474E-14	-7.000043E-6
3734622135.231941	-0.000500	0.000500	198.990000	0.000000	-15.000000	16.700000	100.000000	17.000000	100.000000	4.180000	0.000000	0.000000	0.000000	0.000000	1	1	0.000000	1.000000	1.000000	1.000000	1.000000	1.000000	1.000000	740.000000	740.000000	0.000000	98.000000	75.000000	7.885474E-14	-7.009643E-6
3734622149.149475	-0.000500	0.000500	198.990000	0.000000	-15.000000	16.800000	100.000000	17.000000	100.000000	4.180000	0.000000	0.000000	0.000000	0.000000	1	1	0.000000	1.000000	1.000000	1.000000	1.000000	1.000000	1.000000	740.000000	740.000000	0.000000	107.000000	94.000000	7.885474E-14	-7.013725E-6
3734622161.814450	-0.000500	0.000500	198.990000	0.000000	-15.000000	16.900000	100.000000	17.000000	100.000000	4.180000	0.000000	0.000000	0.000000	0.000000	1	1	0.000000	1.000000	1.000000	1.000000	1.000000	1.000000	1.000000	740.000000	740.000000	0.000000	87.000000	93.000000	7.885474E-14	-7.017200E-6
3734622174.861690	-0.000500	0.000500	198.990000	0.000000	-15.000000	17.000000	100.000000	17.000000	100.000000	4.180000	0.000000	0.000000	0.000000	0.000000	1	1	0.000000	1.000000	1.000000	1.000000	1.000000	1.000000	1.000000	740.000000	740.000000	0.000000	83.000000	90.000000	7.885474E-14	-7.026392E-6
3734622187.791469	-0.000500	0.000500	198.990000	0.000000	-15.000000	17.100000	100.000000	17.000000	100.000000	4.180000	0.000000	0.000000	0.000000	0.000000	1	1	0.000000	1.000000	1.000000	1.000000	1.000000	1.000000	1.000000	740.000000	740.000000	0.000000	109.000000	79.000000	7.885474E-14	-7.027006E-6
3734622200.791960	-0.000500	0.000500	198.990000	0.000000	-15.000000	17.200000	100.000000	17.000000	100.000000	4.180000	0.000000	0.000000	0.000000	0.000000	1	1	0.000000	1.000000	1.000000	1.000000	1.000000	1.000000	1.000000	740.000000	740.000000	0.000000	92.000000	86.000000	7.885474E-14	-7.031499E-6
3734622214.940217	-0.000500	0.000500	198.990000	0.000000	-15.000000	17.300000	100.000000	17.000000	100.000000	4.180000	0.000000	0.000000	0.000000	0.000000	1	1	0.000000	1.000000	1.000000	1.000000	1.000000	1.000000	1.000000	740.000000	740.000000	0.000000	95.000000	115.000000	7.885474E-14	-7.033745E-6
3734622228.484830	-0.000500	0.000500	198.990000	0.000000	-15.000000	17.400000	100.000000	17.000000	100.000000	4.180000	0.000000	0.000000	0.000000	0.000000	1	1	0.000000	1.000000	1.000000	1.000000	1.000000	1.000000	1.000000	740.000000	740.000000	0.000000	98.000000	91.000000	7.885474E-14	-7.037220E-6
3734622242.175730	-0.000500	0.000500	198.990000	0.000000	-15.000000	17.500000	100.000000	17.000000	100.000000	4.180000	0.000000	0.000000	0.000000	0.000000	1	1	0.000000	1.000000	1.000000	1.000000	1.000000	1.000000	1.000000	740.000000	740.000000	0.000000	129.000000	108.000000	7.885474E-14	-7.042735E-6
3734622255.958333	-0.000500	0.000500	198.990000	0.000000	-15.000000	17.600000	100.000000	17.000000	100.000000	4.180000	0.000000	0.000000	0.000000	0.000000	1	1	0.000000	1.000000	1.000000	1.000000	1.000000	1.000000	1.000000	740.000000	740.000000	0.000000	96.000000	93.000000	7.885474E-14	-7.038648E-6
3734622268.707603	-0.000500	0.000500	198.990000	0.000000	-15.000000	17.700000	100.000000	17.000000	100.000000	4.180000	0.000000	0.000000	0.000000	0.000000	1	1	0.000000	1.000000	1.000000	1.000000	1.000000	1.000000	1.000000	740.000000	740.000000	0.000000	102.000000	89.000000	7.885474E-14	-7.044164E-6
3734622282.060723	-0.000500	0.000500	198.990000	0.000000	-15.000000	17.800000	100.000000	17.000000	100.000000	4.180000	0.000000	0.000000	0.000000	0.000000	1	1	0.000000	1.000000	1.000000	1.000000	1.000000	1.000000	1.000000	740.000000	740.000000	0.000000	117.000000	92.000000	7.885474E-14	-7.048657E-6
3734622295.789905	-0.000500	0.000500	198.990000	0.000000	-15.000000	17.900000	100.000000	17.000000	100.000000	4.180000	0.000000	0.000000	0.000000	0.000000	1	1	0.000000	1.000000	1.000000	1.000000	1.000000	1.000000	1.000000	740.000000	740.000000	0.000000	113.000000	97.000000	7.885474E-14	-7.049679E-6
3734622309.274856	-0.000500	0.000500	198.990000	0.000000	-15.000000	18.000000	100.000000	17.000000	100.000000	4.180000	0.000000	0.000000	0.000000	0.000000	1	1	0.000000	1.000000	1.000000	1.000000	1.000000	1.000000	1.000000	740.000000	740.000000	0.000000	113.000000	99.000000	7.885474E-14	-7.046410E-6
3734622323.577059	-0.000500	0.000500	198.990000	0.000000	-15.000000	18.100000	100.000000	17.000000	100.000000	4.180000	0.000000	0.000000	0.000000	0.000000	1	1	0.000000	1.000000	1.000000	1.000000	1.000000	1.000000	1.000000	740.000000	740.000000	0.000000	113.000000	83.000000	7.885474E-14	-7.066633E-6
3734622337.946645	-0.000500	0.000500	198.990000	0.000000	-15.000000	18.200000	100.000000	17.000000	100.000000	4.180000	0.000000	0.000000	0.000000	0.000000	1	1	0.000000	1.000000	1.000000	1.000000	1.000000	1.000000	1.000000	740.000000	740.000000	0.000000	107.000000	125.000000	7.885474E-14	-7.067654E-6
3734622352.890156	-0.000500	0.000500	198.990000	0.000000	-15.000000	18.300000	100.000000	17.000000	100.000000	4.180000	0.000000	0.000000	0.000000	0.000000	1	1	0.000000	1.000000	1.000000	1.000000	1.000000	1.000000	1.000000	740.000000	740.000000	0.000000	108.000000	110.000000	7.885474E-14	-7.066224E-6
3734622365.005984	-0.000500	0.000500	198.990000	0.000000	-15.000000	18.400000	100.000000	17.000000	100.000000	4.180000	0.000000	0.000000	0.000000	0.000000	1	1	0.000000	1.000000	1.000000	1.000000	1.000000	1.000000	1.000000	740.000000	740.000000	0.000000	110.000000	93.000000	7.885474E-14	-7.077251E-6
3734622379.948007	-0.000500	0.000500	198.990000	0.000000	-15.000000	18.500000	100.000000	17.000000	100.000000	4.180000	0.000000	0.000000	0.000000	0.000000	1	1	0.000000	1.000000	1.000000	1.000000	1.000000	1.000000	1.000000	740.000000	740.000000	0.000000	120.000000	95.000000	7.885474E-14	-7.070311E-6
3734622393.768763	-0.000500	0.000500	198.990000	0.000000	-15.000000	18.600000	100.000000	17.000000	100.000000	4.180000	0.000000	0.000000	0.000000	0.000000	1	1	0.000000	1.000000	1.000000	1.000000	1.000000	1.000000	1.000000	740.000000	740.000000	0.000000	93.000000	100.000000	7.885474E-14	-7.077254E-6
3734622408.370722	-0.000500	0.000500	198.990000	0.000000	-15.000000	18.700000	100.000000	17.000000	100.000000	4.180000	0.000000	0.000000	0.000000	0.000000	1	1	0.000000	1.000000	1.000000	1.000000	1.000000	1.000000	1.000000	740.000000	740.000000	0.000000	117.000000	117.000000	7.885474E-14	-7.079705E-6
3734622422.600909	-0.000500	0.000500	198.990000	0.000000	-15.000000	18.800000	100.000000	17.000000	100.000000	4.180000	0.000000	0.000000	0.000000	0.000000	1	1	0.000000	1.000000	1.000000	1.000000	1.000000	1.000000	1.000000	740.000000	740.000000	0.000000	119.000000	117.000000	7.885474E-14	-7.081954E-6
3734622437.708836	-0.000500	0.000500	198.990000	0.000000	-15.000000	18.900000	100.000000	17.000000	100.000000	4.180000	0.000000	0.000000	0.000000	0.000000	1	1	0.000000	1.000000	1.000000	1.000000	1.000000	1.000000	1.000000	740.000000	740.000000	0.000000	99.000000	109.000000	7.885474E-14	-7.096658E-6
3734622453.135921	-0.000500	0.000500	198.990000	0.000000	-15.000000	19.000000	100.000000	17.000000	100.000000	4.180000	0.000000	0.000000	0.000000	0.000000	1	1	0.000000	1.000000	1.000000	1.000000	1.000000	1.000000	1.000000	740.000000	740.000000	0.000000	92.000000	106.000000	7.885474E-14	-7.094411E-6
3734622468.232995	-0.000500	0.000500	198.990000	0.000000	-15.000000	19.100000	100.000000	17.000000	100.000000	4.180000	0.000000	0.000000	0.000000	0.000000	1	1	0.000000	1.000000	1.000000	1.000000	1.000000	1.000000	1.000000	740.000000	740.000000	0.000000	105.000000	95.000000	7.885474E-14	-7.095844E-6
3734622482.886298	-0.000500	0.000500	198.990000	0.000000	-15.000000	19.200000	100.000000	17.000000	100.000000	4.180000	0.000000	0.000000	0.000000	0.000000	1	1	0.000000	1.000000	1.000000	1.000000	1.000000	1.000000	1.000000	740.000000	740.000000	0.000000	112.000000	102.000000	7.885474E-14	-7.101969E-6
3734622496.764369	-0.000500	0.000500	198.990000	0.000000	-15.000000	19.300000	100.000000	17.000000	100.000000	4.180000	0.000000	0.000000	0.000000	0.000000	1	1	0.000000	1.000000	1.000000	1.000000	1.000000	1.000000	1.000000	740.000000	740.000000	0.000000	104.000000	110.000000	7.885474E-14	-7.106464E-6
3734622511.606955	-0.000500	0.000500	198.990000	0.000000	-15.000000	19.400000	100.000000	17.000000	100.000000	4.180000	0.000000	0.000000	0.000000	0.000000	1	1	0.000000	1.000000	1.000000	1.000000	1.000000	1.000000	1.000000	740.000000	740.000000	0.000000	115.000000	112.000000	7.885474E-14	-7.106875E-6
3734622526.475153	-0.000500	0.000500	198.990000	0.000000	-15.000000	19.500000	100.000000	17.000000	100.000000	4.180000	0.000000	0.000000	0.000000	0.000000	1	1	0.000000	1.000000	1.000000	1.000000	1.000000	1.000000	1.000000	740.000000	740.000000	0.000000	102.000000	110.000000	7.885474E-14	-7.112387E-6
3734622540.439632	-0.000500	0.000500	198.990000	0.000000	-15.000000	19.600000	100.000000	17.000000	100.000000	4.180000	0.000000	0.000000	0.000000	0.000000	1	1	0.000000	1.000000	1.000000	1.000000	1.000000	1.000000	1.000000	740.000000	740.000000	0.000000	108.000000	146.000000	7.885474E-14	-7.113411E-6
3734622554.451360	-0.000500	0.000500	198.990000	0.000000	-15.000000	19.700000	100.000000	17.000000	100.000000	4.180000	0.000000	0.000000	0.000000	0.000000	1	1	0.000000	1.000000	1.000000	1.000000	1.000000	1.000000	1.000000	740.000000	740.000000	0.000000	135.000000	125.000000	7.885474E-14	-7.118309E-6
3734622567.978303	-0.000500	0.000500	198.990000	0.000000	-15.000000	19.800000	100.000000	17.000000	100.000000	4.180000	0.000000	0.000000	0.000000	0.000000	1	1	0.000000	1.000000	1.000000	1.000000	1.000000	1.000000	1.000000	740.000000	740.000000	0.000000	137.000000	135.000000	7.885474E-14	-7.111365E-6
3734622582.133866	-0.000500	0.000500	198.990000	0.000000	-15.000000	19.900000	100.000000	17.000000	100.000000	4.180000	0.000000	0.000000	0.000000	0.000000	1	1	0.000000	1.000000	1.000000	1.000000	1.000000	1.000000	1.000000	740.000000	740.000000	0.000000	116.000000	124.000000	7.885474E-14	-7.113000E-6
3734622596.086038	-0.000500	0.000500	198.990000	0.000000	-15.000000	20.000000	100.000000	17.000000	100.000000	4.180000	0.000000	0.000000	0.000000	0.000000	1	1	0.000000	1.000000	1.000000	1.000000	1.000000	1.000000	1.000000	740.000000	740.000000	0.000000	127.000000	125.000000	7.885474E-14	-7.120151E-6
