#time,xpos,ypos,zpos,theta,grid,en,ext,f1,f2,fil,x1,x2,y1,y2,6485s,6487s,6487v,gm2dw,gm2ll,gm2ul,gm1dw,gm1ll,gm1ul,va,vb,dummy,gm2,gm1,6485c,6487c
3731087294.63201,0,-0.0095,-1.5,0,-15,15,100,17,100,3.98,0,0,0,0,1,1,0,1,1,1,1,1,1,0,0,0,0,0,-1.875236E-08,-4.709691E-06
3731087296.8811,0.1995,-0.0095,-1.5,0,-15,15,100,17,100,3.98,0,0,0,0,1,1,0,1,1,1,1,1,1,0,0,0,0,0,-2.13382E-08,-4.709691E-06
3731087298.35817,0.3995,-0.0095,-1.5,0,-15,15,100,17,100,3.98,0,0,0,0,1,1,0,1,1,1,1,1,1,0,0,0,0,0,-2.438668E-08,-4.709691E-06
3731087299.83597,0.5995,-0.0095,-1.5,0,-15,15,100,17,100,3.98,0,0,0,0,1,1,0,1,1,1,1,1,1,0,0,0,0,0,-2.88601E-08,-4.709691E-06
3731087301.31065,0.7995,-0.0095,-1.5,0,-15,15,100,17,100,3.98,0,0,0,0,1,1,0,1,1,1,1,1,1,0,0,0,0,0,-3.715802E-08,-4.709691E-06
3731087302.79098,0.9995,-0.0095,-1.5,0,-15,15,100,17,100,3.98,0,0,0,0,1,1,0,1,1,1,1,1,1,0,0,0,0,0,-5.278558E-08,-4.709691E-06
3731087304.27214,1.1995,-0.0095,-1.5,0,-15,15,100,17,100,3.98,0,0,0,0,1,1,0,1,1,1,1,1,1,0,0,0,0,0,-7.881319E-08,-4.709691E-06
3731087305.74938,1.3995,-0.0095,-1.5,0,-15,15,100,17,100,3.98,0,0,0,0,1,1,0,1,1,1,1,1,1,0,0,0,0,0,-1.128335E-07,-4.709691E-06
3731087307.2213,1.5995,-0.0095,-1.5,0,-15,15,100,17,100,3.98,0,0,0,0,1,1,0,1,1,1,1,1,1,0,0,0,0,0,-1.476386E-07,-4.709691E-06
3731087308.69975,1.7995,-0.0095,-1.5,0,-15,15,100,17,100,3.98,0,0,0,0,1,1,0,1,1,1,1,1,1,0,0,0,0,0,-1.759208E-07,-4.709691E-06
3731087310.17681,1.9995,-0.0095,-1.5,0,-15,15,100,17,100,3.98,0,0,0,0,1,1,0,1,1,1,1,1,1,0,0,0,0,0,-1.928554E-07,-4.709691E-06
3731087311.64326,2.1995,-0.0095,-1.5,0,-15,15,100,17,100,3.98,0,0,0,0,1,1,0,1,1,1,1,1,1,0,0,0,0,0,-1.963055E-07,-4.709691E-06
3731087313.11101,2.3995,-0.0095,-1.5,0,-15,15,100,17,100,3.98,0,0,0,0,1,1,0,1,1,1,1,1,1,0,0,0,0,0,-1.861195E-07,-4.709691E-06
3731087314.58007,2.5995,-0.0095,-1.5,0,-15,15,100,17,100,3.98,0,0,0,0,1,1,0,1,1,1,1,1,1,0,0,0,0,0,-1.652658E-07,-4.709691E-06
3731087316.04813,2.7995,-0.0095,-1.5,0,-15,15,100,17,100,3.98,0,0,0,0,1,1,0,1,1,1,1,1,1,0,0,0,0,0,-1.363291E-07,-4.709691E-06
3731087317.50996,2.9995,-0.0095,-1.5,0,-15,15,100,17,100,3.98,0,0,0,0,1,1,0,1,1,1,1,1,1,0,0,0,0,0,-1.039141E-07,-4.709691E-06
3731087318.98078,3.1995,-0.0095,-1.5,0,-15,15,100,17,100,3.98,0,0,0,0,1,1,0,1,1,1,1,1,1,0,0,0,0,0,-7.259879E-08,-4.709691E-06
3731087320.45156,3.3995,-0.0095,-1.5,0,-15,15,100,17,100,3.98,0,0,0,0,1,1,0,1,1,1,1,1,1,0,0,0,0,0,-4.91144E-08,-4.709691E-06
3731087321.92046,3.5995,-0.0095,-1.5,0,-15,15,100,17,100,3.98,0,0,0,0,1,1,0,1,1,1,1,1,1,0,0,0,0,0,-3.450119E-08,-4.709691E-06
3731087323.39641,3.7995,-0.0095,-1.5,0,-15,15,100,17,100,3.98,0,0,0,0,1,1,0,1,1,1,1,1,1,0,0,0,0,0,-2.68301E-08,-4.709691E-06
3731087324.86708,3.9995,-0.0095,-1.5,0,-15,15,100,17,100,3.98,0,0,0,0,1,1,0,1,1,1,1,1,1,0,0,0,0,0,-2.281386E-08,-4.709691E-06
3731087329.10679,0,-0.0095,-1.305,0,-15,15,100,17,100,3.98,0,0,0,0,1,1,0,1,1,1,1,1,1,0,0,0,0,0,-2.149449E-08,-4.709691E-06
3731087330.58633,0.1995,-0.0095,-1.305,0,-15,15,100,17,100,3.98,0,0,0,0,1,1,0,1,1,1,1,1,1,0,0,0,0,0,-2.506843E-08,-4.709691E-06
3731087332.05954,0.3995,-0.0095,-1.305,0,-15,15,100,17,100,3.98,0,0,0,0,1,1,0,1,1,1,1,1,1,0,0,0,0,0,-3.066315E-08,-4.709691E-06
3731087333.53161,0.5995,-0.0095,-1.305,0,-15,15,100,17,100,3.98,0,0,0,0,1,1,0,1,1,1,1,1,1,0,0,0,0,0,-4.283265E-08,-4.709691E-06
3731087335.00548,0.7995,-0.0095,-1.305,0,-15,15,100,17,100,3.98,0,0,0,0,1,1,0,1,1,1,1,1,1,0,0,0,0,0,-6.811744E-08,-4.709691E-06
3731087336.47842,0.9995,-0.0095,-1.305,0,-15,15,100,17,100,3.98,0,0,0,0,1,1,0,1,1,1,1,1,1,0,0,0,0,0,-1.110189E-07,-4.709691E-06
3731087337.95831,1.1995,-0.0095,-1.305,0,-15,15,100,17,100,3.98,0,0,0,0,1,1,0,1,1,1,1,1,1,0,0,0,0,0,-1.721645E-07,-4.709691E-06
3731087340.20577,1.3995,-0.0095,-1.305,0,-15,15,100,17,100,3.98,0,0,0,0,1,1,0,1,1,1,1,1,1,0,0,0,0,0,-2.403544E-07,-4.709691E-06
3731087341.68145,1.5995,-0.0095,-1.305,0,-15,15,100,17,100,3.98,0,0,0,0,1,1,0,1,1,1,1,1,1,0,0,0,0,0,-3.035375E-07,-4.709691E-06
3731087343.15837,1.7995,-0.0095,-1.305,0,-15,15,100,17,100,3.98,0,0,0,0,1,1,0,1,1,1,1,1,1,0,0,0,0,0,-3.510446E-07,-4.709691E-06
3731087344.64338,1.9995,-0.0095,-1.305,0,-15,15,100,17,100,3.98,0,0,0,0,1,1,0,1,1,1,1,1,1,0,0,0,0,0,-3.756898E-07,-4.709691E-06
3731087346.12748,2.1995,-0.0095,-1.305,0,-15,15,100,17,100,3.98,0,0,0,0,1,1,0,1,1,1,1,1,1,0,0,0,0,0,-3.778837E-07,-4.709691E-06
3731087347.60856,2.3995,-0.0095,-1.305,0,-15,15,100,17,100,3.98,0,0,0,0,1,1,0,1,1,1,1,1,1,0,0,0,0,0,-3.579752E-07,-4.709691E-06
3731087349.08838,2.5995,-0.0095,-1.305,0,-15,15,100,17,100,3.98,0,0,0,0,1,1,0,1,1,1,1,1,1,0,0,0,0,0,-3.166624E-07,-4.709691E-06
3731087350.56612,2.7995,-0.0095,-1.305,0,-15,15,100,17,100,3.98,0,0,0,0,1,1,0,1,1,1,1,1,1,0,0,0,0,0,-2.615211E-07,-4.709691E-06
3731087352.45668,2.9995,-0.0095,-1.305,0,-15,15,100,17,100,3.98,0,0,0,0,1,1,0,1,1,1,1,1,1,0,0,0,0,0,-2.001636E-07,-4.709691E-06
3731087353.93066,3.1995,-0.0095,-1.305,0,-15,15,100,17,100,3.98,0,0,0,0,1,1,0,1,1,1,1,1,1,0,0,0,0,0,-1.383825E-07,-4.709691E-06
3731087355.39794,3.3995,-0.0095,-1.305,0,-15,15,100,17,100,3.98,0,0,0,0,1,1,0,1,1,1,1,1,1,0,0,0,0,0,-8.79752E-08,-4.709691E-06
3731087356.86499,3.5995,-0.0095,-1.305,0,-15,15,100,17,100,3.98,0,0,0,0,1,1,0,1,1,1,1,1,1,0,0,0,0,0,-5.349024E-08,-4.709691E-06
3731087358.34151,3.7995,-0.0095,-1.305,0,-15,15,100,17,100,3.98,0,0,0,0,1,1,0,1,1,1,1,1,1,0,0,0,0,0,-3.485994E-08,-4.709691E-06
3731087359.81039,3.9995,-0.0095,-1.305,0,-15,15,100,17,100,3.98,0,0,0,0,1,1,0,1,1,1,1,1,1,0,0,0,0,0,-2.618862E-08,-4.709691E-06
3731087364.02566,0,-0.0095,-1.105,0,-15,15,100,17,100,3.98,0,0,0,0,1,1,0,1,1,1,1,1,1,0,0,0,0,0,-2.4587E-08,-4.709691E-06
3731087365.49172,0.1995,-0.0095,-1.105,0,-15,15,100,17,100,3.98,0,0,0,0,1,1,0,1,1,1,1,1,1,0,0,0,0,0,-3.028561E-08,-4.709691E-06
3731087366.96209,0.3995,-0.0095,-1.105,0,-15,15,100,17,100,3.98,0,0,0,0,1,1,0,1,1,1,1,1,1,0,0,0,0,0,-4.333431E-08,-4.709691E-06
3731087368.4299,0.5995,-0.0095,-1.105,0,-15,15,100,17,100,3.98,0,0,0,0,1,1,0,1,1,1,1,1,1,0,0,0,0,0,-7.48444E-08,-4.709691E-06
3731087369.90103,0.7995,-0.0095,-1.105,0,-15,15,100,17,100,3.98,0,0,0,0,1,1,0,1,1,1,1,1,1,0,0,0,0,0,-1.335291E-07,-4.709691E-06
3731087372.14732,0.9995,-0.0095,-1.105,0,-15,15,100,17,100,3.98,0,0,0,0,1,1,0,1,1,1,1,1,1,0,0,0,0,0,-2.200339E-07,-4.709691E-06
3731087373.62387,1.1995,-0.0095,-1.105,0,-15,15,100,17,100,3.98,0,0,0,0,1,1,0,1,1,1,1,1,1,0,0,0,0,0,-3.269893E-07,-4.709691E-06
3731087375.10867,1.3995,-0.0095,-1.105,0,-15,15,100,17,100,3.98,0,0,0,0,1,1,0,1,1,1,1,1,1,0,0,0,0,0,-4.34389E-07,-4.709691E-06
3731087376.57881,1.5995,-0.0095,-1.105,0,-15,15,100,17,100,3.98,0,0,0,0,1,1,0,1,1,1,1,1,1,0,0,0,0,0,-5.266499E-07,-4.709691E-06
3731087378.05451,1.7995,-0.0095,-1.105,0,-15,15,100,17,100,3.98,0,0,0,0,1,1,0,1,1,1,1,1,1,0,0,0,0,0,-5.936358E-07,-4.709691E-06
3731087379.52643,1.9995,-0.0095,-1.105,0,-15,15,100,17,100,3.98,0,0,0,0,1,1,0,1,1,1,1,1,1,0,0,0,0,0,-6.320573E-07,-4.709691E-06
3731087381.00275,2.1995,-0.0095,-1.105,0,-15,15,100,17,100,3.98,0,0,0,0,1,1,0,1,1,1,1,1,1,0,0,0,0,0,-6.38123E-07,-4.709691E-06
3731087382.47703,2.3995,-0.0095,-1.105,0,-15,15,100,17,100,3.98,0,0,0,0,1,1,0,1,1,1,1,1,1,0,0,0,0,0,-6.103168E-07,-4.709691E-06
3731087383.94993,2.5995,-0.0095,-1.105,0,-15,15,100,17,100,3.98,0,0,0,0,1,1,0,1,1,1,1,1,1,0,0,0,0,0,-5.458004E-07,-4.709691E-06
3731087385.42839,2.7995,-0.0095,-1.105,0,-15,15,100,17,100,3.98,0,0,0,0,1,1,0,1,1,1,1,1,1,0,0,0,0,0,-4.578511E-07,-4.709691E-06
3731087386.90097,2.9995,-0.0095,-1.105,0,-15,15,100,17,100,3.98,0,0,0,0,1,1,0,1,1,1,1,1,1,0,0,0,0,0,-3.603704E-07,-4.709691E-06
3731087388.37087,3.1995,-0.0095,-1.105,0,-15,15,100,17,100,3.98,0,0,0,0,1,1,0,1,1,1,1,1,1,0,0,0,0,0,-2.551297E-07,-4.709691E-06
3731087390.2657,3.3995,-0.0095,-1.105,0,-15,15,100,17,100,3.98,0,0,0,0,1,1,0,1,1,1,1,1,1,0,0,0,0,0,-1.648607E-07,-4.709691E-06
3731087391.73546,3.5995,-0.0095,-1.105,0,-15,15,100,17,100,3.98,0,0,0,0,1,1,0,1,1,1,1,1,1,0,0,0,0,0,-9.650299E-08,-4.709691E-06
3731087393.21547,3.7995,-0.0095,-1.105,0,-15,15,100,17,100,3.98,0,0,0,0,1,1,0,1,1,1,1,1,1,0,0,0,0,0,-5.436768E-08,-4.709691E-06
3731087394.69774,3.9995,-0.0095,-1.105,0,-15,15,100,17,100,3.98,0,0,0,0,1,1,0,1,1,1,1,1,1,0,0,0,0,0,-3.377199E-08,-4.709691E-06
3731087398.96445,0,-0.0095,-0.905,0,-15,15,100,17,100,3.98,0,0,0,0,1,1,0,1,1,1,1,1,1,0,0,0,0,0,-2.856613E-08,-4.709691E-06
3731087400.43339,0.1995,-0.0095,-0.905,0,-15,15,100,17,100,3.98,0,0,0,0,1,1,0,1,1,1,1,1,1,0,0,0,0,0,-3.958343E-08,-4.709691E-06
3731087401.90939,0.3995,-0.0095,-0.905,0,-15,15,100,17,100,3.98,0,0,0,0,1,1,0,1,1,1,1,1,1,0,0,0,0,0,-6.947432E-08,-4.709691E-06
3731087403.38084,0.5995,-0.0095,-0.905,0,-15,15,100,17,100,3.98,0,0,0,0,1,1,0,1,1,1,1,1,1,0,0,0,0,0,-1.348469E-07,-4.709691E-06
3731087405.62724,0.7995,-0.0095,-0.905,0,-15,15,100,17,100,3.98,0,0,0,0,1,1,0,1,1,1,1,1,1,0,0,0,0,0,-2.397922E-07,-4.709691E-06
3731087407.08522,0.9995,-0.0095,-0.905,0,-15,15,100,17,100,3.98,0,0,0,0,1,1,0,1,1,1,1,1,1,0,0,0,0,0,-3.745974E-07,-4.709691E-06
3731087408.54779,1.1995,-0.0095,-0.905,0,-15,15,100,17,100,3.98,0,0,0,0,1,1,0,1,1,1,1,1,1,0,0,0,0,0,-5.26193E-07,-4.709691E-06
3731087410.00878,1.3995,-0.0095,-0.905,0,-15,15,100,17,100,3.98,0,0,0,0,1,1,0,1,1,1,1,1,1,0,0,0,0,0,-6.717607E-07,-4.709691E-06
3731087411.4727,1.5995,-0.0095,-0.905,0,-15,15,100,17,100,3.98,0,0,0,0,1,1,0,1,1,1,1,1,1,0,0,0,0,0,-7.940569E-07,-4.709691E-06
3731087412.94142,1.7995,-0.0095,-0.905,0,-15,15,100,17,100,3.98,0,0,0,0,1,1,0,1,1,1,1,1,1,0,0,0,0,0,-8.830225E-07,-4.709691E-06
3731087414.40411,1.9995,-0.0095,-0.905,0,-15,15,100,17,100,3.98,0,0,0,0,1,1,0,1,1,1,1,1,1,0,0,0,0,0,-9.340431E-07,-4.709691E-06
3731087415.87356,2.1995,-0.0095,-0.905,0,-15,15,100,17,100,3.98,0,0,0,0,1,1,0,1,1,1,1,1,1,0,0,0,0,0,-9.469215E-07,-4.709691E-06
3731087417.34338,2.3995,-0.0095,-0.905,0,-15,15,100,17,100,3.98,0,0,0,0,1,1,0,1,1,1,1,1,1,0,0,0,0,0,-9.106329E-07,-4.709691E-06
3731087418.81674,2.5995,-0.0095,-0.905,0,-15,15,100,17,100,3.98,0,0,0,0,1,1,0,1,1,1,1,1,1,0,0,0,0,0,-8.269417E-07,-4.709691E-06
3731087420.29602,2.7995,-0.0095,-0.905,0,-15,15,100,17,100,3.98,0,0,0,0,1,1,0,1,1,1,1,1,1,0,0,0,0,0,-7.062317E-07,-4.709691E-06
3731087421.77226,2.9995,-0.0095,-0.905,0,-15,15,100,17,100,3.98,0,0,0,0,1,1,0,1,1,1,1,1,1,0,0,0,0,0,-5.673395E-07,-4.709691E-06
3731087423.25118,3.1995,-0.0095,-0.905,0,-15,15,100,17,100,3.98,0,0,0,0,1,1,0,1,1,1,1,1,1,0,0,0,0,0,-4.1557E-07,-4.709691E-06
3731087424.71979,3.3995,-0.0095,-0.905,0,-15,15,100,17,100,3.98,0,0,0,0,1,1,0,1,1,1,1,1,1,0,0,0,0,0,-2.772363E-07,-4.709691E-06
3731087426.60029,3.5995,-0.0095,-0.905,0,-15,15,100,17,100,3.98,0,0,0,0,1,1,0,1,1,1,1,1,1,0,0,0,0,0,-1.661392E-07,-4.709691E-06
3731087428.07159,3.7995,-0.0095,-0.905,0,-15,15,100,17,100,3.98,0,0,0,0,1,1,0,1,1,1,1,1,1,0,0,0,0,0,-9.010665E-08,-4.709691E-06
3731087429.54617,3.9995,-0.0095,-0.905,0,-15,15,100,17,100,3.98,0,0,0,0,1,1,0,1,1,1,1,1,1,0,0,0,0,0,-4.884671E-08,-4.709691E-06
3731087433.79473,0,-0.0095,-0.705,0,-15,15,100,17,100,3.98,0,0,0,0,1,1,0,1,1,1,1,1,1,0,0,0,0,0,-3.419767E-08,-4.709691E-06
3731087435.26396,0.1995,-0.0095,-0.705,0,-15,15,100,17,100,3.98,0,0,0,0,1,1,0,1,1,1,1,1,1,0,0,0,0,0,-5.579613E-08,-4.709691E-06
3731087436.73538,0.3995,-0.0095,-0.705,0,-15,15,100,17,100,3.98,0,0,0,0,1,1,0,1,1,1,1,1,1,0,0,0,0,0,-1.128332E-07,-4.709691E-06
3731087438.9813,0.5995,-0.0095,-0.705,0,-15,15,100,17,100,3.98,0,0,0,0,1,1,0,1,1,1,1,1,1,0,0,0,0,0,-2.214051E-07,-4.709691E-06
3731087440.46126,0.7995,-0.0095,-0.705,0,-15,15,100,17,100,3.98,0,0,0,0,1,1,0,1,1,1,1,1,1,0,0,0,0,0,-3.75429E-07,-4.709691E-06
3731087441.94214,0.9995,-0.0095,-0.705,0,-15,15,100,17,100,3.98,0,0,0,0,1,1,0,1,1,1,1,1,1,0,0,0,0,0,-5.558828E-07,-4.709691E-06
3731087443.42154,1.1995,-0.0095,-0.705,0,-15,15,100,17,100,3.98,0,0,0,0,1,1,0,1,1,1,1,1,1,0,0,0,0,0,-7.499055E-07,-4.709691E-06
3731087444.89798,1.3995,-0.0095,-0.705,0,-15,15,100,17,100,3.98,0,0,0,0,1,1,0,1,1,1,1,1,1,0,0,0,0,0,-9.312649E-07,-4.709691E-06
3731087446.38037,1.5995,-0.0095,-0.705,0,-15,15,100,17,100,3.98,0,0,0,0,1,1,0,1,1,1,1,1,1,0,0,0,0,0,-1.083913E-06,-4.709691E-06
3731087447.85803,1.7995,-0.0095,-0.705,0,-15,15,100,17,100,3.98,0,0,0,0,1,1,0,1,1,1,1,1,1,0,0,0,0,0,-1.195022E-06,-4.709691E-06
3731087449.33298,1.9995,-0.0095,-0.705,0,-15,15,100,17,100,3.98,0,0,0,0,1,1,0,1,1,1,1,1,1,0,0,0,0,0,-1.26226E-06,-4.709691E-06
3731087450.79888,2.1995,-0.0095,-0.705,0,-15,15,100,17,100,3.98,0,0,0,0,1,1,0,1,1,1,1,1,1,0,0,0,0,0,-1.278444E-06,-4.709691E-06
3731087452.26719,2.3995,-0.0095,-0.705,0,-15,15,100,17,100,3.98,0,0,0,0,1,1,0,1,1,1,1,1,1,0,0,0,0,0,-1.231052E-06,-4.709691E-06
3731087453.7356,2.5995,-0.0095,-0.705,0,-15,15,100,17,100,3.98,0,0,0,0,1,1,0,1,1,1,1,1,1,0,0,0,0,0,-1.128833E-06,-4.709691E-06
3731087455.20486,2.7995,-0.0095,-0.705,0,-15,15,100,17,100,3.98,0,0,0,0,1,1,0,1,1,1,1,1,1,0,0,0,0,0,-9.811483E-07,-4.709691E-06
3731087456.67046,2.9995,-0.0095,-0.705,0,-15,15,100,17,100,3.98,0,0,0,0,1,1,0,1,1,1,1,1,1,0,0,0,0,0,-8.099112E-07,-4.709691E-06
3731087458.13765,3.1995,-0.0095,-0.705,0,-15,15,100,17,100,3.98,0,0,0,0,1,1,0,1,1,1,1,1,1,0,0,0,0,0,-6.108368E-07,-4.709691E-06
3731087459.60488,3.3995,-0.0095,-0.705,0,-15,15,100,17,100,3.98,0,0,0,0,1,1,0,1,1,1,1,1,1,0,0,0,0,0,-4.194435E-07,-4.709691E-06
3731087461.07465,3.5995,-0.0095,-0.705,0,-15,15,100,17,100,3.98,0,0,0,0,1,1,0,1,1,1,1,1,1,0,0,0,0,0,-2.584879E-07,-4.709691E-06
3731087462.9634,3.7995,-0.0095,-0.705,0,-15,15,100,17,100,3.98,0,0,0,0,1,1,0,1,1,1,1,1,1,0,0,0,0,0,-1.430997E-07,-4.709691E-06
3731087464.43594,3.9995,-0.0095,-0.705,0,-15,15,100,17,100,3.98,0,0,0,0,1,1,0,1,1,1,1,1,1,0,0,0,0,0,-7.354259E-08,-4.709691E-06
3731087468.69565,0,-0.0095,-0.505,0,-15,15,100,17,100,3.98,0,0,0,0,1,1,0,1,1,1,1,1,1,0,0,0,0,0,-4.213285E-08,-4.709691E-06
3731087470.16315,0.1995,-0.0095,-0.505,0,-15,15,100,17,100,3.98,0,0,0,0,1,1,0,1,1,1,1,1,1,0,0,0,0,0,-7.993099E-08,-4.709691E-06
3731087471.63429,0.3995,-0.0095,-0.505,0,-15,15,100,17,100,3.98,0,0,0,0,1,1,0,1,1,1,1,1,1,0,0,0,0,0,-1.702042E-07,-4.709691E-06
3731087473.87615,0.5995,-0.0095,-0.505,0,-15,15,100,17,100,3.98,0,0,0,0,1,1,0,1,1,1,1,1,1,0,0,0,0,0,-3.224038E-07,-4.709691E-06
3731087475.35033,0.7995,-0.0095,-0.505,0,-15,15,100,17,100,3.98,0,0,0,0,1,1,0,1,1,1,1,1,1,0,0,0,0,0,-5.186376E-07,-4.709691E-06
3731087476.82571,0.9995,-0.0095,-0.505,0,-15,15,100,17,100,3.98,0,0,0,0,1,1,0,1,1,1,1,1,1,0,0,0,0,0,-7.405666E-07,-4.709691E-06
3731087478.29847,1.1995,-0.0095,-0.505,0,-15,15,100,17,100,3.98,0,0,0,0,1,1,0,1,1,1,1,1,1,0,0,0,0,0,-9.737435E-07,-4.709691E-06
3731087479.77632,1.3995,-0.0095,-0.505,0,-15,15,100,17,100,3.98,0,0,0,0,1,1,0,1,1,1,1,1,1,0,0,0,0,0,-1.192291E-06,-4.709691E-06
3731087481.24279,1.5995,-0.0095,-0.505,0,-15,15,100,17,100,3.98,0,0,0,0,1,1,0,1,1,1,1,1,1,0,0,0,0,0,-1.375783E-06,-4.709691E-06
3731087482.71711,1.7995,-0.0095,-0.505,0,-15,15,100,17,100,3.98,0,0,0,0,1,1,0,1,1,1,1,1,1,0,0,0,0,0,-1.509662E-06,-4.709691E-06
3731087484.1859,1.9995,-0.0095,-0.505,0,-15,15,100,17,100,3.98,0,0,0,0,1,1,0,1,1,1,1,1,1,0,0,0,0,0,-1.586098E-06,-4.709691E-06
3731087485.66325,2.1995,-0.0095,-0.505,0,-15,15,100,17,100,3.98,0,0,0,0,1,1,0,1,1,1,1,1,1,0,0,0,0,0,-1.604822E-06,-4.709691E-06
3731087487.13633,2.3995,-0.0095,-0.505,0,-15,15,100,17,100,3.98,0,0,0,0,1,1,0,1,1,1,1,1,1,0,0,0,0,0,-1.550174E-06,-4.709691E-06
3731087488.61727,2.5995,-0.0095,-0.505,0,-15,15,100,17,100,3.98,0,0,0,0,1,1,0,1,1,1,1,1,1,0,0,0,0,0,-1.432646E-06,-4.709691E-06
3731087490.09036,2.7995,-0.0095,-0.505,0,-15,15,100,17,100,3.98,0,0,0,0,1,1,0,1,1,1,1,1,1,0,0,0,0,0,-1.264073E-06,-4.709691E-06
3731087491.56885,2.9995,-0.0095,-0.505,0,-15,15,100,17,100,3.98,0,0,0,0,1,1,0,1,1,1,1,1,1,0,0,0,0,0,-1.056176E-06,-4.709691E-06
3731087493.04129,3.1995,-0.0095,-0.505,0,-15,15,100,17,100,3.98,0,0,0,0,1,1,0,1,1,1,1,1,1,0,0,0,0,0,-8.170601E-07,-4.709691E-06
3731087494.51656,3.3995,-0.0095,-0.505,0,-15,15,100,17,100,3.98,0,0,0,0,1,1,0,1,1,1,1,1,1,0,0,0,0,0,-5.759905E-07,-4.709691E-06
3731087495.99215,3.5995,-0.0095,-0.505,0,-15,15,100,17,100,3.98,0,0,0,0,1,1,0,1,1,1,1,1,1,0,0,0,0,0,-3.656814E-07,-4.709691E-06
3731087497.46633,3.7995,-0.0095,-0.505,0,-15,15,100,17,100,3.98,0,0,0,0,1,1,0,1,1,1,1,1,1,0,0,0,0,0,-2.081987E-07,-4.709691E-06
3731087499.35793,3.9995,-0.0095,-0.505,0,-15,15,100,17,100,3.98,0,0,0,0,1,1,0,1,1,1,1,1,1,0,0,0,0,0,-1.072841E-07,-4.709691E-06
3731087503.57855,0,-0.0095,-0.305,0,-15,15,100,17,100,3.98,0,0,0,0,1,1,0,1,1,1,1,1,1,0,0,0,0,0,-5.245981E-08,-4.709691E-06
3731087505.03814,0.1995,-0.0095,-0.305,0,-15,15,100,17,100,3.98,0,0,0,0,1,1,0,1,1,1,1,1,1,0,0,0,0,0,-1.092437E-07,-4.709691E-06
3731087507.28321,0.3995,-0.0095,-0.305,0,-15,15,100,17,100,3.98,0,0,0,0,1,1,0,1,1,1,1,1,1,0,0,0,0,0,-2.320288E-07,-4.709691E-06
3731087508.74779,0.5995,-0.0095,-0.305,0,-15,15,100,17,100,3.98,0,0,0,0,1,1,0,1,1,1,1,1,1,0,0,0,0,0,-4.211736E-07,-4.709691E-06
3731087510.22028,0.7995,-0.0095,-0.305,0,-15,15,100,17,100,3.98,0,0,0,0,1,1,0,1,1,1,1,1,1,0,0,0,0,0,-6.547801E-07,-4.709691E-06
3731087511.69841,0.9995,-0.0095,-0.305,0,-15,15,100,17,100,3.98,0,0,0,0,1,1,0,1,1,1,1,1,1,0,0,0,0,0,-9.131937E-07,-4.709691E-06
3731087513.17445,1.1995,-0.0095,-0.305,0,-15,15,100,17,100,3.98,0,0,0,0,1,1,0,1,1,1,1,1,1,0,0,0,0,0,-1.1789E-06,-4.709691E-06
3731087514.6511,1.3995,-0.0095,-0.305,0,-15,15,100,17,100,3.98,0,0,0,0,1,1,0,1,1,1,1,1,1,0,0,0,0,0,-1.433549E-06,-4.709691E-06
3731087516.13219,1.5995,-0.0095,-0.305,0,-15,15,100,17,100,3.98,0,0,0,0,1,1,0,1,1,1,1,1,1,0,0,0,0,0,-1.645832E-06,-4.709691E-06
3731087517.60729,1.7995,-0.0095,-0.305,0,-15,15,100,17,100,3.98,0,0,0,0,1,1,0,1,1,1,1,1,1,0,0,0,0,0,-1.791772E-06,-4.709691E-06
3731087519.07996,1.9995,-0.0095,-0.305,0,-15,15,100,17,100,3.98,0,0,0,0,1,1,0,1,1,1,1,1,1,0,0,0,0,0,-1.870769E-06,-4.709691E-06
3731087520.54776,2.1995,-0.0095,-0.305,0,-15,15,100,17,100,3.98,0,0,0,0,1,1,0,1,1,1,1,1,1,0,0,0,0,0,-1.884269E-06,-4.709691E-06
3731087522.02326,2.3995,-0.0095,-0.305,0,-15,15,100,17,100,3.98,0,0,0,0,1,1,0,1,1,1,1,1,1,0,0,0,0,0,-1.830221E-06,-4.709691E-06
3731087523.49329,2.5995,-0.0095,-0.305,0,-15,15,100,17,100,3.98,0,0,0,0,1,1,0,1,1,1,1,1,1,0,0,0,0,0,-1.707764E-06,-4.709691E-06
3731087524.97136,2.7995,-0.0095,-0.305,0,-15,15,100,17,100,3.98,0,0,0,0,1,1,0,1,1,1,1,1,1,0,0,0,0,0,-1.519385E-06,-4.709691E-06
3731087526.43901,2.9995,-0.0095,-0.305,0,-15,15,100,17,100,3.98,0,0,0,0,1,1,0,1,1,1,1,1,1,0,0,0,0,0,-1.283672E-06,-4.709691E-06
3731087527.91664,3.1995,-0.0095,-0.305,0,-15,15,100,17,100,3.98,0,0,0,0,1,1,0,1,1,1,1,1,1,0,0,0,0,0,-1.006088E-06,-4.709691E-06
3731087529.38536,3.3995,-0.0095,-0.305,0,-15,15,100,17,100,3.98,0,0,0,0,1,1,0,1,1,1,1,1,1,0,0,0,0,0,-7.261908E-07,-4.709691E-06
3731087530.8584,3.5995,-0.0095,-0.305,0,-15,15,100,17,100,3.98,0,0,0,0,1,1,0,1,1,1,1,1,1,0,0,0,0,0,-4.716185E-07,-4.709691E-06
3731087532.32826,3.7995,-0.0095,-0.305,0,-15,15,100,17,100,3.98,0,0,0,0,1,1,0,1,1,1,1,1,1,0,0,0,0,0,-2.76633E-07,-4.709691E-06
3731087534.21519,3.9995,-0.0095,-0.305,0,-15,15,100,17,100,3.98,0,0,0,0,1,1,0,1,1,1,1,1,1,0,0,0,0,0,-1.456437E-07,-4.709691E-06
3731087538.49035,0,-0.0095,-0.105,0,-15,15,100,17,100,3.98,0,0,0,0,1,1,0,1,1,1,1,1,1,0,0,0,0,0,-6.35609E-08,-4.709691E-06
3731087539.96683,0.1995,-0.0095,-0.105,0,-15,15,100,17,100,3.98,0,0,0,0,1,1,0,1,1,1,1,1,1,0,0,0,0,0,-1.381897E-07,-4.709691E-06
3731087542.21551,0.3995,-0.0095,-0.105,0,-15,15,100,17,100,3.98,0,0,0,0,1,1,0,1,1,1,1,1,1,0,0,0,0,0,-2.88941E-07,-4.709691E-06
3731087543.68419,0.5995,-0.0095,-0.105,0,-15,15,100,17,100,3.98,0,0,0,0,1,1,0,1,1,1,1,1,1,0,0,0,0,0,-5.09688E-07,-4.709691E-06
3731087545.15055,0.7995,-0.0095,-0.105,0,-15,15,100,17,100,3.98,0,0,0,0,1,1,0,1,1,1,1,1,1,0,0,0,0,0,-7.712208E-07,-4.709691E-06
3731087546.6571,0.9995,-0.0095,-0.105,0,-15,15,100,17,100,3.98,0,0,0,0,1,1,0,1,1,1,1,1,1,0,0,0,0,0,-1.057069E-06,-4.709691E-06
3731087548.12887,1.1995,-0.0095,-0.105,0,-15,15,100,17,100,3.98,0,0,0,0,1,1,0,1,1,1,1,1,1,0,0,0,0,0,-1.352514E-06,-4.709691E-06
3731087549.60074,1.3995,-0.0095,-0.105,0,-15,15,100,17,100,3.98,0,0,0,0,1,1,0,1,1,1,1,1,1,0,0,0,0,0,-1.634054E-06,-4.709691E-06
3731087551.07286,1.5995,-0.0095,-0.105,0,-15,15,100,17,100,3.98,0,0,0,0,1,1,0,1,1,1,1,1,1,0,0,0,0,0,-1.859791E-06,-4.709691E-06
3731087552.54307,1.7995,-0.0095,-0.105,0,-15,15,100,17,100,3.98,0,0,0,0,1,1,0,1,1,1,1,1,1,0,0,0,0,0,-2.000721E-06,-4.709691E-06
3731087554.01936,1.9995,-0.0095,-0.105,0,-15,15,100,17,100,3.98,0,0,0,0,1,1,0,1,1,1,1,1,1,0,0,0,0,0,-2.073027E-06,-4.709691E-06
3731087555.48416,2.1995,-0.0095,-0.105,0,-15,15,100,17,100,3.98,0,0,0,0,1,1,0,1,1,1,1,1,1,0,0,0,0,0,-2.086789E-06,-4.709691E-06
3731087556.95945,2.3995,-0.0095,-0.105,0,-15,15,100,17,100,3.98,0,0,0,0,1,1,0,1,1,1,1,1,1,0,0,0,0,0,-2.036403E-06,-4.709691E-06
3731087558.43339,2.5995,-0.0095,-0.105,0,-15,15,100,17,100,3.98,0,0,0,0,1,1,0,1,1,1,1,1,1,0,0,0,0,0,-1.916695E-06,-4.709691E-06
3731087559.91256,2.7995,-0.0095,-0.105,0,-15,15,100,17,100,3.98,0,0,0,0,1,1,0,1,1,1,1,1,1,0,0,0,0,0,-1.722842E-06,-4.709691E-06
3731087561.3929,2.9995,-0.0095,-0.105,0,-15,15,100,17,100,3.98,0,0,0,0,1,1,0,1,1,1,1,1,1,0,0,0,0,0,-1.466815E-06,-4.709691E-06
3731087562.8684,3.1995,-0.0095,-0.105,0,-15,15,100,17,100,3.98,0,0,0,0,1,1,0,1,1,1,1,1,1,0,0,0,0,0,-1.162255E-06,-4.709691E-06
3731087564.34079,3.3995,-0.0095,-0.105,0,-15,15,100,17,100,3.98,0,0,0,0,1,1,0,1,1,1,1,1,1,0,0,0,0,0,-8.484377E-07,-4.709691E-06
3731087565.81295,3.5995,-0.0095,-0.105,0,-15,15,100,17,100,3.98,0,0,0,0,1,1,0,1,1,1,1,1,1,0,0,0,0,0,-5.621299E-07,-4.709691E-06
3731087567.2855,3.7995,-0.0095,-0.105,0,-15,15,100,17,100,3.98,0,0,0,0,1,1,0,1,1,1,1,1,1,0,0,0,0,0,-3.365423E-07,-4.709691E-06
3731087569.17361,3.9995,-0.0095,-0.105,0,-15,15,100,17,100,3.98,0,0,0,0,1,1,0,1,1,1,1,1,1,0,0,0,0,0,-1.807925E-07,-4.709691E-06
3731087573.38886,0,-0.0095,0.095,0,-15,15,100,17,100,3.98,0,0,0,0,1,1,0,1,1,1,1,1,1,0,0,0,0,0,-7.266362E-08,-4.709691E-06
3731087574.85933,0.1995,-0.0095,0.095,0,-15,15,100,17,100,3.98,0,0,0,0,1,1,0,1,1,1,1,1,1,0,0,0,0,0,-1.599977E-07,-4.709691E-06
3731087577.10348,0.3995,-0.0095,0.095,0,-15,15,100,17,100,3.98,0,0,0,0,1,1,0,1,1,1,1,1,1,0,0,0,0,0,-3.310565E-07,-4.709691E-06
3731087578.57624,0.5995,-0.0095,0.095,0,-15,15,100,17,100,3.98,0,0,0,0,1,1,0,1,1,1,1,1,1,0,0,0,0,0,-5.720788E-07,-4.709691E-06
3731087580.05294,0.7995,-0.0095,0.095,0,-15,15,100,17,100,3.98,0,0,0,0,1,1,0,1,1,1,1,1,1,0,0,0,0,0,-8.551172E-07,-4.709691E-06
3731087581.52943,0.9995,-0.0095,0.095,0,-15,15,100,17,100,3.98,0,0,0,0,1,1,0,1,1,1,1,1,1,0,0,0,0,0,-1.158589E-06,-4.709691E-06
3731087583.00948,1.1995,-0.0095,0.095,0,-15,15,100,17,100,3.98,0,0,0,0,1,1,0,1,1,1,1,1,1,0,0,0,0,0,-1.475454E-06,-4.709691E-06
3731087584.48734,1.3995,-0.0095,0.095,0,-15,15,100,17,100,3.98,0,0,0,0,1,1,0,1,1,1,1,1,1,0,0,0,0,0,-1.767509E-06,-4.709691E-06
3731087585.96393,1.5995,-0.0095,0.095,0,-15,15,100,17,100,3.98,0,0,0,0,1,1,0,1,1,1,1,1,1,0,0,0,0,0,-1.992028E-06,-4.709691E-06
3731087588.12476,1.7995,-0.0095,0.095,0,-15,15,100,17,100,3.98,0,0,0,0,1,1,0,1,1,1,1,1,1,0,0,0,0,0,-2.117358E-06,-4.709691E-06
3731087589.60184,1.9995,-0.0095,0.095,0,-15,15,100,17,100,3.98,0,0,0,0,1,1,0,1,1,1,1,1,1,0,0,0,0,0,-2.181288E-06,-4.709691E-06
3731087591.08087,2.1995,-0.0095,0.095,0,-15,15,100,17,100,3.98,0,0,0,0,1,1,0,1,1,1,1,1,1,0,0,0,0,0,-2.198492E-06,-4.709691E-06
3731087592.5548,2.3995,-0.0095,0.095,0,-15,15,100,17,100,3.98,0,0,0,0,1,1,0,1,1,1,1,1,1,0,0,0,0,0,-2.161628E-06,-4.709691E-06
3731087594.02685,2.5995,-0.0095,0.095,0,-15,15,100,17,100,3.98,0,0,0,0,1,1,0,1,1,1,1,1,1,0,0,0,0,0,-2.049685E-06,-4.709691E-06
3731087595.90154,2.7995,-0.0095,0.095,0,-15,15,100,17,100,3.98,0,0,0,0,1,1,0,1,1,1,1,1,1,0,0,0,0,0,-1.85871E-06,-4.709691E-06
3731087597.36923,2.9995,-0.0095,0.095,0,-15,15,100,17,100,3.98,0,0,0,0,1,1,0,1,1,1,1,1,1,0,0,0,0,0,-1.595863E-06,-4.709691E-06
3731087598.84301,3.1995,-0.0095,0.095,0,-15,15,100,17,100,3.98,0,0,0,0,1,1,0,1,1,1,1,1,1,0,0,0,0,0,-1.269177E-06,-4.709691E-06
3731087600.31266,3.3995,-0.0095,0.095,0,-15,15,100,17,100,3.98,0,0,0,0,1,1,0,1,1,1,1,1,1,0,0,0,0,0,-9.343357E-07,-4.709691E-06
3731087601.78576,3.5995,-0.0095,0.095,0,-15,15,100,17,100,3.98,0,0,0,0,1,1,0,1,1,1,1,1,1,0,0,0,0,0,-6.281792E-07,-4.709691E-06
3731087603.26599,3.7995,-0.0095,0.095,0,-15,15,100,17,100,3.98,0,0,0,0,1,1,0,1,1,1,1,1,1,0,0,0,0,0,-3.805067E-07,-4.709691E-06
3731087604.74028,3.9995,-0.0095,0.095,0,-15,15,100,17,100,3.98,0,0,0,0,1,1,0,1,1,1,1,1,1,0,0,0,0,0,-2.066156E-07,-4.709691E-06
3731087609.41203,0,-0.0095,0.295,0,-15,15,100,17,100,3.98,0,0,0,0,1,1,0,1,1,1,1,1,1,0,0,0,0,0,-7.79737E-08,-4.709691E-06
3731087610.88428,0.1995,-0.0095,0.295,0,-15,15,100,17,100,3.98,0,0,0,0,1,1,0,1,1,1,1,1,1,0,0,0,0,0,-1.731107E-07,-4.709691E-06
3731087613.13959,0.3995,-0.0095,0.295,0,-15,15,100,17,100,3.98,0,0,0,0,1,1,0,1,1,1,1,1,1,0,0,0,0,0,-3.516602E-07,-4.709691E-06
3731087614.61144,0.5995,-0.0095,0.295,0,-15,15,100,17,100,3.98,0,0,0,0,1,1,0,1,1,1,1,1,1,0,0,0,0,0,-6.032333E-07,-4.709691E-06
3731087616.07814,0.7995,-0.0095,0.295,0,-15,15,100,17,100,3.98,0,0,0,0,1,1,0,1,1,1,1,1,1,0,0,0,0,0,-8.933227E-07,-4.709691E-06
3731087617.5519,0.9995,-0.0095,0.295,0,-15,15,100,17,100,3.98,0,0,0,0,1,1,0,1,1,1,1,1,1,0,0,0,0,0,-1.205868E-06,-4.709691E-06
3731087619.0261,1.1995,-0.0095,0.295,0,-15,15,100,17,100,3.98,0,0,0,0,1,1,0,1,1,1,1,1,1,0,0,0,0,0,-1.533885E-06,-4.709691E-06
3731087620.49221,1.3995,-0.0095,0.295,0,-15,15,100,17,100,3.98,0,0,0,0,1,1,0,1,1,1,1,1,1,0,0,0,0,0,-1.826733E-06,-4.709691E-06
3731087621.96755,1.5995,-0.0095,0.295,0,-15,15,100,17,100,3.98,0,0,0,0,1,1,0,1,1,1,1,1,1,0,0,0,0,0,-2.040007E-06,-4.709691E-06
3731087624.12054,1.7995,-0.0095,0.295,0,-15,15,100,17,100,3.98,0,0,0,0,1,1,0,1,1,1,1,1,1,0,0,0,0,0,-2.155627E-06,-4.709691E-06
3731087625.59386,1.9995,-0.0095,0.295,0,-15,15,100,17,100,3.98,0,0,0,0,1,1,0,1,1,1,1,1,1,0,0,0,0,0,-2.213945E-06,-4.709691E-06
3731087627.06746,2.1995,-0.0095,0.295,0,-15,15,100,17,100,3.98,0,0,0,0,1,1,0,1,1,1,1,1,1,0,0,0,0,0,-2.24019E-06,-4.709691E-06
3731087628.53664,2.3995,-0.0095,0.295,0,-15,15,100,17,100,3.98,0,0,0,0,1,1,0,1,1,1,1,1,1,0,0,0,0,0,-2.217267E-06,-4.709691E-06
3731087630.01272,2.5995,-0.0095,0.295,0,-15,15,100,17,100,3.98,0,0,0,0,1,1,0,1,1,1,1,1,1,0,0,0,0,0,-2.112761E-06,-4.709691E-06
3731087631.90735,2.7995,-0.0095,0.295,0,-15,15,100,17,100,3.98,0,0,0,0,1,1,0,1,1,1,1,1,1,0,0,0,0,0,-1.923245E-06,-4.709691E-06
3731087633.38108,2.9995,-0.0095,0.295,0,-15,15,100,17,100,3.98,0,0,0,0,1,1,0,1,1,1,1,1,1,0,0,0,0,0,-1.656682E-06,-4.709691E-06
3731087634.86456,3.1995,-0.0095,0.295,0,-15,15,100,17,100,3.98,0,0,0,0,1,1,0,1,1,1,1,1,1,0,0,0,0,0,-1.319123E-06,-4.709691E-06
3731087636.34439,3.3995,-0.0095,0.295,0,-15,15,100,17,100,3.98,0,0,0,0,1,1,0,1,1,1,1,1,1,0,0,0,0,0,-9.743825E-07,-4.709691E-06
3731087637.82095,3.5995,-0.0095,0.295,0,-15,15,100,17,100,3.98,0,0,0,0,1,1,0,1,1,1,1,1,1,0,0,0,0,0,-6.577781E-07,-4.709691E-06
3731087639.29944,3.7995,-0.0095,0.295,0,-15,15,100,17,100,3.98,0,0,0,0,1,1,0,1,1,1,1,1,1,0,0,0,0,0,-4.011933E-07,-4.709691E-06
3731087640.77462,3.9995,-0.0095,0.295,0,-15,15,100,17,100,3.98,0,0,0,0,1,1,0,1,1,1,1,1,1,0,0,0,0,0,-2.179023E-07,-4.709691E-06
3731087645.42245,0,-0.0095,0.495,0,-15,15,100,17,100,3.98,0,0,0,0,1,1,0,1,1,1,1,1,1,0,0,0,0,0,-7.889797E-08,-4.709691E-06
3731087646.88809,0.1995,-0.0095,0.495,0,-15,15,100,17,100,3.98,0,0,0,0,1,1,0,1,1,1,1,1,1,0,0,0,0,0,-1.734542E-07,-4.709691E-06
3731087649.13851,0.3995,-0.0095,0.495,0,-15,15,100,17,100,3.98,0,0,0,0,1,1,0,1,1,1,1,1,1,0,0,0,0,0,-3.513558E-07,-4.709691E-06
3731087650.61142,0.5995,-0.0095,0.495,0,-15,15,100,17,100,3.98,0,0,0,0,1,1,0,1,1,1,1,1,1,0,0,0,0,0,-6.011005E-07,-4.709691E-06
3731087652.08387,0.7995,-0.0095,0.495,0,-15,15,100,17,100,3.98,0,0,0,0,1,1,0,1,1,1,1,1,1,0,0,0,0,0,-8.910399E-07,-4.709691E-06
3731087653.55647,0.9995,-0.0095,0.495,0,-15,15,100,17,100,3.98,0,0,0,0,1,1,0,1,1,1,1,1,1,0,0,0,0,0,-1.203589E-06,-4.709691E-06
3731087655.03862,1.1995,-0.0095,0.495,0,-15,15,100,17,100,3.98,0,0,0,0,1,1,0,1,1,1,1,1,1,0,0,0,0,0,-1.528411E-06,-4.709691E-06
3731087656.51548,1.3995,-0.0095,0.495,0,-15,15,100,17,100,3.98,0,0,0,0,1,1,0,1,1,1,1,1,1,0,0,0,0,0,-1.820595E-06,-4.709691E-06
3731087657.99263,1.5995,-0.0095,0.495,0,-15,15,100,17,100,3.98,0,0,0,0,1,1,0,1,1,1,1,1,1,0,0,0,0,0,-2.034956E-06,-4.709691E-06
3731087660.15185,1.7995,-0.0095,0.495,0,-15,15,100,17,100,3.98,0,0,0,0,1,1,0,1,1,1,1,1,1,0,0,0,0,0,-2.152058E-06,-4.709691E-06
3731087661.62389,1.9995,-0.0095,0.495,0,-15,15,100,17,100,3.98,0,0,0,0,1,1,0,1,1,1,1,1,1,0,0,0,0,0,-2.212941E-06,-4.709691E-06
3731087663.10813,2.1995,-0.0095,0.495,0,-15,15,100,17,100,3.98,0,0,0,0,1,1,0,1,1,1,1,1,1,0,0,0,0,0,-2.240068E-06,-4.709691E-06
3731087664.59671,2.3995,-0.0095,0.495,0,-15,15,100,17,100,3.98,0,0,0,0,1,1,0,1,1,1,1,1,1,0,0,0,0,0,-2.217818E-06,-4.709691E-06
3731087666.07626,2.5995,-0.0095,0.495,0,-15,15,100,17,100,3.98,0,0,0,0,1,1,0,1,1,1,1,1,1,0,0,0,0,0,-2.112383E-06,-4.709691E-06
3731087667.96002,2.7995,-0.0095,0.495,0,-15,15,100,17,100,3.98,0,0,0,0,1,1,0,1,1,1,1,1,1,0,0,0,0,0,-1.919247E-06,-4.709691E-06
3731087669.44075,2.9995,-0.0095,0.495,0,-15,15,100,17,100,3.98,0,0,0,0,1,1,0,1,1,1,1,1,1,0,0,0,0,0,-1.65053E-06,-4.709691E-06
3731087670.92579,3.1995,-0.0095,0.495,0,-15,15,100,17,100,3.98,0,0,0,0,1,1,0,1,1,1,1,1,1,0,0,0,0,0,-1.316517E-06,-4.709691E-06
3731087672.40231,3.3995,-0.0095,0.495,0,-15,15,100,17,100,3.98,0,0,0,0,1,1,0,1,1,1,1,1,1,0,0,0,0,0,-9.688513E-07,-4.709691E-06
3731087673.88761,3.5995,-0.0095,0.495,0,-15,15,100,17,100,3.98,0,0,0,0,1,1,0,1,1,1,1,1,1,0,0,0,0,0,-6.49746E-07,-4.709691E-06
3731087675.36339,3.7995,-0.0095,0.495,0,-15,15,100,17,100,3.98,0,0,0,0,1,1,0,1,1,1,1,1,1,0,0,0,0,0,-3.927073E-07,-4.709691E-06
3731087676.84832,3.9995,-0.0095,0.495,0,-15,15,100,17,100,3.98,0,0,0,0,1,1,0,1,1,1,1,1,1,0,0,0,0,0,-2.119825E-07,-4.709691E-06
3731087681.56294,0,-0.0095,0.695,0,-15,15,100,17,100,3.98,0,0,0,0,1,1,0,1,1,1,1,1,1,0,0,0,0,0,-7.490933E-08,-4.709691E-06
3731087683.05672,0.1995,-0.0095,0.695,0,-15,15,100,17,100,3.98,0,0,0,0,1,1,0,1,1,1,1,1,1,0,0,0,0,0,-1.615356E-07,-4.709691E-06
3731087685.30744,0.3995,-0.0095,0.695,0,-15,15,100,17,100,3.98,0,0,0,0,1,1,0,1,1,1,1,1,1,0,0,0,0,0,-3.268678E-07,-4.709691E-06
3731087686.78251,0.5995,-0.0095,0.695,0,-15,15,100,17,100,3.98,0,0,0,0,1,1,0,1,1,1,1,1,1,0,0,0,0,0,-5.65433E-07,-4.709691E-06
3731087688.26029,0.7995,-0.0095,0.695,0,-15,15,100,17,100,3.98,0,0,0,0,1,1,0,1,1,1,1,1,1,0,0,0,0,0,-8.429292E-07,-4.709691E-06
3731087689.73631,0.9995,-0.0095,0.695,0,-15,15,100,17,100,3.98,0,0,0,0,1,1,0,1,1,1,1,1,1,0,0,0,0,0,-1.147706E-06,-4.709691E-06
3731087691.21094,1.1995,-0.0095,0.695,0,-15,15,100,17,100,3.98,0,0,0,0,1,1,0,1,1,1,1,1,1,0,0,0,0,0,-1.463718E-06,-4.709691E-06
3731087692.68308,1.3995,-0.0095,0.695,0,-15,15,100,17,100,3.98,0,0,0,0,1,1,0,1,1,1,1,1,1,0,0,0,0,0,-1.752814E-06,-4.709691E-06
3731087694.15616,1.5995,-0.0095,0.695,0,-15,15,100,17,100,3.98,0,0,0,0,1,1,0,1,1,1,1,1,1,0,0,0,0,0,-1.97754E-06,-4.709691E-06
3731087696.31773,1.7995,-0.0095,0.695,0,-15,15,100,17,100,3.98,0,0,0,0,1,1,0,1,1,1,1,1,1,0,0,0,0,0,-2.109571E-06,-4.709691E-06
3731087697.78813,1.9995,-0.0095,0.695,0,-15,15,100,17,100,3.98,0,0,0,0,1,1,0,1,1,1,1,1,1,0,0,0,0,0,-2.178655E-06,-4.709691E-06
3731087699.26333,2.1995,-0.0095,0.695,0,-15,15,100,17,100,3.98,0,0,0,0,1,1,0,1,1,1,1,1,1,0,0,0,0,0,-2.203456E-06,-4.709691E-06
3731087700.73636,2.3995,-0.0095,0.695,0,-15,15,100,17,100,3.98,0,0,0,0,1,1,0,1,1,1,1,1,1,0,0,0,0,0,-2.170413E-06,-4.709691E-06
3731087702.21447,2.5995,-0.0095,0.695,0,-15,15,100,17,100,3.98,0,0,0,0,1,1,0,1,1,1,1,1,1,0,0,0,0,0,-2.050076E-06,-4.709691E-06
3731087704.10358,2.7995,-0.0095,0.695,0,-15,15,100,17,100,3.98,0,0,0,0,1,1,0,1,1,1,1,1,1,0,0,0,0,0,-1.850383E-06,-4.709691E-06
3731087705.5864,2.9995,-0.0095,0.695,0,-15,15,100,17,100,3.98,0,0,0,0,1,1,0,1,1,1,1,1,1,0,0,0,0,0,-1.579517E-06,-4.709691E-06
3731087707.06872,3.1995,-0.0095,0.695,0,-15,15,100,17,100,3.98,0,0,0,0,1,1,0,1,1,1,1,1,1,0,0,0,0,0,-1.253325E-06,-4.709691E-06
3731087708.54916,3.3995,-0.0095,0.695,0,-15,15,100,17,100,3.98,0,0,0,0,1,1,0,1,1,1,1,1,1,0,0,0,0,0,-9.160631E-07,-4.709691E-06
3731087710.0238,3.5995,-0.0095,0.695,0,-15,15,100,17,100,3.98,0,0,0,0,1,1,0,1,1,1,1,1,1,0,0,0,0,0,-6.071235E-07,-4.709691E-06
3731087711.48749,3.7995,-0.0095,0.695,0,-15,15,100,17,100,3.98,0,0,0,0,1,1,0,1,1,1,1,1,1,0,0,0,0,0,-3.599605E-07,-4.709691E-06
3731087713.36868,3.9995,-0.0095,0.695,0,-15,15,100,17,100,3.98,0,0,0,0,1,1,0,1,1,1,1,1,1,0,0,0,0,0,-1.936294E-07,-4.709691E-06
3731087717.57886,0,-0.0095,0.895,0,-15,15,100,17,100,3.98,0,0,0,0,1,1,0,1,1,1,1,1,1,0,0,0,0,0,-6.700953E-08,-4.709691E-06
3731087719.04426,0.1995,-0.0095,0.895,0,-15,15,100,17,100,3.98,0,0,0,0,1,1,0,1,1,1,1,1,1,0,0,0,0,0,-1.38583E-07,-4.709691E-06
3731087721.28927,0.3995,-0.0095,0.895,0,-15,15,100,17,100,3.98,0,0,0,0,1,1,0,1,1,1,1,1,1,0,0,0,0,0,-2.833866E-07,-4.709691E-06
3731087722.75734,0.5995,-0.0095,0.895,0,-15,15,100,17,100,3.98,0,0,0,0,1,1,0,1,1,1,1,1,1,0,0,0,0,0,-4.970066E-07,-4.709691E-06
3731087724.22257,0.7995,-0.0095,0.895,0,-15,15,100,17,100,3.98,0,0,0,0,1,1,0,1,1,1,1,1,1,0,0,0,0,0,-7.541606E-07,-4.709691E-06
3731087725.69993,0.9995,-0.0095,0.895,0,-15,15,100,17,100,3.98,0,0,0,0,1,1,0,1,1,1,1,1,1,0,0,0,0,0,-1.040093E-06,-4.709691E-06
3731087727.17524,1.1995,-0.0095,0.895,0,-15,15,100,17,100,3.98,0,0,0,0,1,1,0,1,1,1,1,1,1,0,0,0,0,0,-1.340453E-06,-4.709691E-06
3731087728.64825,1.3995,-0.0095,0.895,0,-15,15,100,17,100,3.98,0,0,0,0,1,1,0,1,1,1,1,1,1,0,0,0,0,0,-1.623116E-06,-4.709691E-06
3731087730.12421,1.5995,-0.0095,0.895,0,-15,15,100,17,100,3.98,0,0,0,0,1,1,0,1,1,1,1,1,1,0,0,0,0,0,-1.854721E-06,-4.709691E-06
3731087731.59819,1.7995,-0.0095,0.895,0,-15,15,100,17,100,3.98,0,0,0,0,1,1,0,1,1,1,1,1,1,0,0,0,0,0,-2.008711E-06,-4.709691E-06
3731087733.07366,1.9995,-0.0095,0.895,0,-15,15,100,17,100,3.98,0,0,0,0,1,1,0,1,1,1,1,1,1,0,0,0,0,0,-2.089205E-06,-4.709691E-06
3731087735.2343,2.1995,-0.0095,0.895,0,-15,15,100,17,100,3.98,0,0,0,0,1,1,0,1,1,1,1,1,1,0,0,0,0,0,-2.111783E-06,-4.709691E-06
3731087736.71082,2.3995,-0.0095,0.895,0,-15,15,100,17,100,3.98,0,0,0,0,1,1,0,1,1,1,1,1,1,0,0,0,0,0,-2.058122E-06,-4.709691E-06
3731087738.59772,2.5995,-0.0095,0.895,0,-15,15,100,17,100,3.98,0,0,0,0,1,1,0,1,1,1,1,1,1,0,0,0,0,0,-1.922421E-06,-4.709691E-06
3731087740.06967,2.7995,-0.0095,0.895,0,-15,15,100,17,100,3.98,0,0,0,0,1,1,0,1,1,1,1,1,1,0,0,0,0,0,-1.715371E-06,-4.709691E-06
3731087741.54035,2.9995,-0.0095,0.895,0,-15,15,100,17,100,3.98,0,0,0,0,1,1,0,1,1,1,1,1,1,0,0,0,0,0,-1.449978E-06,-4.709691E-06
3731087743.01287,3.1995,-0.0095,0.895,0,-15,15,100,17,100,3.98,0,0,0,0,1,1,0,1,1,1,1,1,1,0,0,0,0,0,-1.137841E-06,-4.709691E-06
3731087744.49133,3.3995,-0.0095,0.895,0,-15,15,100,17,100,3.98,0,0,0,0,1,1,0,1,1,1,1,1,1,0,0,0,0,0,-8.228503E-07,-4.709691E-06
3731087745.96539,3.5995,-0.0095,0.895,0,-15,15,100,17,100,3.98,0,0,0,0,1,1,0,1,1,1,1,1,1,0,0,0,0,0,-5.364731E-07,-4.709691E-06
3731087747.44387,3.7995,-0.0095,0.895,0,-15,15,100,17,100,3.98,0,0,0,0,1,1,0,1,1,1,1,1,1,0,0,0,0,0,-3.150867E-07,-4.709691E-06
3731087749.33692,3.9995,-0.0095,0.895,0,-15,15,100,17,100,3.98,0,0,0,0,1,1,0,1,1,1,1,1,1,0,0,0,0,0,-1.665877E-07,-4.709691E-06
3731087753.60995,0,-0.0095,1.095,0,-15,15,100,17,100,3.98,0,0,0,0,1,1,0,1,1,1,1,1,1,0,0,0,0,0,-5.801494E-08,-4.709691E-06
3731087755.08426,0.1995,-0.0095,1.095,0,-15,15,100,17,100,3.98,0,0,0,0,1,1,0,1,1,1,1,1,1,0,0,0,0,0,-1.125981E-07,-4.709691E-06
3731087757.33886,0.3995,-0.0095,1.095,0,-15,15,100,17,100,3.98,0,0,0,0,1,1,0,1,1,1,1,1,1,0,0,0,0,0,-2.290372E-07,-4.709691E-06
3731087758.81127,0.5995,-0.0095,1.095,0,-15,15,100,17,100,3.98,0,0,0,0,1,1,0,1,1,1,1,1,1,0,0,0,0,0,-4.133933E-07,-4.709691E-06
3731087760.27813,0.7995,-0.0095,1.095,0,-15,15,100,17,100,3.98,0,0,0,0,1,1,0,1,1,1,1,1,1,0,0,0,0,0,-6.411749E-07,-4.709691E-06
3731087761.74309,0.9995,-0.0095,1.095,0,-15,15,100,17,100,3.98,0,0,0,0,1,1,0,1,1,1,1,1,1,0,0,0,0,0,-9.001516E-07,-4.709691E-06
3731087763.21495,1.1995,-0.0095,1.095,0,-15,15,100,17,100,3.98,0,0,0,0,1,1,0,1,1,1,1,1,1,0,0,0,0,0,-1.173214E-06,-4.709691E-06
3731087764.68374,1.3995,-0.0095,1.095,0,-15,15,100,17,100,3.98,0,0,0,0,1,1,0,1,1,1,1,1,1,0,0,0,0,0,-1.436391E-06,-4.709691E-06
3731087766.15715,1.5995,-0.0095,1.095,0,-15,15,100,17,100,3.98,0,0,0,0,1,1,0,1,1,1,1,1,1,0,0,0,0,0,-1.662311E-06,-4.709691E-06
3731087767.62876,1.7995,-0.0095,1.095,0,-15,15,100,17,100,3.98,0,0,0,0,1,1,0,1,1,1,1,1,1,0,0,0,0,0,-1.822648E-06,-4.709691E-06
3731087769.10434,1.9995,-0.0095,1.095,0,-15,15,100,17,100,3.98,0,0,0,0,1,1,0,1,1,1,1,1,1,0,0,0,0,0,-1.915296E-06,-4.709691E-06
3731087770.57058,2.1995,-0.0095,1.095,0,-15,15,100,17,100,3.98,0,0,0,0,1,1,0,1,1,1,1,1,1,0,0,0,0,0,-1.934519E-06,-4.709691E-06
3731087772.03483,2.3995,-0.0095,1.095,0,-15,15,100,17,100,3.98,0,0,0,0,1,1,0,1,1,1,1,1,1,0,0,0,0,0,-1.868604E-06,-4.709691E-06
3731087773.50337,2.5995,-0.0095,1.095,0,-15,15,100,17,100,3.98,0,0,0,0,1,1,0,1,1,1,1,1,1,0,0,0,0,0,-1.723553E-06,-4.709691E-06
3731087774.97833,2.7995,-0.0095,1.095,0,-15,15,100,17,100,3.98,0,0,0,0,1,1,0,1,1,1,1,1,1,0,0,0,0,0,-1.518881E-06,-4.709691E-06
3731087776.45103,2.9995,-0.0095,1.095,0,-15,15,100,17,100,3.98,0,0,0,0,1,1,0,1,1,1,1,1,1,0,0,0,0,0,-1.268759E-06,-4.709691E-06
3731087777.92924,3.1995,-0.0095,1.095,0,-15,15,100,17,100,3.98,0,0,0,0,1,1,0,1,1,1,1,1,1,0,0,0,0,0,-9.802754E-07,-4.709691E-06
3731087779.40234,3.3995,-0.0095,1.095,0,-15,15,100,17,100,3.98,0,0,0,0,1,1,0,1,1,1,1,1,1,0,0,0,0,0,-6.966864E-07,-4.709691E-06
3731087780.88266,3.5995,-0.0095,1.095,0,-15,15,100,17,100,3.98,0,0,0,0,1,1,0,1,1,1,1,1,1,0,0,0,0,0,-4.444837E-07,-4.709691E-06
3731087782.35751,3.7995,-0.0095,1.095,0,-15,15,100,17,100,3.98,0,0,0,0,1,1,0,1,1,1,1,1,1,0,0,0,0,0,-2.54821E-07,-4.709691E-06
3731087784.24815,3.9995,-0.0095,1.095,0,-15,15,100,17,100,3.98,0,0,0,0,1,1,0,1,1,1,1,1,1,0,0,0,0,0,-1.314975E-07,-4.709691E-06
3731087788.50156,0,-0.0095,1.295,0,-15,15,100,17,100,3.98,0,0,0,0,1,1,0,1,1,1,1,1,1,0,0,0,0,0,-4.912756E-08,-4.709691E-06
3731087789.97277,0.1995,-0.0095,1.295,0,-15,15,100,17,100,3.98,0,0,0,0,1,1,0,1,1,1,1,1,1,0,0,0,0,0,-8.610971E-08,-4.709691E-06
3731087791.44689,0.3995,-0.0095,1.295,0,-15,15,100,17,100,3.98,0,0,0,0,1,1,0,1,1,1,1,1,1,0,0,0,0,0,-1.718328E-07,-4.709691E-06
3731087793.69804,0.5995,-0.0095,1.295,0,-15,15,100,17,100,3.98,0,0,0,0,1,1,0,1,1,1,1,1,1,0,0,0,0,0,-3.194267E-07,-4.709691E-06
3731087795.1757,0.7995,-0.0095,1.295,0,-15,15,100,17,100,3.98,0,0,0,0,1,1,0,1,1,1,1,1,1,0,0,0,0,0,-5.105638E-07,-4.709691E-06
3731087796.64971,0.9995,-0.0095,1.295,0,-15,15,100,17,100,3.98,0,0,0,0,1,1,0,1,1,1,1,1,1,0,0,0,0,0,-7.354446E-07,-4.709691E-06
3731087798.12927,1.1995,-0.0095,1.295,0,-15,15,100,17,100,3.98,0,0,0,0,1,1,0,1,1,1,1,1,1,0,0,0,0,0,-9.732902E-07,-4.709691E-06
3731087799.60563,1.3995,-0.0095,1.295,0,-15,15,100,17,100,3.98,0,0,0,0,1,1,0,1,1,1,1,1,1,0,0,0,0,0,-1.205662E-06,-4.709691E-06
3731087801.08709,1.5995,-0.0095,1.295,0,-15,15,100,17,100,3.98,0,0,0,0,1,1,0,1,1,1,1,1,1,0,0,0,0,0,-1.411163E-06,-4.709691E-06
3731087802.57292,1.7995,-0.0095,1.295,0,-15,15,100,17,100,3.98,0,0,0,0,1,1,0,1,1,1,1,1,1,0,0,0,0,0,-1.56032E-06,-4.709691E-06
3731087804.04968,1.9995,-0.0095,1.295,0,-15,15,100,17,100,3.98,0,0,0,0,1,1,0,1,1,1,1,1,1,0,0,0,0,0,-1.651461E-06,-4.709691E-06
3731087805.51606,2.1995,-0.0095,1.295,0,-15,15,100,17,100,3.98,0,0,0,0,1,1,0,1,1,1,1,1,1,0,0,0,0,0,-1.670373E-06,-4.709691E-06
3731087806.98787,2.3995,-0.0095,1.295,0,-15,15,100,17,100,3.98,0,0,0,0,1,1,0,1,1,1,1,1,1,0,0,0,0,0,-1.606981E-06,-4.709691E-06
3731087808.46159,2.5995,-0.0095,1.295,0,-15,15,100,17,100,3.98,0,0,0,0,1,1,0,1,1,1,1,1,1,0,0,0,0,0,-1.468974E-06,-4.709691E-06
3731087809.93042,2.7995,-0.0095,1.295,0,-15,15,100,17,100,3.98,0,0,0,0,1,1,0,1,1,1,1,1,1,0,0,0,0,0,-1.278585E-06,-4.709691E-06
3731087811.39411,2.9995,-0.0095,1.295,0,-15,15,100,17,100,3.98,0,0,0,0,1,1,0,1,1,1,1,1,1,0,0,0,0,0,-1.053145E-06,-4.709691E-06
3731087812.8628,3.1995,-0.0095,1.295,0,-15,15,100,17,100,3.98,0,0,0,0,1,1,0,1,1,1,1,1,1,0,0,0,0,0,-7.995329E-07,-4.709691E-06
3731087814.33024,3.3995,-0.0095,1.295,0,-15,15,100,17,100,3.98,0,0,0,0,1,1,0,1,1,1,1,1,1,0,0,0,0,0,-5.530562E-07,-4.709691E-06
3731087815.79673,3.5995,-0.0095,1.295,0,-15,15,100,17,100,3.98,0,0,0,0,1,1,0,1,1,1,1,1,1,0,0,0,0,0,-3.419695E-07,-4.709691E-06
3731087817.68016,3.7995,-0.0095,1.295,0,-15,15,100,17,100,3.98,0,0,0,0,1,1,0,1,1,1,1,1,1,0,0,0,0,0,-1.902008E-07,-4.709691E-06
3731087819.14748,3.9995,-0.0095,1.295,0,-15,15,100,17,100,3.98,0,0,0,0,1,1,0,1,1,1,1,1,1,0,0,0,0,0,-9.582604E-08,-4.709691E-06
3731087823.38047,0,-0.0095,1.495,0,-15,15,100,17,100,3.98,0,0,0,0,1,1,0,1,1,1,1,1,1,0,0,0,0,0,-4.175684E-08,-4.709691E-06
3731087824.8539,0.1995,-0.0095,1.495,0,-15,15,100,17,100,3.98,0,0,0,0,1,1,0,1,1,1,1,1,1,0,0,0,0,0,-6.375252E-08,-4.709691E-06
3731087826.32577,0.3995,-0.0095,1.495,0,-15,15,100,17,100,3.98,0,0,0,0,1,1,0,1,1,1,1,1,1,0,0,0,0,0,-1.194478E-07,-4.709691E-06
3731087828.57132,0.5995,-0.0095,1.495,0,-15,15,100,17,100,3.98,0,0,0,0,1,1,0,1,1,1,1,1,1,0,0,0,0,0,-2.259769E-07,-4.709691E-06
3731087830.04179,0.7995,-0.0095,1.495,0,-15,15,100,17,100,3.98,0,0,0,0,1,1,0,1,1,1,1,1,1,0,0,0,0,0,-3.752087E-07,-4.709691E-06
3731087831.51167,0.9995,-0.0095,1.495,0,-15,15,100,17,100,3.98,0,0,0,0,1,1,0,1,1,1,1,1,1,0,0,0,0,0,-5.580118E-07,-4.709691E-06
3731087832.9831,1.1995,-0.0095,1.495,0,-15,15,100,17,100,3.98,0,0,0,0,1,1,0,1,1,1,1,1,1,0,0,0,0,0,-7.583893E-07,-4.709691E-06
3731087834.4571,1.3995,-0.0095,1.495,0,-15,15,100,17,100,3.98,0,0,0,0,1,1,0,1,1,1,1,1,1,0,0,0,0,0,-9.52341E-07,-4.709691E-06
3731087835.9268,1.5995,-0.0095,1.495,0,-15,15,100,17,100,3.98,0,0,0,0,1,1,0,1,1,1,1,1,1,0,0,0,0,0,-1.126355E-06,-4.709691E-06
3731087837.40364,1.7995,-0.0095,1.495,0,-15,15,100,17,100,3.98,0,0,0,0,1,1,0,1,1,1,1,1,1,0,0,0,0,0,-1.255434E-06,-4.709691E-06
3731087838.87627,1.9995,-0.0095,1.495,0,-15,15,100,17,100,3.98,0,0,0,0,1,1,0,1,1,1,1,1,1,0,0,0,0,0,-1.335084E-06,-4.709691E-06
3731087840.35647,2.1995,-0.0095,1.495,0,-15,15,100,17,100,3.98,0,0,0,0,1,1,0,1,1,1,1,1,1,0,0,0,0,0,-1.349508E-06,-4.709691E-06
3731087841.8267,2.3995,-0.0095,1.495,0,-15,15,100,17,100,3.98,0,0,0,0,1,1,0,1,1,1,1,1,1,0,0,0,0,0,-1.295864E-06,-4.709691E-06
3731087843.30269,2.5995,-0.0095,1.495,0,-15,15,100,17,100,3.98,0,0,0,0,1,1,0,1,1,1,1,1,1,0,0,0,0,0,-1.176917E-06,-4.709691E-06
3731087844.77935,2.7995,-0.0095,1.495,0,-15,15,100,17,100,3.98,0,0,0,0,1,1,0,1,1,1,1,1,1,0,0,0,0,0,-1.010746E-06,-4.709691E-06
3731087846.25428,2.9995,-0.0095,1.495,0,-15,15,100,17,100,3.98,0,0,0,0,1,1,0,1,1,1,1,1,1,0,0,0,0,0,-8.183727E-07,-4.709691E-06
3731087847.73071,3.1995,-0.0095,1.495,0,-15,15,100,17,100,3.98,0,0,0,0,1,1,0,1,1,1,1,1,1,0,0,0,0,0,-6.047095E-07,-4.709691E-06
3731087849.20822,3.3995,-0.0095,1.495,0,-15,15,100,17,100,3.98,0,0,0,0,1,1,0,1,1,1,1,1,1,0,0,0,0,0,-4.052024E-07,-4.709691E-06
3731087850.68545,3.5995,-0.0095,1.495,0,-15,15,100,17,100,3.98,0,0,0,0,1,1,0,1,1,1,1,1,1,0,0,0,0,0,-2.40457E-07,-4.709691E-06
3731087852.57327,3.7995,-0.0095,1.495,0,-15,15,100,17,100,3.98,0,0,0,0,1,1,0,1,1,1,1,1,1,0,0,0,0,0,-1.298542E-07,-4.709691E-06
3731087854.04848,3.9995,-0.0095,1.495,0,-15,15,100,17,100,3.98,0,0,0,0,1,1,0,1,1,1,1,1,1,0,0,0,0,0,-6.495272E-08,-4.709691E-06
3731087858.26845,0,-0.0095,1.695,0,-15,15,100,17,100,3.98,0,0,0,0,1,1,0,1,1,1,1,1,1,0,0,0,0,0,-3.628325E-08,-4.709691E-06
3731087859.73161,0.1995,-0.0095,1.695,0,-15,15,100,17,100,3.98,0,0,0,0,1,1,0,1,1,1,1,1,1,0,0,0,0,0,-4.812262E-08,-4.709691E-06
3731087861.19752,0.3995,-0.0095,1.695,0,-15,15,100,17,100,3.98,0,0,0,0,1,1,0,1,1,1,1,1,1,0,0,0,0,0,-7.896964E-08,-4.709691E-06
3731087862.6629,0.5995,-0.0095,1.695,0,-15,15,100,17,100,3.98,0,0,0,0,1,1,0,1,1,1,1,1,1,0,0,0,0,0,-1.454523E-07,-4.709691E-06
3731087864.90453,0.7995,-0.0095,1.695,0,-15,15,100,17,100,3.98,0,0,0,0,1,1,0,1,1,1,1,1,1,0,0,0,0,0,-2.502752E-07,-4.709691E-06
3731087866.3701,0.9995,-0.0095,1.695,0,-15,15,100,17,100,3.98,0,0,0,0,1,1,0,1,1,1,1,1,1,0,0,0,0,0,-3.877465E-07,-4.709691E-06
3731087867.83846,1.1995,-0.0095,1.695,0,-15,15,100,17,100,3.98,0,0,0,0,1,1,0,1,1,1,1,1,1,0,0,0,0,0,-5.460302E-07,-4.709691E-06
3731087869.30946,1.3995,-0.0095,1.695,0,-15,15,100,17,100,3.98,0,0,0,0,1,1,0,1,1,1,1,1,1,0,0,0,0,0,-7.029785E-07,-4.709691E-06
3731087870.7792,1.5995,-0.0095,1.695,0,-15,15,100,17,100,3.98,0,0,0,0,1,1,0,1,1,1,1,1,1,0,0,0,0,0,-8.411828E-07,-4.709691E-06
3731087872.24889,1.7995,-0.0095,1.695,0,-15,15,100,17,100,3.98,0,0,0,0,1,1,0,1,1,1,1,1,1,0,0,0,0,0,-9.459492E-07,-4.709691E-06
3731087873.71897,1.9995,-0.0095,1.695,0,-15,15,100,17,100,3.98,0,0,0,0,1,1,0,1,1,1,1,1,1,0,0,0,0,0,-1.00852E-06,-4.709691E-06
3731087875.19277,2.1995,-0.0095,1.695,0,-15,15,100,17,100,3.98,0,0,0,0,1,1,0,1,1,1,1,1,1,0,0,0,0,0,-1.019946E-06,-4.709691E-06
3731087876.66463,2.3995,-0.0095,1.695,0,-15,15,100,17,100,3.98,0,0,0,0,1,1,0,1,1,1,1,1,1,0,0,0,0,0,-9.74651E-07,-4.709691E-06
3731087878.13744,2.5995,-0.0095,1.695,0,-15,15,100,17,100,3.98,0,0,0,0,1,1,0,1,1,1,1,1,1,0,0,0,0,0,-8.780706E-07,-4.709691E-06
3731087879.61337,2.7995,-0.0095,1.695,0,-15,15,100,17,100,3.98,0,0,0,0,1,1,0,1,1,1,1,1,1,0,0,0,0,0,-7.442411E-07,-4.709691E-06
3731087881.08601,2.9995,-0.0095,1.695,0,-15,15,100,17,100,3.98,0,0,0,0,1,1,0,1,1,1,1,1,1,0,0,0,0,0,-5.89132E-07,-4.709691E-06
3731087882.5558,3.1995,-0.0095,1.695,0,-15,15,100,17,100,3.98,0,0,0,0,1,1,0,1,1,1,1,1,1,0,0,0,0,0,-4.219195E-07,-4.709691E-06
3731087884.03061,3.3995,-0.0095,1.695,0,-15,15,100,17,100,3.98,0,0,0,0,1,1,0,1,1,1,1,1,1,0,0,0,0,0,-2.691211E-07,-4.709691E-06
3731087885.91965,3.5995,-0.0095,1.695,0,-15,15,100,17,100,3.98,0,0,0,0,1,1,0,1,1,1,1,1,1,0,0,0,0,0,-1.534518E-07,-4.709691E-06
3731087887.39099,3.7995,-0.0095,1.695,0,-15,15,100,17,100,3.98,0,0,0,0,1,1,0,1,1,1,1,1,1,0,0,0,0,0,-8.145846E-08,-4.709691E-06
3731087888.87122,3.9995,-0.0095,1.695,0,-15,15,100,17,100,3.98,0,0,0,0,1,1,0,1,1,1,1,1,1,0,0,0,0,0,-4.271696E-08,-4.709691E-06
3731087893.12264,0,-0.0095,1.895,0,-15,15,100,17,100,3.98,0,0,0,0,1,1,0,1,1,1,1,1,1,0,0,0,0,0,-3.21332E-08,-4.709691E-06
3731087894.59655,0.1995,-0.0095,1.895,0,-15,15,100,17,100,3.98,0,0,0,0,1,1,0,1,1,1,1,1,1,0,0,0,0,0,-3.849978E-08,-4.709691E-06
3731087896.06728,0.3995,-0.0095,1.895,0,-15,15,100,17,100,3.98,0,0,0,0,1,1,0,1,1,1,1,1,1,0,0,0,0,0,-5.337842E-08,-4.709691E-06
3731087897.54408,0.5995,-0.0095,1.895,0,-15,15,100,17,100,3.98,0,0,0,0,1,1,0,1,1,1,1,1,1,0,0,0,0,0,-8.830077E-08,-4.709691E-06
3731087899.01497,0.7995,-0.0095,1.895,0,-15,15,100,17,100,3.98,0,0,0,0,1,1,0,1,1,1,1,1,1,0,0,0,0,0,-1.508369E-07,-4.709691E-06
3731087901.26436,0.9995,-0.0095,1.895,0,-15,15,100,17,100,3.98,0,0,0,0,1,1,0,1,1,1,1,1,1,0,0,0,0,0,-2.43344E-07,-4.709691E-06
3731087902.73418,1.1995,-0.0095,1.895,0,-15,15,100,17,100,3.98,0,0,0,0,1,1,0,1,1,1,1,1,1,0,0,0,0,0,-3.574698E-07,-4.709691E-06
3731087904.19942,1.3995,-0.0095,1.895,0,-15,15,100,17,100,3.98,0,0,0,0,1,1,0,1,1,1,1,1,1,0,0,0,0,0,-4.743828E-07,-4.709691E-06
3731087905.67271,1.5995,-0.0095,1.895,0,-15,15,100,17,100,3.98,0,0,0,0,1,1,0,1,1,1,1,1,1,0,0,0,0,0,-5.785933E-07,-4.709691E-06
3731087907.14115,1.7995,-0.0095,1.895,0,-15,15,100,17,100,3.98,0,0,0,0,1,1,0,1,1,1,1,1,1,0,0,0,0,0,-6.586297E-07,-4.709691E-06
3731087908.6059,1.9995,-0.0095,1.895,0,-15,15,100,17,100,3.98,0,0,0,0,1,1,0,1,1,1,1,1,1,0,0,0,0,0,-7.056054E-07,-4.709691E-06
3731087910.07109,2.1995,-0.0095,1.895,0,-15,15,100,17,100,3.98,0,0,0,0,1,1,0,1,1,1,1,1,1,0,0,0,0,0,-7.109754E-07,-4.709691E-06
3731087911.5395,2.3995,-0.0095,1.895,0,-15,15,100,17,100,3.98,0,0,0,0,1,1,0,1,1,1,1,1,1,0,0,0,0,0,-6.736367E-07,-4.709691E-06
3731087913.00842,2.5995,-0.0095,1.895,0,-15,15,100,17,100,3.98,0,0,0,0,1,1,0,1,1,1,1,1,1,0,0,0,0,0,-5.976025E-07,-4.709691E-06
3731087914.47656,2.7995,-0.0095,1.895,0,-15,15,100,17,100,3.98,0,0,0,0,1,1,0,1,1,1,1,1,1,0,0,0,0,0,-4.965547E-07,-4.709691E-06
3731087915.94633,2.9995,-0.0095,1.895,0,-15,15,100,17,100,3.98,0,0,0,0,1,1,0,1,1,1,1,1,1,0,0,0,0,0,-3.809291E-07,-4.709691E-06
3731087917.41653,3.1995,-0.0095,1.895,0,-15,15,100,17,100,3.98,0,0,0,0,1,1,0,1,1,1,1,1,1,0,0,0,0,0,-2.617974E-07,-4.709691E-06
3731087919.30649,3.3995,-0.0095,1.895,0,-15,15,100,17,100,3.98,0,0,0,0,1,1,0,1,1,1,1,1,1,0,0,0,0,0,-1.584412E-07,-4.709691E-06
3731087920.77584,3.5995,-0.0095,1.895,0,-15,15,100,17,100,3.98,0,0,0,0,1,1,0,1,1,1,1,1,1,0,0,0,0,0,-8.865889E-08,-4.709691E-06
3731087922.24727,3.7995,-0.0095,1.895,0,-15,15,100,17,100,3.98,0,0,0,0,1,1,0,1,1,1,1,1,1,0,0,0,0,0,-4.866177E-08,-4.709691E-06
3731087923.71254,3.9995,-0.0095,1.895,0,-15,15,100,17,100,3.98,0,0,0,0,1,1,0,1,1,1,1,1,1,0,0,0,0,0,-2.867806E-08,-4.709691E-06
3731087927.93882,0,-0.0095,2.095,0,-15,15,100,17,100,3.98,0,0,0,0,1,1,0,1,1,1,1,1,1,0,0,0,0,0,-2.868643E-08,-4.709691E-06
3731087929.41454,0.1995,-0.0095,2.095,0,-15,15,100,17,100,3.98,0,0,0,0,1,1,0,1,1,1,1,1,1,0,0,0,0,0,-3.259242E-08,-4.709691E-06
3731087930.88636,0.3995,-0.0095,2.095,0,-15,15,100,17,100,3.98,0,0,0,0,1,1,0,1,1,1,1,1,1,0,0,0,0,0,-3.926741E-08,-4.709691E-06
3731087932.35465,0.5995,-0.0095,2.095,0,-15,15,100,17,100,3.98,0,0,0,0,1,1,0,1,1,1,1,1,1,0,0,0,0,0,-5.427815E-08,-4.709691E-06
3731087933.83108,0.7995,-0.0095,2.095,0,-15,15,100,17,100,3.98,0,0,0,0,1,1,0,1,1,1,1,1,1,0,0,0,0,0,-8.45188E-08,-4.709691E-06
3731087935.29791,0.9995,-0.0095,2.095,0,-15,15,100,17,100,3.98,0,0,0,0,1,1,0,1,1,1,1,1,1,0,0,0,0,0,-1.351801E-07,-4.709691E-06
3731087936.77281,1.1995,-0.0095,2.095,0,-15,15,100,17,100,3.98,0,0,0,0,1,1,0,1,1,1,1,1,1,0,0,0,0,0,-2.060601E-07,-4.709691E-06
3731087939.02417,1.3995,-0.0095,2.095,0,-15,15,100,17,100,3.98,0,0,0,0,1,1,0,1,1,1,1,1,1,0,0,0,0,0,-2.849305E-07,-4.709691E-06
3731087940.49879,1.5995,-0.0095,2.095,0,-15,15,100,17,100,3.98,0,0,0,0,1,1,0,1,1,1,1,1,1,0,0,0,0,0,-3.572975E-07,-4.709691E-06
3731087941.97763,1.7995,-0.0095,2.095,0,-15,15,100,17,100,3.98,0,0,0,0,1,1,0,1,1,1,1,1,1,0,0,0,0,0,-4.115544E-07,-4.709691E-06
3731087943.45301,1.9995,-0.0095,2.095,0,-15,15,100,17,100,3.98,0,0,0,0,1,1,0,1,1,1,1,1,1,0,0,0,0,0,-4.436425E-07,-4.709691E-06
3731087944.93201,2.1995,-0.0095,2.095,0,-15,15,100,17,100,3.98,0,0,0,0,1,1,0,1,1,1,1,1,1,0,0,0,0,0,-4.458704E-07,-4.709691E-06
3731087946.40692,2.3995,-0.0095,2.095,0,-15,15,100,17,100,3.98,0,0,0,0,1,1,0,1,1,1,1,1,1,0,0,0,0,0,-4.17875E-07,-4.709691E-06
3731087947.88266,2.5995,-0.0095,2.095,0,-15,15,100,17,100,3.98,0,0,0,0,1,1,0,1,1,1,1,1,1,0,0,0,0,0,-3.632499E-07,-4.709691E-06
3731087949.35806,2.7995,-0.0095,2.095,0,-15,15,100,17,100,3.98,0,0,0,0,1,1,0,1,1,1,1,1,1,0,0,0,0,0,-2.919196E-07,-4.709691E-06
3731087950.83016,2.9995,-0.0095,2.095,0,-15,15,100,17,100,3.98,0,0,0,0,1,1,0,1,1,1,1,1,1,0,0,0,0,0,-2.157163E-07,-4.709691E-06
3731087952.712,3.1995,-0.0095,2.095,0,-15,15,100,17,100,3.98,0,0,0,0,1,1,0,1,1,1,1,1,1,0,0,0,0,0,-1.41187E-07,-4.709691E-06
3731087954.18474,3.3995,-0.0095,2.095,0,-15,15,100,17,100,3.98,0,0,0,0,1,1,0,1,1,1,1,1,1,0,0,0,0,0,-8.423474E-08,-4.709691E-06
3731087955.65303,3.5995,-0.0095,2.095,0,-15,15,100,17,100,3.98,0,0,0,0,1,1,0,1,1,1,1,1,1,0,0,0,0,0,-4.879035E-08,-4.709691E-06
3731087957.11821,3.7995,-0.0095,2.095,0,-15,15,100,17,100,3.98,0,0,0,0,1,1,0,1,1,1,1,1,1,0,0,0,0,0,-2.989031E-08,-4.709691E-06
3731087958.58762,3.9995,-0.0095,2.095,0,-15,15,100,17,100,3.98,0,0,0,0,1,1,0,1,1,1,1,1,1,0,0,0,0,0,-2.107965E-08,-4.709691E-06
3731087962.80426,0,-0.0095,2.295,0,-15,15,100,17,100,3.98,0,0,0,0,1,1,0,1,1,1,1,1,1,0,0,0,0,0,-2.56377E-08,-4.709691E-06
3731087964.27411,0.1995,-0.0095,2.295,0,-15,15,100,17,100,3.98,0,0,0,0,1,1,0,1,1,1,1,1,1,0,0,0,0,0,-2.844672E-08,-4.709691E-06
3731087965.73233,0.3995,-0.0095,2.295,0,-15,15,100,17,100,3.98,0,0,0,0,1,1,0,1,1,1,1,1,1,0,0,0,0,0,-3.192821E-08,-4.709691E-06
3731087967.21062,0.5995,-0.0095,2.295,0,-15,15,100,17,100,3.98,0,0,0,0,1,1,0,1,1,1,1,1,1,0,0,0,0,0,-3.781359E-08,-4.709691E-06
3731087968.68234,0.7995,-0.0095,2.295,0,-15,15,100,17,100,3.98,0,0,0,0,1,1,0,1,1,1,1,1,1,0,0,0,0,0,-4.925149E-08,-4.709691E-06
3731087970.1544,0.9995,-0.0095,2.295,0,-15,15,100,17,100,3.98,0,0,0,0,1,1,0,1,1,1,1,1,1,0,0,0,0,0,-7.075185E-08,-4.709691E-06
3731087971.62566,1.1995,-0.0095,2.295,0,-15,15,100,17,100,3.98,0,0,0,0,1,1,0,1,1,1,1,1,1,0,0,0,0,0,-1.046537E-07,-4.709691E-06
3731087973.09944,1.3995,-0.0095,2.295,0,-15,15,100,17,100,3.98,0,0,0,0,1,1,0,1,1,1,1,1,1,0,0,0,0,0,-1.471271E-07,-4.709691E-06
3731087974.57135,1.5995,-0.0095,2.295,0,-15,15,100,17,100,3.98,0,0,0,0,1,1,0,1,1,1,1,1,1,0,0,0,0,0,-1.903123E-07,-4.709691E-06
3731087976.82929,1.7995,-0.0095,2.295,0,-15,15,100,17,100,3.98,0,0,0,0,1,1,0,1,1,1,1,1,1,0,0,0,0,0,-2.236481E-07,-4.709691E-06
3731087978.29844,1.9995,-0.0095,2.295,0,-15,15,100,17,100,3.98,0,0,0,0,1,1,0,1,1,1,1,1,1,0,0,0,0,0,-2.429814E-07,-4.709691E-06
3731087979.77529,2.1995,-0.0095,2.295,0,-15,15,100,17,100,3.98,0,0,0,0,1,1,0,1,1,1,1,1,1,0,0,0,0,0,-2.437262E-07,-4.709691E-06
3731087981.24176,2.3995,-0.0095,2.295,0,-15,15,100,17,100,3.98,0,0,0,0,1,1,0,1,1,1,1,1,1,0,0,0,0,0,-2.248892E-07,-4.709691E-06
3731087983.12788,2.5995,-0.0095,2.295,0,-15,15,100,17,100,3.98,0,0,0,0,1,1,0,1,1,1,1,1,1,0,0,0,0,0,-1.906893E-07,-4.709691E-06
3731087984.59921,2.7995,-0.0095,2.295,0,-15,15,100,17,100,3.98,0,0,0,0,1,1,0,1,1,1,1,1,1,0,0,0,0,0,-1.487241E-07,-4.709691E-06
3731087986.0749,2.9995,-0.0095,2.295,0,-15,15,100,17,100,3.98,0,0,0,0,1,1,0,1,1,1,1,1,1,0,0,0,0,0,-1.065841E-07,-4.709691E-06
3731087987.54807,3.1995,-0.0095,2.295,0,-15,15,100,17,100,3.98,0,0,0,0,1,1,0,1,1,1,1,1,1,0,0,0,0,0,-6.902256E-08,-4.709691E-06
3731087989.02864,3.3995,-0.0095,2.295,0,-15,15,100,17,100,3.98,0,0,0,0,1,1,0,1,1,1,1,1,1,0,0,0,0,0,-4.31287E-08,-4.709691E-06
3731087990.50526,3.5995,-0.0095,2.295,0,-15,15,100,17,100,3.98,0,0,0,0,1,1,0,1,1,1,1,1,1,0,0,0,0,0,-2.842148E-08,-4.709691E-06
3731087991.98558,3.7995,-0.0095,2.295,0,-15,15,100,17,100,3.98,0,0,0,0,1,1,0,1,1,1,1,1,1,0,0,0,0,0,-2.094357E-08,-4.709691E-06
3731087993.87515,3.9995,-0.0095,2.295,0,-15,15,100,17,100,3.98,0,0,0,0,1,1,0,1,1,1,1,1,1,0,0,0,0,0,-1.729798E-08,-4.709691E-06
3731087998.90041,0,-0.0095,2.495,0,-15,15,100,17,100,3.98,0,0,0,0,1,1,0,1,1,1,1,1,1,0,0,0,0,0,-2.289647E-08,-4.709691E-06
3731088000.36518,0.1995,-0.0095,2.495,0,-15,15,100,17,100,3.98,0,0,0,0,1,1,0,1,1,1,1,1,1,0,0,0,0,0,-2.50352E-08,-4.709691E-06
3731088001.82638,0.3995,-0.0095,2.495,0,-15,15,100,17,100,3.98,0,0,0,0,1,1,0,1,1,1,1,1,1,0,0,0,0,0,-2.736135E-08,-4.709691E-06
3731088003.28811,0.5995,-0.0095,2.495,0,-15,15,100,17,100,3.98,0,0,0,0,1,1,0,1,1,1,1,1,1,0,0,0,0,0,-3.011087E-08,-4.709691E-06
3731088004.7524,0.7995,-0.0095,2.495,0,-15,15,100,17,100,3.98,0,0,0,0,1,1,0,1,1,1,1,1,1,0,0,0,0,0,-3.404238E-08,-4.709691E-06
3731088006.21814,0.9995,-0.0095,2.495,0,-15,15,100,17,100,3.98,0,0,0,0,1,1,0,1,1,1,1,1,1,0,0,0,0,0,-4.096185E-08,-4.709691E-06
3731088007.6849,1.1995,-0.0095,2.495,0,-15,15,100,17,100,3.98,0,0,0,0,1,1,0,1,1,1,1,1,1,0,0,0,0,0,-5.293005E-08,-4.709691E-06
3731088009.15273,1.3995,-0.0095,2.495,0,-15,15,100,17,100,3.98,0,0,0,0,1,1,0,1,1,1,1,1,1,0,0,0,0,0,-6.980179E-08,-4.709691E-06
3731088010.62151,1.5995,-0.0095,2.495,0,-15,15,100,17,100,3.98,0,0,0,0,1,1,0,1,1,1,1,1,1,0,0,0,0,0,-8.865533E-08,-4.709691E-06
3731088012.08955,1.7995,-0.0095,2.495,0,-15,15,100,17,100,3.98,0,0,0,0,1,1,0,1,1,1,1,1,1,0,0,0,0,0,-1.048402E-07,-4.709691E-06
3731088013.55938,1.9995,-0.0095,2.495,0,-15,15,100,17,100,3.98,0,0,0,0,1,1,0,1,1,1,1,1,1,0,0,0,0,0,-1.146885E-07,-4.709691E-06
3731088015.03056,2.1995,-0.0095,2.495,0,-15,15,100,17,100,3.98,0,0,0,0,1,1,0,1,1,1,1,1,1,0,0,0,0,0,-1.143298E-07,-4.709691E-06
3731088016.50536,2.3995,-0.0095,2.495,0,-15,15,100,17,100,3.98,0,0,0,0,1,1,0,1,1,1,1,1,1,0,0,0,0,0,-1.040867E-07,-4.709691E-06
3731088017.97977,2.5995,-0.0095,2.495,0,-15,15,100,17,100,3.98,0,0,0,0,1,1,0,1,1,1,1,1,1,0,0,0,0,0,-8.70129E-08,-4.709691E-06
3731088019.44821,2.7995,-0.0095,2.495,0,-15,15,100,17,100,3.98,0,0,0,0,1,1,0,1,1,1,1,1,1,0,0,0,0,0,-6.749165E-08,-4.709691E-06
3731088020.91947,2.9995,-0.0095,2.495,0,-15,15,100,17,100,3.98,0,0,0,0,1,1,0,1,1,1,1,1,1,0,0,0,0,0,-4.924478E-08,-4.709691E-06
3731088022.3897,3.1995,-0.0095,2.495,0,-15,15,100,17,100,3.98,0,0,0,0,1,1,0,1,1,1,1,1,1,0,0,0,0,0,-3.450275E-08,-4.709691E-06
3731088023.86166,3.3995,-0.0095,2.495,0,-15,15,100,17,100,3.98,0,0,0,0,1,1,0,1,1,1,1,1,1,0,0,0,0,0,-2.523059E-08,-4.709691E-06
3731088025.74495,3.5995,-0.0095,2.495,0,-15,15,100,17,100,3.98,0,0,0,0,1,1,0,1,1,1,1,1,1,0,0,0,0,0,-1.990063E-08,-4.709691E-06
3731088027.21385,3.7995,-0.0095,2.495,0,-15,15,100,17,100,3.98,0,0,0,0,1,1,0,1,1,1,1,1,1,0,0,0,0,0,-1.692685E-08,-4.709691E-06
3731088028.68412,3.9995,-0.0095,2.495,0,-15,15,100,17,100,3.98,0,0,0,0,1,1,0,1,1,1,1,1,1,0,0,0,0,0,-1.500747E-08,-4.709691E-06
