#Cu(100) GammaX Th=32_17.dat
#5/20/2022 2:44:56 PM
#Preliminary IPES Scan
#Sweep En
#Measure rgm, lgm, 6487
#Timestamp (sec)	X (mm)	Y (mm)	Z (mm)	Theta (deg)	EG Grid (V)	EG Energy (eV)	EG Extraction (V)	EG Focus 1 (V)	EG Focus 2 (V)	EG Filament (V)	EG X1 Alignment (V)	EG X2 Alignment (V)	EG Y1 Alignment (V)	EG Y2 Alignment (V)	6485 Samples	6487 Samples	6487 Voltage (V)	GM2 Dwell Time (s)	GM2 SCA Lower Limit (V)	GM2 SCA Upper Limit (V)	GM1 Dwell Time (s)	GM1 SCA Lower Limit (V)	GM1 SCA Upper Limit (V)	Voltage Supply A (V)	Voltage Supply B (V)	Dummy	GM2 Counts	GM1 Counts	Keithley6485 Current (A)	Keithley6487 Current (A)
#time	xpos	ypos	zpos	theta	grid	en	ext	f1	f2	fil	x1	x2	y1	y2	6485s	6487s	6487v	gm2dw	gm2ll	gm2ul	gm1dw	gm1ll	gm1ul	va	vb	dummy	gm2	gm1	6485c	6487c
3735917104.952406	1.208000	0.001000	-0.005000	32.010000	-15.000000	0.000000	100.000000	17.000000	100.000000	4.180000	0.000000	0.000000	0.000000	0.000000	1	1	0.000000	1.000000	1.000000	1.000000	1.000000	1.000000	1.000000	740.000000	740.000000	0.000000	5.000000	11.000000	3.749454E-14	-5.327375E-8
3735917110.169477	1.208000	0.001000	-0.005000	32.010000	-15.000000	0.100000	100.000000	17.000000	100.000000	4.180000	0.000000	0.000000	0.000000	0.000000	1	1	0.000000	1.000000	1.000000	1.000000	1.000000	1.000000	1.000000	740.000000	740.000000	0.000000	3.000000	13.000000	3.749454E-14	-5.327377E-8
3735917115.421978	1.208000	0.001000	-0.005000	32.010000	-15.000000	0.200000	100.000000	17.000000	100.000000	4.180000	0.000000	0.000000	0.000000	0.000000	1	1	0.000000	1.000000	1.000000	1.000000	1.000000	1.000000	1.000000	740.000000	740.000000	0.000000	4.000000	13.000000	3.749454E-14	-4.285604E-8
3735917120.620055	1.208000	0.001000	-0.005000	32.010000	-15.000000	0.300000	100.000000	17.000000	100.000000	4.180000	0.000000	0.000000	0.000000	0.000000	1	1	0.000000	1.000000	1.000000	1.000000	1.000000	1.000000	1.000000	740.000000	740.000000	0.000000	6.000000	11.000000	3.749454E-14	-5.163962E-8
3735917125.869816	1.208000	0.001000	-0.005000	32.010000	-15.000000	0.400000	100.000000	17.000000	100.000000	4.180000	0.000000	0.000000	0.000000	0.000000	1	1	0.000000	1.000000	1.000000	1.000000	1.000000	1.000000	1.000000	740.000000	740.000000	0.000000	3.000000	17.000000	3.749454E-14	-5.429510E-8
3735917131.123013	1.208000	0.001000	-0.005000	32.010000	-15.000000	0.500000	100.000000	17.000000	100.000000	4.180000	0.000000	0.000000	0.000000	0.000000	1	1	0.000000	1.000000	1.000000	1.000000	1.000000	1.000000	1.000000	740.000000	740.000000	0.000000	5.000000	8.000000	3.749454E-14	-5.041398E-8
3735917136.373055	1.208000	0.001000	-0.005000	32.010000	-15.000000	0.600000	100.000000	17.000000	100.000000	4.180000	0.000000	0.000000	0.000000	0.000000	1	1	0.000000	1.000000	1.000000	1.000000	1.000000	1.000000	1.000000	740.000000	740.000000	0.000000	7.000000	10.000000	3.749454E-14	-5.266094E-8
3735917141.606786	1.208000	0.001000	-0.005000	32.010000	-15.000000	0.700000	100.000000	17.000000	100.000000	4.180000	0.000000	0.000000	0.000000	0.000000	1	1	0.000000	1.000000	1.000000	1.000000	1.000000	1.000000	1.000000	740.000000	740.000000	0.000000	2.000000	10.000000	3.749454E-14	-4.714570E-8
3735917146.823092	1.208000	0.001000	-0.005000	32.010000	-15.000000	0.800000	100.000000	17.000000	100.000000	4.180000	0.000000	0.000000	0.000000	0.000000	1	1	0.000000	1.000000	1.000000	1.000000	1.000000	1.000000	1.000000	740.000000	740.000000	0.000000	3.000000	11.000000	3.749454E-14	-5.735912E-8
3735917152.065465	1.208000	0.001000	-0.005000	32.010000	-15.000000	0.900000	100.000000	17.000000	100.000000	4.180000	0.000000	0.000000	0.000000	0.000000	1	1	0.000000	1.000000	1.000000	1.000000	1.000000	1.000000	1.000000	740.000000	740.000000	0.000000	5.000000	14.000000	3.749454E-14	-5.143534E-8
3735917157.286279	1.208000	0.001000	-0.005000	32.010000	-15.000000	1.000000	100.000000	17.000000	100.000000	4.180000	0.000000	0.000000	0.000000	0.000000	1	1	0.000000	1.000000	1.000000	1.000000	1.000000	1.000000	1.000000	740.000000	740.000000	0.000000	4.000000	17.000000	3.749454E-14	-5.286522E-8
3735917162.523035	1.208000	0.001000	-0.005000	32.010000	-15.000000	1.100000	100.000000	17.000000	100.000000	4.180000	0.000000	0.000000	0.000000	0.000000	1	1	0.000000	1.000000	1.000000	1.000000	1.000000	1.000000	1.000000	740.000000	740.000000	0.000000	6.000000	11.000000	3.749454E-14	-5.306948E-8
3735917167.757817	1.208000	0.001000	-0.005000	32.010000	-15.000000	1.200000	100.000000	17.000000	100.000000	4.180000	0.000000	0.000000	0.000000	0.000000	1	1	0.000000	1.000000	1.000000	1.000000	1.000000	1.000000	1.000000	740.000000	740.000000	0.000000	2.000000	7.000000	3.749454E-14	-4.775851E-8
3735917173.016541	1.208000	0.001000	-0.005000	32.010000	-15.000000	1.300000	100.000000	17.000000	100.000000	4.180000	0.000000	0.000000	0.000000	0.000000	1	1	0.000000	1.000000	1.000000	1.000000	1.000000	1.000000	1.000000	740.000000	740.000000	0.000000	4.000000	9.000000	3.749454E-14	-5.061828E-8
3735917178.277615	1.208000	0.001000	-0.005000	32.010000	-15.000000	1.400000	100.000000	17.000000	100.000000	4.180000	0.000000	0.000000	0.000000	0.000000	1	1	0.000000	1.000000	1.000000	1.000000	1.000000	1.000000	1.000000	740.000000	740.000000	0.000000	3.000000	7.000000	3.749454E-14	-4.857557E-8
3735917183.533689	1.208000	0.001000	-0.005000	32.010000	-15.000000	1.500000	100.000000	17.000000	100.000000	4.180000	0.000000	0.000000	0.000000	0.000000	1	1	0.000000	1.000000	1.000000	1.000000	1.000000	1.000000	1.000000	740.000000	740.000000	0.000000	3.000000	14.000000	3.749454E-14	-4.796278E-8
3735917188.783873	1.208000	0.001000	-0.005000	32.010000	-15.000000	1.600000	100.000000	17.000000	100.000000	4.180000	0.000000	0.000000	0.000000	0.000000	1	1	0.000000	1.000000	1.000000	1.000000	1.000000	1.000000	1.000000	740.000000	740.000000	0.000000	6.000000	8.000000	3.749454E-14	-5.184388E-8
3735917194.015117	1.208000	0.001000	-0.005000	32.010000	-15.000000	1.700000	100.000000	17.000000	100.000000	4.180000	0.000000	0.000000	0.000000	0.000000	1	1	0.000000	1.000000	1.000000	1.000000	1.000000	1.000000	1.000000	740.000000	740.000000	0.000000	6.000000	12.000000	3.749454E-14	-4.980119E-8
3735917199.256052	1.208000	0.001000	-0.005000	32.010000	-15.000000	1.800000	100.000000	17.000000	100.000000	4.180000	0.000000	0.000000	0.000000	0.000000	1	1	0.000000	1.000000	1.000000	1.000000	1.000000	1.000000	1.000000	740.000000	740.000000	0.000000	4.000000	12.000000	3.749454E-14	-4.939266E-8
3735917204.485840	1.208000	0.001000	-0.005000	32.010000	-15.000000	1.900000	100.000000	17.000000	100.000000	4.180000	0.000000	0.000000	0.000000	0.000000	1	1	0.000000	1.000000	1.000000	1.000000	1.000000	1.000000	1.000000	740.000000	740.000000	0.000000	5.000000	8.000000	3.749454E-14	-5.286523E-8
3735917209.710069	1.208000	0.001000	-0.005000	32.010000	-15.000000	2.000000	100.000000	17.000000	100.000000	4.180000	0.000000	0.000000	0.000000	0.000000	1	1	0.000000	1.000000	1.000000	1.000000	1.000000	1.000000	1.000000	740.000000	740.000000	0.000000	1.000000	8.000000	3.749454E-14	-4.877985E-8
3735917214.945941	1.208000	0.001000	-0.005000	32.010000	-15.000000	2.100000	100.000000	17.000000	100.000000	4.180000	0.000000	0.000000	0.000000	0.000000	1	1	0.000000	1.000000	1.000000	1.000000	1.000000	1.000000	1.000000	740.000000	740.000000	0.000000	3.000000	13.000000	3.749454E-14	-4.694144E-8
3735917220.161592	1.208000	0.001000	-0.005000	32.010000	-15.000000	2.200000	100.000000	17.000000	100.000000	4.180000	0.000000	0.000000	0.000000	0.000000	1	1	0.000000	1.000000	1.000000	1.000000	1.000000	1.000000	1.000000	740.000000	740.000000	0.000000	1.000000	12.000000	3.749454E-14	-5.020972E-8
3735917225.414749	1.208000	0.001000	-0.005000	32.010000	-15.000000	2.300000	100.000000	17.000000	100.000000	4.180000	0.000000	0.000000	0.000000	0.000000	1	1	0.000000	1.000000	1.000000	1.000000	1.000000	1.000000	1.000000	740.000000	740.000000	0.000000	4.000000	9.000000	3.749454E-14	-4.959693E-8
3735917230.664124	1.208000	0.001000	-0.005000	32.010000	-15.000000	2.400000	100.000000	17.000000	100.000000	4.180000	0.000000	0.000000	0.000000	0.000000	1	1	0.000000	1.000000	1.000000	1.000000	1.000000	1.000000	1.000000	740.000000	740.000000	0.000000	3.000000	11.000000	3.749454E-14	-5.123106E-8
3735917235.877304	1.208000	0.001000	-0.005000	32.010000	-15.000000	2.500000	100.000000	17.000000	100.000000	4.180000	0.000000	0.000000	0.000000	0.000000	1	1	0.000000	1.000000	1.000000	1.000000	1.000000	1.000000	1.000000	740.000000	740.000000	0.000000	1.000000	13.000000	3.749454E-14	-5.143536E-8
3735917241.119026	1.208000	0.001000	-0.005000	32.010000	-15.000000	2.600000	100.000000	17.000000	100.000000	4.180000	0.000000	0.000000	0.000000	0.000000	1	1	0.000000	1.000000	1.000000	1.000000	1.000000	1.000000	1.000000	740.000000	740.000000	0.000000	2.000000	12.000000	3.749454E-14	-5.245668E-8
3735917246.353119	1.208000	0.001000	-0.005000	32.010000	-15.000000	2.700000	100.000000	17.000000	100.000000	4.180000	0.000000	0.000000	0.000000	0.000000	1	1	0.000000	1.000000	1.000000	1.000000	1.000000	1.000000	1.000000	740.000000	740.000000	0.000000	2.000000	11.000000	3.749454E-14	-5.041399E-8
3735917251.600317	1.208000	0.001000	-0.005000	32.010000	-15.000000	2.800000	100.000000	17.000000	100.000000	4.180000	0.000000	0.000000	0.000000	0.000000	1	1	0.000000	1.000000	1.000000	1.000000	1.000000	1.000000	1.000000	740.000000	740.000000	0.000000	3.000000	15.000000	3.749454E-14	-5.552072E-8
3735917256.832182	1.208000	0.001000	-0.005000	32.010000	-15.000000	2.900000	100.000000	17.000000	100.000000	4.180000	0.000000	0.000000	0.000000	0.000000	1	1	0.000000	1.000000	1.000000	1.000000	1.000000	1.000000	1.000000	740.000000	740.000000	0.000000	3.000000	12.000000	3.749454E-14	-5.163962E-8
3735917262.093534	1.208000	0.001000	-0.005000	32.010000	-15.000000	3.000000	100.000000	17.000000	100.000000	4.180000	0.000000	0.000000	0.000000	0.000000	1	1	0.000000	1.000000	1.000000	1.000000	1.000000	1.000000	1.000000	740.000000	740.000000	0.000000	1.000000	13.000000	3.749454E-14	-4.673716E-8
3735917267.334941	1.208000	0.001000	-0.005000	32.010000	-15.000000	3.100000	100.000000	17.000000	100.000000	4.180000	0.000000	0.000000	0.000000	0.000000	1	1	0.000000	1.000000	1.000000	1.000000	1.000000	1.000000	1.000000	740.000000	740.000000	0.000000	1.000000	18.000000	3.749454E-14	-4.571582E-8
3735917273.044390	1.208000	0.001000	-0.005000	32.010000	-15.000000	3.200000	100.000000	17.000000	100.000000	4.180000	0.000000	0.000000	0.000000	0.000000	1	1	0.000000	1.000000	1.000000	1.000000	1.000000	1.000000	1.000000	740.000000	740.000000	0.000000	8.000000	8.000000	3.749454E-14	-4.898411E-8
3735917278.285344	1.208000	0.001000	-0.005000	32.010000	-15.000000	3.300000	100.000000	17.000000	100.000000	4.180000	0.000000	0.000000	0.000000	0.000000	1	1	0.000000	1.000000	1.000000	1.000000	1.000000	1.000000	1.000000	740.000000	740.000000	0.000000	2.000000	13.000000	3.749454E-14	-5.266096E-8
3735917283.508598	1.208000	0.001000	-0.005000	32.010000	-15.000000	3.400000	100.000000	17.000000	100.000000	4.180000	0.000000	0.000000	0.000000	0.000000	1	1	0.000000	1.000000	1.000000	1.000000	1.000000	1.000000	1.000000	740.000000	740.000000	0.000000	2.000000	6.000000	3.749454E-14	-5.878903E-8
3735917288.758891	1.208000	0.001000	-0.005000	32.010000	-15.000000	3.500000	100.000000	17.000000	100.000000	4.180000	0.000000	0.000000	0.000000	0.000000	1	1	0.000000	1.000000	1.000000	1.000000	1.000000	1.000000	1.000000	740.000000	740.000000	0.000000	1.000000	10.000000	3.749454E-14	-5.347804E-8
3735917293.990503	1.208000	0.001000	-0.005000	32.010000	-15.000000	3.600000	100.000000	17.000000	100.000000	4.180000	0.000000	0.000000	0.000000	0.000000	1	1	0.000000	1.000000	1.000000	1.000000	1.000000	1.000000	1.000000	740.000000	740.000000	0.000000	4.000000	10.000000	3.749454E-14	-5.776768E-8
3735917299.237355	1.208000	0.001000	-0.005000	32.010000	-15.000000	3.700000	100.000000	17.000000	100.000000	4.180000	0.000000	0.000000	0.000000	0.000000	1	1	0.000000	1.000000	1.000000	1.000000	1.000000	1.000000	1.000000	740.000000	740.000000	0.000000	5.000000	11.000000	3.749454E-14	-5.613353E-8
3735917304.456228	1.208000	0.001000	-0.005000	32.010000	-15.000000	3.800000	100.000000	17.000000	100.000000	4.180000	0.000000	0.000000	0.000000	0.000000	1	1	0.000000	1.000000	1.000000	1.000000	1.000000	1.000000	1.000000	740.000000	740.000000	0.000000	5.000000	11.000000	3.749454E-14	-5.838049E-8
3735917309.690898	1.208000	0.001000	-0.005000	32.010000	-15.000000	3.900000	100.000000	17.000000	100.000000	4.180000	0.000000	0.000000	0.000000	0.000000	1	1	0.000000	1.000000	1.000000	1.000000	1.000000	1.000000	1.000000	740.000000	740.000000	0.000000	3.000000	9.000000	3.749454E-14	-5.531645E-8
3735917314.938185	1.208000	0.001000	-0.005000	32.010000	-15.000000	4.000000	100.000000	17.000000	100.000000	4.180000	0.000000	0.000000	0.000000	0.000000	1	1	0.000000	1.000000	1.000000	1.000000	1.000000	1.000000	1.000000	740.000000	740.000000	0.000000	1.000000	10.000000	3.749454E-14	-5.592927E-8
3735917320.178905	1.208000	0.001000	-0.005000	32.010000	-15.000000	4.100000	100.000000	17.000000	100.000000	4.180000	0.000000	0.000000	0.000000	0.000000	1	1	0.000000	1.000000	1.000000	1.000000	1.000000	1.000000	1.000000	740.000000	740.000000	0.000000	2.000000	9.000000	3.749454E-14	-5.163961E-8
3735917325.421761	1.208000	0.001000	-0.005000	32.010000	-15.000000	4.200000	100.000000	17.000000	100.000000	4.180000	0.000000	0.000000	0.000000	0.000000	1	1	0.000000	1.000000	1.000000	1.000000	1.000000	1.000000	1.000000	740.000000	740.000000	0.000000	3.000000	11.000000	3.749454E-14	-4.980119E-8
3735917330.655997	1.208000	0.001000	-0.005000	32.010000	-15.000000	4.300000	100.000000	17.000000	100.000000	4.180000	0.000000	0.000000	0.000000	0.000000	1	1	0.000000	1.000000	1.000000	1.000000	1.000000	1.000000	1.000000	740.000000	740.000000	0.000000	5.000000	2.000000	3.749454E-14	-5.286522E-8
3735917335.880453	1.208000	0.001000	-0.005000	32.010000	-15.000000	4.400000	100.000000	17.000000	100.000000	4.180000	0.000000	0.000000	0.000000	0.000000	1	1	0.000000	1.000000	1.000000	1.000000	1.000000	1.000000	1.000000	740.000000	740.000000	0.000000	10.000000	10.000000	3.749454E-14	-4.755424E-8
3735917341.115934	1.208000	0.001000	-0.005000	32.010000	-15.000000	4.500000	100.000000	17.000000	100.000000	4.180000	0.000000	0.000000	0.000000	0.000000	1	1	0.000000	1.000000	1.000000	1.000000	1.000000	1.000000	1.000000	740.000000	740.000000	0.000000	6.000000	13.000000	3.749454E-14	-5.143536E-8
3735917346.334401	1.208000	0.001000	-0.005000	32.010000	-15.000000	4.600000	100.000000	17.000000	100.000000	4.180000	0.000000	0.000000	0.000000	0.000000	1	1	0.000000	1.000000	1.000000	1.000000	1.000000	1.000000	1.000000	740.000000	740.000000	0.000000	6.000000	15.000000	3.749454E-14	-5.715487E-8
3735917351.570043	1.208000	0.001000	-0.005000	32.010000	-15.000000	4.700000	100.000000	17.000000	100.000000	4.180000	0.000000	0.000000	0.000000	0.000000	1	1	0.000000	1.000000	1.000000	1.000000	1.000000	1.000000	1.000000	740.000000	740.000000	0.000000	9.000000	12.000000	3.749454E-14	-5.470364E-8
3735917356.812901	1.208000	0.001000	-0.005000	32.010000	-15.000000	4.800000	100.000000	17.000000	100.000000	4.180000	0.000000	0.000000	0.000000	0.000000	1	1	0.000000	1.000000	1.000000	1.000000	1.000000	1.000000	1.000000	740.000000	740.000000	0.000000	16.000000	31.000000	3.749454E-14	-4.387742E-8
3735917362.949430	1.208000	0.001000	-0.005000	32.010000	-15.000000	4.900000	100.000000	17.000000	100.000000	4.180000	0.000000	0.000000	0.000000	0.000000	1	1	0.000000	1.000000	1.000000	1.000000	1.000000	1.000000	1.000000	740.000000	740.000000	0.000000	26.000000	44.000000	3.749454E-14	-4.959691E-8
3735917369.461054	1.208000	0.001000	-0.005000	32.010000	-15.000000	5.000000	100.000000	17.000000	100.000000	4.180000	0.000000	0.000000	0.000000	0.000000	1	1	0.000000	1.000000	1.000000	1.000000	1.000000	1.000000	1.000000	740.000000	740.000000	0.000000	61.000000	52.000000	3.749454E-14	-5.572499E-8
3735917375.966671	1.208000	0.001000	-0.005000	32.010000	-15.000000	5.100000	100.000000	17.000000	100.000000	4.180000	0.000000	0.000000	0.000000	0.000000	1	1	0.000000	1.000000	1.000000	1.000000	1.000000	1.000000	1.000000	740.000000	740.000000	0.000000	30.000000	72.000000	3.749454E-14	-5.429511E-8
3735917382.697474	1.208000	0.001000	-0.005000	32.010000	-15.000000	5.200000	100.000000	17.000000	100.000000	4.180000	0.000000	0.000000	0.000000	0.000000	1	1	0.000000	1.000000	1.000000	1.000000	1.000000	1.000000	1.000000	740.000000	740.000000	0.000000	43.000000	79.000000	3.749454E-14	-5.163962E-8
3735917389.490200	1.208000	0.001000	-0.005000	32.010000	-15.000000	5.300000	100.000000	17.000000	100.000000	4.180000	0.000000	0.000000	0.000000	0.000000	1	1	0.000000	1.000000	1.000000	1.000000	1.000000	1.000000	1.000000	740.000000	740.000000	0.000000	47.000000	102.000000	3.749454E-14	-5.327377E-8
3735917396.246167	1.208000	0.001000	-0.005000	32.010000	-15.000000	5.400000	100.000000	17.000000	100.000000	4.180000	0.000000	0.000000	0.000000	0.000000	1	1	0.000000	1.000000	1.000000	1.000000	1.000000	1.000000	1.000000	740.000000	740.000000	0.000000	44.000000	132.000000	3.749454E-14	-5.531647E-8
3735917403.347103	1.208000	0.001000	-0.005000	32.010000	-15.000000	5.500000	100.000000	17.000000	100.000000	4.180000	0.000000	0.000000	0.000000	0.000000	1	1	0.000000	1.000000	1.000000	1.000000	1.000000	1.000000	1.000000	740.000000	740.000000	0.000000	40.000000	106.000000	3.749454E-14	-5.695063E-8
3735917410.447525	1.208000	0.001000	-0.005000	32.010000	-15.000000	5.600000	100.000000	17.000000	100.000000	4.180000	0.000000	0.000000	0.000000	0.000000	1	1	0.000000	1.000000	1.000000	1.000000	1.000000	1.000000	1.000000	740.000000	740.000000	0.000000	43.000000	106.000000	3.749454E-14	-8.187143E-8
3735917417.324152	1.208000	0.001000	-0.005000	32.010000	-15.000000	5.700000	100.000000	17.000000	100.000000	4.180000	0.000000	0.000000	0.000000	0.000000	1	1	0.000000	1.000000	1.000000	1.000000	1.000000	1.000000	1.000000	740.000000	740.000000	0.000000	37.000000	131.000000	3.749454E-14	-1.372283E-7
3735917424.369289	1.208000	0.001000	-0.005000	32.010000	-15.000000	5.800000	100.000000	17.000000	100.000000	4.180000	0.000000	0.000000	0.000000	0.000000	1	1	0.000000	1.000000	1.000000	1.000000	1.000000	1.000000	1.000000	740.000000	740.000000	0.000000	46.000000	100.000000	3.749454E-14	-2.416097E-7
3735917431.325264	1.208000	0.001000	-0.005000	32.010000	-15.000000	5.900000	100.000000	17.000000	100.000000	4.180000	0.000000	0.000000	0.000000	0.000000	1	1	0.000000	1.000000	1.000000	1.000000	1.000000	1.000000	1.000000	740.000000	740.000000	0.000000	28.000000	119.000000	3.749454E-14	-4.628329E-7
3735917437.644652	1.208000	0.001000	-0.005000	32.010000	-15.000000	6.000000	100.000000	17.000000	100.000000	4.180000	0.000000	0.000000	0.000000	0.000000	1	1	0.000000	1.000000	1.000000	1.000000	1.000000	1.000000	1.000000	740.000000	740.000000	0.000000	14.000000	88.000000	3.749454E-14	-8.256142E-7
3735917444.079183	1.208000	0.001000	-0.005000	32.010000	-15.000000	6.100000	100.000000	17.000000	100.000000	4.180000	0.000000	0.000000	0.000000	0.000000	1	1	0.000000	1.000000	1.000000	1.000000	1.000000	1.000000	1.000000	740.000000	740.000000	0.000000	14.000000	87.000000	3.749454E-14	-1.290326E-6
3735917450.945606	1.208000	0.001000	-0.005000	32.010000	-15.000000	6.200000	100.000000	17.000000	100.000000	4.180000	0.000000	0.000000	0.000000	0.000000	1	1	0.000000	1.000000	1.000000	1.000000	1.000000	1.000000	1.000000	740.000000	740.000000	0.000000	10.000000	75.000000	3.749454E-14	-1.790989E-6
3735917456.197069	1.208000	0.001000	-0.005000	32.010000	-15.000000	6.300000	100.000000	17.000000	100.000000	4.180000	0.000000	0.000000	0.000000	0.000000	1	1	0.000000	1.000000	1.000000	1.000000	1.000000	1.000000	1.000000	740.000000	740.000000	0.000000	12.000000	36.000000	3.749454E-14	-2.211170E-6
3735917461.423518	1.208000	0.001000	-0.005000	32.010000	-15.000000	6.400000	100.000000	17.000000	100.000000	4.180000	0.000000	0.000000	0.000000	0.000000	1	1	0.000000	1.000000	1.000000	1.000000	1.000000	1.000000	1.000000	740.000000	740.000000	0.000000	7.000000	31.000000	3.749454E-14	-2.494492E-6
3735917466.656076	1.208000	0.001000	-0.005000	32.010000	-15.000000	6.500000	100.000000	17.000000	100.000000	4.180000	0.000000	0.000000	0.000000	0.000000	1	1	0.000000	1.000000	1.000000	1.000000	1.000000	1.000000	1.000000	740.000000	740.000000	0.000000	13.000000	19.000000	3.749454E-14	-2.666282E-6
3735917471.897174	1.208000	0.001000	-0.005000	32.010000	-15.000000	6.600000	100.000000	17.000000	100.000000	4.180000	0.000000	0.000000	0.000000	0.000000	1	1	0.000000	1.000000	1.000000	1.000000	1.000000	1.000000	1.000000	740.000000	740.000000	0.000000	7.000000	30.000000	3.749454E-14	-2.760246E-6
3735917477.147734	1.208000	0.001000	-0.005000	32.010000	-15.000000	6.700000	100.000000	17.000000	100.000000	4.180000	0.000000	0.000000	0.000000	0.000000	1	1	0.000000	1.000000	1.000000	1.000000	1.000000	1.000000	1.000000	740.000000	740.000000	0.000000	4.000000	27.000000	3.749454E-14	-2.838685E-6
3735917482.381202	1.208000	0.001000	-0.005000	32.010000	-15.000000	6.800000	100.000000	17.000000	100.000000	4.180000	0.000000	0.000000	0.000000	0.000000	1	1	0.000000	1.000000	1.000000	1.000000	1.000000	1.000000	1.000000	740.000000	740.000000	0.000000	9.000000	25.000000	3.749454E-14	-2.897923E-6
3735917487.624783	1.208000	0.001000	-0.005000	32.010000	-15.000000	6.900000	100.000000	17.000000	100.000000	4.180000	0.000000	0.000000	0.000000	0.000000	1	1	0.000000	1.000000	1.000000	1.000000	1.000000	1.000000	1.000000	740.000000	740.000000	0.000000	6.000000	15.000000	3.749454E-14	-2.985351E-6
3735917492.881301	1.208000	0.001000	-0.005000	32.010000	-15.000000	7.000000	100.000000	17.000000	100.000000	4.180000	0.000000	0.000000	0.000000	0.000000	1	1	0.000000	1.000000	1.000000	1.000000	1.000000	1.000000	1.000000	740.000000	740.000000	0.000000	0.000000	26.000000	3.749454E-14	-3.115061E-6
3735917498.132920	1.208000	0.001000	-0.005000	32.010000	-15.000000	7.100000	100.000000	17.000000	100.000000	4.180000	0.000000	0.000000	0.000000	0.000000	1	1	0.000000	1.000000	1.000000	1.000000	1.000000	1.000000	1.000000	740.000000	740.000000	0.000000	9.000000	21.000000	3.749454E-14	-3.254781E-6
3735917503.380863	1.208000	0.001000	-0.005000	32.010000	-15.000000	7.200000	100.000000	17.000000	100.000000	4.180000	0.000000	0.000000	0.000000	0.000000	1	1	0.000000	1.000000	1.000000	1.000000	1.000000	1.000000	1.000000	740.000000	740.000000	0.000000	8.000000	17.000000	3.749454E-14	-3.382448E-6
3735917508.643390	1.208000	0.001000	-0.005000	32.010000	-15.000000	7.300000	100.000000	17.000000	100.000000	4.180000	0.000000	0.000000	0.000000	0.000000	1	1	0.000000	1.000000	1.000000	1.000000	1.000000	1.000000	1.000000	740.000000	740.000000	0.000000	4.000000	21.000000	3.749454E-14	-3.504192E-6
3735917513.894755	1.208000	0.001000	-0.005000	32.010000	-15.000000	7.400000	100.000000	17.000000	100.000000	4.180000	0.000000	0.000000	0.000000	0.000000	1	1	0.000000	1.000000	1.000000	1.000000	1.000000	1.000000	1.000000	740.000000	740.000000	0.000000	7.000000	19.000000	3.749454E-14	-3.620013E-6
3735917519.136643	1.208000	0.001000	-0.005000	32.010000	-15.000000	7.500000	100.000000	17.000000	100.000000	4.180000	0.000000	0.000000	0.000000	0.000000	1	1	0.000000	1.000000	1.000000	1.000000	1.000000	1.000000	1.000000	740.000000	740.000000	0.000000	7.000000	18.000000	3.749454E-14	-3.707645E-6
3735917524.375285	1.208000	0.001000	-0.005000	32.010000	-15.000000	7.600000	100.000000	17.000000	100.000000	4.180000	0.000000	0.000000	0.000000	0.000000	1	1	0.000000	1.000000	1.000000	1.000000	1.000000	1.000000	1.000000	740.000000	740.000000	0.000000	7.000000	30.000000	3.749454E-14	-3.793847E-6
3735917529.621133	1.208000	0.001000	-0.005000	32.010000	-15.000000	7.700000	100.000000	17.000000	100.000000	4.180000	0.000000	0.000000	0.000000	0.000000	1	1	0.000000	1.000000	1.000000	1.000000	1.000000	1.000000	1.000000	740.000000	740.000000	0.000000	2.000000	20.000000	3.749454E-14	-3.874329E-6
3735917534.884027	1.208000	0.001000	-0.005000	32.010000	-15.000000	7.800000	100.000000	17.000000	100.000000	4.180000	0.000000	0.000000	0.000000	0.000000	1	1	0.000000	1.000000	1.000000	1.000000	1.000000	1.000000	1.000000	740.000000	740.000000	0.000000	9.000000	26.000000	3.749454E-14	-3.952768E-6
3735917540.114416	1.208000	0.001000	-0.005000	32.010000	-15.000000	7.900000	100.000000	17.000000	100.000000	4.180000	0.000000	0.000000	0.000000	0.000000	1	1	0.000000	1.000000	1.000000	1.000000	1.000000	1.000000	1.000000	740.000000	740.000000	0.000000	8.000000	26.000000	3.749454E-14	-4.013843E-6
3735917545.352904	1.208000	0.001000	-0.005000	32.010000	-15.000000	8.000000	100.000000	17.000000	100.000000	4.180000	0.000000	0.000000	0.000000	0.000000	1	1	0.000000	1.000000	1.000000	1.000000	1.000000	1.000000	1.000000	740.000000	740.000000	0.000000	7.000000	18.000000	3.749454E-14	-4.094122E-6
3735917550.590750	1.208000	0.001000	-0.005000	32.010000	-15.000000	8.100000	100.000000	17.000000	100.000000	4.180000	0.000000	0.000000	0.000000	0.000000	1	1	0.000000	1.000000	1.000000	1.000000	1.000000	1.000000	1.000000	740.000000	740.000000	0.000000	4.000000	16.000000	3.749454E-14	-4.154994E-6
3735917555.833175	1.208000	0.001000	-0.005000	32.010000	-15.000000	8.200000	100.000000	17.000000	100.000000	4.180000	0.000000	0.000000	0.000000	0.000000	1	1	0.000000	1.000000	1.000000	1.000000	1.000000	1.000000	1.000000	740.000000	740.000000	0.000000	4.000000	24.000000	3.749454E-14	-4.217296E-6
3735917561.079251	1.208000	0.001000	-0.005000	32.010000	-15.000000	8.300000	100.000000	17.000000	100.000000	4.180000	0.000000	0.000000	0.000000	0.000000	1	1	0.000000	1.000000	1.000000	1.000000	1.000000	1.000000	1.000000	740.000000	740.000000	0.000000	5.000000	21.000000	3.749454E-14	-4.297982E-6
3735917566.319145	1.208000	0.001000	-0.005000	32.010000	-15.000000	8.400000	100.000000	17.000000	100.000000	4.180000	0.000000	0.000000	0.000000	0.000000	1	1	0.000000	1.000000	1.000000	1.000000	1.000000	1.000000	1.000000	740.000000	740.000000	0.000000	6.000000	15.000000	3.749454E-14	-4.355792E-6
3735917571.548382	1.208000	0.001000	-0.005000	32.010000	-15.000000	8.500000	100.000000	17.000000	100.000000	4.180000	0.000000	0.000000	0.000000	0.000000	1	1	0.000000	1.000000	1.000000	1.000000	1.000000	1.000000	1.000000	740.000000	740.000000	0.000000	3.000000	17.000000	3.749454E-14	-4.419929E-6
3735917576.772990	1.208000	0.001000	-0.005000	32.010000	-15.000000	8.600000	100.000000	17.000000	100.000000	4.180000	0.000000	0.000000	0.000000	0.000000	1	1	0.000000	1.000000	1.000000	1.000000	1.000000	1.000000	1.000000	740.000000	740.000000	0.000000	8.000000	15.000000	3.749454E-14	-4.478350E-6
3735917581.996944	1.208000	0.001000	-0.005000	32.010000	-15.000000	8.700000	100.000000	17.000000	100.000000	4.180000	0.000000	0.000000	0.000000	0.000000	1	1	0.000000	1.000000	1.000000	1.000000	1.000000	1.000000	1.000000	740.000000	740.000000	0.000000	1.000000	20.000000	3.749454E-14	-4.547393E-6
3735917587.235949	1.208000	0.001000	-0.005000	32.010000	-15.000000	8.800000	100.000000	17.000000	100.000000	4.180000	0.000000	0.000000	0.000000	0.000000	1	1	0.000000	1.000000	1.000000	1.000000	1.000000	1.000000	1.000000	740.000000	740.000000	0.000000	6.000000	18.000000	3.749454E-14	-4.621544E-6
3735917592.484033	1.208000	0.001000	-0.005000	32.010000	-15.000000	8.900000	100.000000	17.000000	100.000000	4.180000	0.000000	0.000000	0.000000	0.000000	1	1	0.000000	1.000000	1.000000	1.000000	1.000000	1.000000	1.000000	740.000000	740.000000	0.000000	2.000000	10.000000	3.749454E-14	-4.696918E-6
3735917597.714894	1.208000	0.001000	-0.005000	32.010000	-15.000000	9.000000	100.000000	17.000000	100.000000	4.180000	0.000000	0.000000	0.000000	0.000000	1	1	0.000000	1.000000	1.000000	1.000000	1.000000	1.000000	1.000000	740.000000	740.000000	0.000000	7.000000	18.000000	3.749454E-14	-4.756158E-6
3735917602.979482	1.208000	0.001000	-0.005000	32.010000	-15.000000	9.100000	100.000000	17.000000	100.000000	4.180000	0.000000	0.000000	0.000000	0.000000	1	1	0.000000	1.000000	1.000000	1.000000	1.000000	1.000000	1.000000	740.000000	740.000000	0.000000	8.000000	14.000000	3.749454E-14	-4.832350E-6
3735917608.217899	1.208000	0.001000	-0.005000	32.010000	-15.000000	9.200000	100.000000	17.000000	100.000000	4.180000	0.000000	0.000000	0.000000	0.000000	1	1	0.000000	1.000000	1.000000	1.000000	1.000000	1.000000	1.000000	740.000000	740.000000	0.000000	1.000000	16.000000	3.749454E-14	-4.911606E-6
3735917613.455898	1.208000	0.001000	-0.005000	32.010000	-15.000000	9.300000	100.000000	17.000000	100.000000	4.180000	0.000000	0.000000	0.000000	0.000000	1	1	0.000000	1.000000	1.000000	1.000000	1.000000	1.000000	1.000000	740.000000	740.000000	0.000000	4.000000	12.000000	3.749454E-14	-4.974725E-6
3735917618.687206	1.208000	0.001000	-0.005000	32.010000	-15.000000	9.400000	100.000000	17.000000	100.000000	4.180000	0.000000	0.000000	0.000000	0.000000	1	1	0.000000	1.000000	1.000000	1.000000	1.000000	1.000000	1.000000	740.000000	740.000000	0.000000	4.000000	17.000000	3.749454E-14	-5.062968E-6
3735917623.943588	1.208000	0.001000	-0.005000	32.010000	-15.000000	9.500000	100.000000	17.000000	100.000000	4.180000	0.000000	0.000000	0.000000	0.000000	1	1	0.000000	1.000000	1.000000	1.000000	1.000000	1.000000	1.000000	740.000000	740.000000	0.000000	7.000000	17.000000	3.749454E-14	-5.131604E-6
3735917629.176457	1.208000	0.001000	-0.005000	32.010000	-15.000000	9.600000	100.000000	17.000000	100.000000	4.180000	0.000000	0.000000	0.000000	0.000000	1	1	0.000000	1.000000	1.000000	1.000000	1.000000	1.000000	1.000000	740.000000	740.000000	0.000000	12.000000	7.000000	3.749454E-14	-5.185532E-6
3735917634.435382	1.208000	0.001000	-0.005000	32.010000	-15.000000	9.700000	100.000000	17.000000	100.000000	4.180000	0.000000	0.000000	0.000000	0.000000	1	1	0.000000	1.000000	1.000000	1.000000	1.000000	1.000000	1.000000	740.000000	740.000000	0.000000	7.000000	15.000000	3.749454E-14	-5.268463E-6
3735917639.696628	1.208000	0.001000	-0.005000	32.010000	-15.000000	9.800000	100.000000	17.000000	100.000000	4.180000	0.000000	0.000000	0.000000	0.000000	1	1	0.000000	1.000000	1.000000	1.000000	1.000000	1.000000	1.000000	740.000000	740.000000	0.000000	6.000000	8.000000	3.749454E-14	-5.334237E-6
3735917644.915361	1.208000	0.001000	-0.005000	32.010000	-15.000000	9.900000	100.000000	17.000000	100.000000	4.180000	0.000000	0.000000	0.000000	0.000000	1	1	0.000000	1.000000	1.000000	1.000000	1.000000	1.000000	1.000000	740.000000	740.000000	0.000000	2.000000	9.000000	3.749454E-14	-5.384082E-6
3735917650.174137	1.208000	0.001000	-0.005000	32.010000	-15.000000	10.000000	100.000000	17.000000	100.000000	4.180000	0.000000	0.000000	0.000000	0.000000	1	1	0.000000	1.000000	1.000000	1.000000	1.000000	1.000000	1.000000	740.000000	740.000000	0.000000	3.000000	6.000000	3.749454E-14	-5.444542E-6
3735917655.382795	1.208000	0.001000	-0.005000	32.010000	-15.000000	10.100000	100.000000	17.000000	100.000000	4.180000	0.000000	0.000000	0.000000	0.000000	1	1	0.000000	1.000000	1.000000	1.000000	1.000000	1.000000	1.000000	740.000000	740.000000	0.000000	6.000000	13.000000	3.749454E-14	-5.522165E-6
3735917660.633909	1.208000	0.001000	-0.005000	32.010000	-15.000000	10.200000	100.000000	17.000000	100.000000	4.180000	0.000000	0.000000	0.000000	0.000000	1	1	0.000000	1.000000	1.000000	1.000000	1.000000	1.000000	1.000000	740.000000	740.000000	0.000000	6.000000	6.000000	3.749454E-14	-5.575479E-6
3735917665.886298	1.208000	0.001000	-0.005000	32.010000	-15.000000	10.300000	100.000000	17.000000	100.000000	4.180000	0.000000	0.000000	0.000000	0.000000	1	1	0.000000	1.000000	1.000000	1.000000	1.000000	1.000000	1.000000	740.000000	740.000000	0.000000	4.000000	7.000000	3.749454E-14	-5.617354E-6
3735917671.147503	1.208000	0.001000	-0.005000	32.010000	-15.000000	10.400000	100.000000	17.000000	100.000000	4.180000	0.000000	0.000000	0.000000	0.000000	1	1	0.000000	1.000000	1.000000	1.000000	1.000000	1.000000	1.000000	740.000000	740.000000	0.000000	1.000000	6.000000	3.749454E-14	-5.672098E-6
3735917676.385890	1.208000	0.001000	-0.005000	32.010000	-15.000000	10.500000	100.000000	17.000000	100.000000	4.180000	0.000000	0.000000	0.000000	0.000000	1	1	0.000000	1.000000	1.000000	1.000000	1.000000	1.000000	1.000000	740.000000	740.000000	0.000000	4.000000	8.000000	3.749454E-14	-5.727249E-6
3735917681.624569	1.208000	0.001000	-0.005000	32.010000	-15.000000	10.600000	100.000000	17.000000	100.000000	4.180000	0.000000	0.000000	0.000000	0.000000	1	1	0.000000	1.000000	1.000000	1.000000	1.000000	1.000000	1.000000	740.000000	740.000000	0.000000	5.000000	11.000000	3.749454E-14	-5.764631E-6
3735917686.884322	1.208000	0.001000	-0.005000	32.010000	-15.000000	10.700000	100.000000	17.000000	100.000000	4.180000	0.000000	0.000000	0.000000	0.000000	1	1	0.000000	1.000000	1.000000	1.000000	1.000000	1.000000	1.000000	740.000000	740.000000	0.000000	5.000000	7.000000	3.749454E-14	-5.804668E-6
3735917692.134458	1.208000	0.001000	-0.005000	32.010000	-15.000000	10.800000	100.000000	17.000000	100.000000	4.180000	0.000000	0.000000	0.000000	0.000000	1	1	0.000000	1.000000	1.000000	1.000000	1.000000	1.000000	1.000000	740.000000	740.000000	0.000000	4.000000	8.000000	3.749454E-14	-5.844500E-6
3735917697.381178	1.208000	0.001000	-0.005000	32.010000	-15.000000	10.900000	100.000000	17.000000	100.000000	4.180000	0.000000	0.000000	0.000000	0.000000	1	1	0.000000	1.000000	1.000000	1.000000	1.000000	1.000000	1.000000	740.000000	740.000000	0.000000	2.000000	12.000000	3.749454E-14	-5.888827E-6
3735917702.642953	1.208000	0.001000	-0.005000	32.010000	-15.000000	11.000000	100.000000	17.000000	100.000000	4.180000	0.000000	0.000000	0.000000	0.000000	1	1	0.000000	1.000000	1.000000	1.000000	1.000000	1.000000	1.000000	740.000000	740.000000	0.000000	4.000000	12.000000	3.749454E-14	-5.896793E-6
3735917707.878457	1.208000	0.001000	-0.005000	32.010000	-15.000000	11.100000	100.000000	17.000000	100.000000	4.180000	0.000000	0.000000	0.000000	0.000000	1	1	0.000000	1.000000	1.000000	1.000000	1.000000	1.000000	1.000000	740.000000	740.000000	0.000000	4.000000	6.000000	3.749454E-14	-5.943775E-6
3735917713.121161	1.208000	0.001000	-0.005000	32.010000	-15.000000	11.200000	100.000000	17.000000	100.000000	4.180000	0.000000	0.000000	0.000000	0.000000	1	1	0.000000	1.000000	1.000000	1.000000	1.000000	1.000000	1.000000	740.000000	740.000000	0.000000	2.000000	18.000000	3.749454E-14	-5.978911E-6
3735917718.369433	1.208000	0.001000	-0.005000	32.010000	-15.000000	11.300000	100.000000	17.000000	100.000000	4.180000	0.000000	0.000000	0.000000	0.000000	1	1	0.000000	1.000000	1.000000	1.000000	1.000000	1.000000	1.000000	740.000000	740.000000	0.000000	2.000000	13.000000	3.749454E-14	-6.002607E-6
3735917723.599408	1.208000	0.001000	-0.005000	32.010000	-15.000000	11.400000	100.000000	17.000000	100.000000	4.180000	0.000000	0.000000	0.000000	0.000000	1	1	0.000000	1.000000	1.000000	1.000000	1.000000	1.000000	1.000000	740.000000	740.000000	0.000000	3.000000	18.000000	3.749454E-14	-6.030592E-6
3735917728.840332	1.208000	0.001000	-0.005000	32.010000	-15.000000	11.500000	100.000000	17.000000	100.000000	4.180000	0.000000	0.000000	0.000000	0.000000	1	1	0.000000	1.000000	1.000000	1.000000	1.000000	1.000000	1.000000	740.000000	740.000000	0.000000	7.000000	21.000000	3.749454E-14	-6.058780E-6
3735917734.043859	1.208000	0.001000	-0.005000	32.010000	-15.000000	11.600000	100.000000	17.000000	100.000000	4.180000	0.000000	0.000000	0.000000	0.000000	1	1	0.000000	1.000000	1.000000	1.000000	1.000000	1.000000	1.000000	740.000000	740.000000	0.000000	2.000000	27.000000	3.749454E-14	-6.074101E-6
3735917739.307973	1.208000	0.001000	-0.005000	32.010000	-15.000000	11.700000	100.000000	17.000000	100.000000	4.180000	0.000000	0.000000	0.000000	0.000000	1	1	0.000000	1.000000	1.000000	1.000000	1.000000	1.000000	1.000000	740.000000	740.000000	0.000000	6.000000	31.000000	3.749454E-14	-6.095753E-6
3735917744.555680	1.208000	0.001000	-0.005000	32.010000	-15.000000	11.800000	100.000000	17.000000	100.000000	4.180000	0.000000	0.000000	0.000000	0.000000	1	1	0.000000	1.000000	1.000000	1.000000	1.000000	1.000000	1.000000	740.000000	740.000000	0.000000	1.000000	34.000000	3.749454E-14	-6.127414E-6
3735917749.798526	1.208000	0.001000	-0.005000	32.010000	-15.000000	11.900000	100.000000	17.000000	100.000000	4.180000	0.000000	0.000000	0.000000	0.000000	1	1	0.000000	1.000000	1.000000	1.000000	1.000000	1.000000	1.000000	740.000000	740.000000	0.000000	2.000000	34.000000	3.749454E-14	-6.152335E-6
3735917755.058350	1.208000	0.001000	-0.005000	32.010000	-15.000000	12.000000	100.000000	17.000000	100.000000	4.180000	0.000000	0.000000	0.000000	0.000000	1	1	0.000000	1.000000	1.000000	1.000000	1.000000	1.000000	1.000000	740.000000	740.000000	0.000000	7.000000	36.000000	3.749454E-14	-6.175213E-6
3735917760.315157	1.208000	0.001000	-0.005000	32.010000	-15.000000	12.100000	100.000000	17.000000	100.000000	4.180000	0.000000	0.000000	0.000000	0.000000	1	1	0.000000	1.000000	1.000000	1.000000	1.000000	1.000000	1.000000	740.000000	740.000000	0.000000	2.000000	44.000000	3.749454E-14	-6.178889E-6
3735917765.557696	1.208000	0.001000	-0.005000	32.010000	-15.000000	12.200000	100.000000	17.000000	100.000000	4.180000	0.000000	0.000000	0.000000	0.000000	1	1	0.000000	1.000000	1.000000	1.000000	1.000000	1.000000	1.000000	740.000000	740.000000	0.000000	1.000000	43.000000	3.749454E-14	-6.216272E-6
3735917770.798436	1.208000	0.001000	-0.005000	32.010000	-15.000000	12.300000	100.000000	17.000000	100.000000	4.180000	0.000000	0.000000	0.000000	0.000000	1	1	0.000000	1.000000	1.000000	1.000000	1.000000	1.000000	1.000000	740.000000	740.000000	0.000000	6.000000	44.000000	3.749454E-14	-6.221378E-6
3735917776.051466	1.208000	0.001000	-0.005000	32.010000	-15.000000	12.400000	100.000000	17.000000	100.000000	4.180000	0.000000	0.000000	0.000000	0.000000	1	1	0.000000	1.000000	1.000000	1.000000	1.000000	1.000000	1.000000	740.000000	740.000000	0.000000	6.000000	40.000000	3.749454E-14	-6.229752E-6
3735917781.288236	1.208000	0.001000	-0.005000	32.010000	-15.000000	12.500000	100.000000	17.000000	100.000000	4.180000	0.000000	0.000000	0.000000	0.000000	1	1	0.000000	1.000000	1.000000	1.000000	1.000000	1.000000	1.000000	740.000000	740.000000	0.000000	2.000000	35.000000	3.749454E-14	-6.262231E-6
3735917786.514529	1.208000	0.001000	-0.005000	32.010000	-15.000000	12.600000	100.000000	17.000000	100.000000	4.180000	0.000000	0.000000	0.000000	0.000000	1	1	0.000000	1.000000	1.000000	1.000000	1.000000	1.000000	1.000000	740.000000	740.000000	0.000000	5.000000	32.000000	3.749454E-14	-6.280413E-6
3735917791.747121	1.208000	0.001000	-0.005000	32.010000	-15.000000	12.700000	100.000000	17.000000	100.000000	4.180000	0.000000	0.000000	0.000000	0.000000	1	1	0.000000	1.000000	1.000000	1.000000	1.000000	1.000000	1.000000	740.000000	740.000000	0.000000	6.000000	44.000000	3.749454E-14	-6.295733E-6
3735917796.978666	1.208000	0.001000	-0.005000	32.010000	-15.000000	12.800000	100.000000	17.000000	100.000000	4.180000	0.000000	0.000000	0.000000	0.000000	1	1	0.000000	1.000000	1.000000	1.000000	1.000000	1.000000	1.000000	740.000000	740.000000	0.000000	6.000000	45.000000	3.749454E-14	-6.305131E-6
3735917802.230967	1.208000	0.001000	-0.005000	32.010000	-15.000000	12.900000	100.000000	17.000000	100.000000	4.180000	0.000000	0.000000	0.000000	0.000000	1	1	0.000000	1.000000	1.000000	1.000000	1.000000	1.000000	1.000000	740.000000	740.000000	0.000000	3.000000	36.000000	3.749454E-14	-6.321471E-6
3735917807.471621	1.208000	0.001000	-0.005000	32.010000	-15.000000	13.000000	100.000000	17.000000	100.000000	4.180000	0.000000	0.000000	0.000000	0.000000	1	1	0.000000	1.000000	1.000000	1.000000	1.000000	1.000000	1.000000	740.000000	740.000000	0.000000	6.000000	42.000000	3.749454E-14	-6.337608E-6
3735917812.707010	1.208000	0.001000	-0.005000	32.010000	-15.000000	13.100000	100.000000	17.000000	100.000000	4.180000	0.000000	0.000000	0.000000	0.000000	1	1	0.000000	1.000000	1.000000	1.000000	1.000000	1.000000	1.000000	740.000000	740.000000	0.000000	6.000000	36.000000	3.749454E-14	-6.356602E-6
3735917817.944108	1.208000	0.001000	-0.005000	32.010000	-15.000000	13.200000	100.000000	17.000000	100.000000	4.180000	0.000000	0.000000	0.000000	0.000000	1	1	0.000000	1.000000	1.000000	1.000000	1.000000	1.000000	1.000000	740.000000	740.000000	0.000000	4.000000	28.000000	3.749454E-14	-6.367430E-6
3735917823.198884	1.208000	0.001000	-0.005000	32.010000	-15.000000	13.300000	100.000000	17.000000	100.000000	4.180000	0.000000	0.000000	0.000000	0.000000	1	1	0.000000	1.000000	1.000000	1.000000	1.000000	1.000000	1.000000	740.000000	740.000000	0.000000	1.000000	43.000000	3.749454E-14	-6.371313E-6
3735917828.442263	1.208000	0.001000	-0.005000	32.010000	-15.000000	13.400000	100.000000	17.000000	100.000000	4.180000	0.000000	0.000000	0.000000	0.000000	1	1	0.000000	1.000000	1.000000	1.000000	1.000000	1.000000	1.000000	740.000000	740.000000	0.000000	4.000000	38.000000	3.749454E-14	-6.394191E-6
3735917833.674303	1.208000	0.001000	-0.005000	32.010000	-15.000000	13.500000	100.000000	17.000000	100.000000	4.180000	0.000000	0.000000	0.000000	0.000000	1	1	0.000000	1.000000	1.000000	1.000000	1.000000	1.000000	1.000000	740.000000	740.000000	0.000000	6.000000	45.000000	3.749454E-14	-6.402973E-6
3735917838.905847	1.208000	0.001000	-0.005000	32.010000	-15.000000	13.600000	100.000000	17.000000	100.000000	4.180000	0.000000	0.000000	0.000000	0.000000	1	1	0.000000	1.000000	1.000000	1.000000	1.000000	1.000000	1.000000	740.000000	740.000000	0.000000	5.000000	33.000000	3.749454E-14	-6.412981E-6
3735917844.140148	1.208000	0.001000	-0.005000	32.010000	-15.000000	13.700000	100.000000	17.000000	100.000000	4.180000	0.000000	0.000000	0.000000	0.000000	1	1	0.000000	1.000000	1.000000	1.000000	1.000000	1.000000	1.000000	740.000000	740.000000	0.000000	5.000000	28.000000	3.749454E-14	-6.424419E-6
3735917849.443992	1.208000	0.001000	-0.005000	32.010000	-15.000000	13.800000	100.000000	17.000000	100.000000	4.180000	0.000000	0.000000	0.000000	0.000000	1	1	0.000000	1.000000	1.000000	1.000000	1.000000	1.000000	1.000000	740.000000	740.000000	0.000000	9.000000	41.000000	3.749454E-14	-6.433412E-6
3735917854.687114	1.208000	0.001000	-0.005000	32.010000	-15.000000	13.900000	100.000000	17.000000	100.000000	4.180000	0.000000	0.000000	0.000000	0.000000	1	1	0.000000	1.000000	1.000000	1.000000	1.000000	1.000000	1.000000	740.000000	740.000000	0.000000	7.000000	35.000000	3.749454E-14	-6.446686E-6
3735917859.938099	1.208000	0.001000	-0.005000	32.010000	-15.000000	14.000000	100.000000	17.000000	100.000000	4.180000	0.000000	0.000000	0.000000	0.000000	1	1	0.000000	1.000000	1.000000	1.000000	1.000000	1.000000	1.000000	740.000000	740.000000	0.000000	6.000000	36.000000	3.749454E-14	-6.454857E-6
3735917865.200490	1.208000	0.001000	-0.005000	32.010000	-15.000000	14.100000	100.000000	17.000000	100.000000	4.180000	0.000000	0.000000	0.000000	0.000000	1	1	0.000000	1.000000	1.000000	1.000000	1.000000	1.000000	1.000000	740.000000	740.000000	0.000000	6.000000	46.000000	3.749454E-14	-6.466704E-6
3735917870.449905	1.208000	0.001000	-0.005000	32.010000	-15.000000	14.200000	100.000000	17.000000	100.000000	4.180000	0.000000	0.000000	0.000000	0.000000	1	1	0.000000	1.000000	1.000000	1.000000	1.000000	1.000000	1.000000	740.000000	740.000000	0.000000	4.000000	28.000000	3.749454E-14	-6.471811E-6
3735917875.715068	1.208000	0.001000	-0.005000	32.010000	-15.000000	14.300000	100.000000	17.000000	100.000000	4.180000	0.000000	0.000000	0.000000	0.000000	1	1	0.000000	1.000000	1.000000	1.000000	1.000000	1.000000	1.000000	740.000000	740.000000	0.000000	4.000000	23.000000	3.749454E-14	-6.479982E-6
3735917880.984887	1.208000	0.001000	-0.005000	32.010000	-15.000000	14.400000	100.000000	17.000000	100.000000	4.180000	0.000000	0.000000	0.000000	0.000000	1	1	0.000000	1.000000	1.000000	1.000000	1.000000	1.000000	1.000000	740.000000	740.000000	0.000000	5.000000	38.000000	3.749454E-14	-6.491014E-6
3735917886.235333	1.208000	0.001000	-0.005000	32.010000	-15.000000	14.500000	100.000000	17.000000	100.000000	4.180000	0.000000	0.000000	0.000000	0.000000	1	1	0.000000	1.000000	1.000000	1.000000	1.000000	1.000000	1.000000	740.000000	740.000000	0.000000	6.000000	37.000000	3.749454E-14	-6.501432E-6
3735917891.477213	1.208000	0.001000	-0.005000	32.010000	-15.000000	14.600000	100.000000	17.000000	100.000000	4.180000	0.000000	0.000000	0.000000	0.000000	1	1	0.000000	1.000000	1.000000	1.000000	1.000000	1.000000	1.000000	740.000000	740.000000	0.000000	3.000000	43.000000	3.749454E-14	-6.506947E-6
3735917896.736567	1.208000	0.001000	-0.005000	32.010000	-15.000000	14.700000	100.000000	17.000000	100.000000	4.180000	0.000000	0.000000	0.000000	0.000000	1	1	0.000000	1.000000	1.000000	1.000000	1.000000	1.000000	1.000000	740.000000	740.000000	0.000000	6.000000	45.000000	3.749454E-14	-6.507151E-6
3735917901.999437	1.208000	0.001000	-0.005000	32.010000	-15.000000	14.800000	100.000000	17.000000	100.000000	4.180000	0.000000	0.000000	0.000000	0.000000	1	1	0.000000	1.000000	1.000000	1.000000	1.000000	1.000000	1.000000	740.000000	740.000000	0.000000	9.000000	29.000000	3.749454E-14	-6.518181E-6
3735917907.267423	1.208000	0.001000	-0.005000	32.010000	-15.000000	14.900000	100.000000	17.000000	100.000000	4.180000	0.000000	0.000000	0.000000	0.000000	1	1	0.000000	1.000000	1.000000	1.000000	1.000000	1.000000	1.000000	740.000000	740.000000	0.000000	15.000000	23.000000	3.749454E-14	-6.524720E-6
3735917912.534429	1.208000	0.001000	-0.005000	32.010000	-15.000000	15.000000	100.000000	17.000000	100.000000	4.180000	0.000000	0.000000	0.000000	0.000000	1	1	0.000000	1.000000	1.000000	1.000000	1.000000	1.000000	1.000000	740.000000	740.000000	0.000000	7.000000	30.000000	3.749454E-14	-6.531051E-6
3735917917.797077	1.208000	0.001000	-0.005000	32.010000	-15.000000	15.100000	100.000000	17.000000	100.000000	4.180000	0.000000	0.000000	0.000000	0.000000	1	1	0.000000	1.000000	1.000000	1.000000	1.000000	1.000000	1.000000	740.000000	740.000000	0.000000	1.000000	28.000000	3.749454E-14	-6.535544E-6
3735917923.048085	1.208000	0.001000	-0.005000	32.010000	-15.000000	15.200000	100.000000	17.000000	100.000000	4.180000	0.000000	0.000000	0.000000	0.000000	1	1	0.000000	1.000000	1.000000	1.000000	1.000000	1.000000	1.000000	740.000000	740.000000	0.000000	4.000000	24.000000	3.749454E-14	-6.540040E-6
3735917928.315586	1.208000	0.001000	-0.005000	32.010000	-15.000000	15.300000	100.000000	17.000000	100.000000	4.180000	0.000000	0.000000	0.000000	0.000000	1	1	0.000000	1.000000	1.000000	1.000000	1.000000	1.000000	1.000000	740.000000	740.000000	0.000000	9.000000	37.000000	3.749454E-14	-6.530029E-6
3735917933.560029	1.208000	0.001000	-0.005000	32.010000	-15.000000	15.400000	100.000000	17.000000	100.000000	4.180000	0.000000	0.000000	0.000000	0.000000	1	1	0.000000	1.000000	1.000000	1.000000	1.000000	1.000000	1.000000	740.000000	740.000000	0.000000	7.000000	28.000000	3.749454E-14	-6.555154E-6
3735917938.836659	1.208000	0.001000	-0.005000	32.010000	-15.000000	15.500000	100.000000	17.000000	100.000000	4.180000	0.000000	0.000000	0.000000	0.000000	1	1	0.000000	1.000000	1.000000	1.000000	1.000000	1.000000	1.000000	740.000000	740.000000	0.000000	16.000000	40.000000	3.749454E-14	-6.564552E-6
3735917944.080384	1.208000	0.001000	-0.005000	32.010000	-15.000000	15.600000	100.000000	17.000000	100.000000	4.180000	0.000000	0.000000	0.000000	0.000000	1	1	0.000000	1.000000	1.000000	1.000000	1.000000	1.000000	1.000000	740.000000	740.000000	0.000000	6.000000	36.000000	3.749454E-14	-6.558219E-6
3735917949.335183	1.208000	0.001000	-0.005000	32.010000	-15.000000	15.700000	100.000000	17.000000	100.000000	4.180000	0.000000	0.000000	0.000000	0.000000	1	1	0.000000	1.000000	1.000000	1.000000	1.000000	1.000000	1.000000	740.000000	740.000000	0.000000	6.000000	36.000000	3.749454E-14	-6.559445E-6
3735917954.589125	1.208000	0.001000	-0.005000	32.010000	-15.000000	15.800000	100.000000	17.000000	100.000000	4.180000	0.000000	0.000000	0.000000	0.000000	1	1	0.000000	1.000000	1.000000	1.000000	1.000000	1.000000	1.000000	740.000000	740.000000	0.000000	4.000000	27.000000	3.749454E-14	-6.573538E-6
3735917960.589379	1.208000	0.001000	-0.005000	32.010000	-15.000000	15.900000	100.000000	17.000000	100.000000	4.180000	0.000000	0.000000	0.000000	0.000000	1	1	0.000000	1.000000	1.000000	1.000000	1.000000	1.000000	1.000000	740.000000	740.000000	0.000000	2.000000	37.000000	3.749454E-14	-6.583139E-6
3735917965.846264	1.208000	0.001000	-0.005000	32.010000	-15.000000	16.000000	100.000000	17.000000	100.000000	4.180000	0.000000	0.000000	0.000000	0.000000	1	1	0.000000	1.000000	1.000000	1.000000	1.000000	1.000000	1.000000	740.000000	740.000000	0.000000	5.000000	33.000000	3.749454E-14	-6.573948E-6
3735917971.093377	1.208000	0.001000	-0.005000	32.010000	-15.000000	16.100000	100.000000	17.000000	100.000000	4.180000	0.000000	0.000000	0.000000	0.000000	1	1	0.000000	1.000000	1.000000	1.000000	1.000000	1.000000	1.000000	740.000000	740.000000	0.000000	6.000000	25.000000	3.749454E-14	-6.585795E-6
3735917976.356532	1.208000	0.001000	-0.005000	32.010000	-15.000000	16.200000	100.000000	17.000000	100.000000	4.180000	0.000000	0.000000	0.000000	0.000000	1	1	0.000000	1.000000	1.000000	1.000000	1.000000	1.000000	1.000000	740.000000	740.000000	0.000000	1.000000	29.000000	3.749454E-14	-6.587837E-6
3735917981.590477	1.208000	0.001000	-0.005000	32.010000	-15.000000	16.300000	100.000000	17.000000	100.000000	4.180000	0.000000	0.000000	0.000000	0.000000	1	1	0.000000	1.000000	1.000000	1.000000	1.000000	1.000000	1.000000	740.000000	740.000000	0.000000	6.000000	29.000000	3.749454E-14	-6.591310E-6
3735917986.859417	1.208000	0.001000	-0.005000	32.010000	-15.000000	16.400000	100.000000	17.000000	100.000000	4.180000	0.000000	0.000000	0.000000	0.000000	1	1	0.000000	1.000000	1.000000	1.000000	1.000000	1.000000	1.000000	740.000000	740.000000	0.000000	9.000000	42.000000	3.749454E-14	-6.581710E-6
3735917992.102639	1.208000	0.001000	-0.005000	32.010000	-15.000000	16.500000	100.000000	17.000000	100.000000	4.180000	0.000000	0.000000	0.000000	0.000000	1	1	0.000000	1.000000	1.000000	1.000000	1.000000	1.000000	1.000000	740.000000	740.000000	0.000000	5.000000	26.000000	3.749454E-14	-6.592332E-6
3735917997.352773	1.208000	0.001000	-0.005000	32.010000	-15.000000	16.600000	100.000000	17.000000	100.000000	4.180000	0.000000	0.000000	0.000000	0.000000	1	1	0.000000	1.000000	1.000000	1.000000	1.000000	1.000000	1.000000	740.000000	740.000000	0.000000	6.000000	28.000000	3.749454E-14	-6.599890E-6
3735918002.594387	1.208000	0.001000	-0.005000	32.010000	-15.000000	16.700000	100.000000	17.000000	100.000000	4.180000	0.000000	0.000000	0.000000	0.000000	1	1	0.000000	1.000000	1.000000	1.000000	1.000000	1.000000	1.000000	740.000000	740.000000	0.000000	7.000000	33.000000	3.749454E-14	-6.588450E-6
3735918007.885990	1.208000	0.001000	-0.005000	32.010000	-15.000000	16.800000	100.000000	17.000000	100.000000	4.180000	0.000000	0.000000	0.000000	0.000000	1	1	0.000000	1.000000	1.000000	1.000000	1.000000	1.000000	1.000000	740.000000	740.000000	0.000000	7.000000	43.000000	3.749454E-14	-6.603972E-6
3735918013.147286	1.208000	0.001000	-0.005000	32.010000	-15.000000	16.900000	100.000000	17.000000	100.000000	4.180000	0.000000	0.000000	0.000000	0.000000	1	1	0.000000	1.000000	1.000000	1.000000	1.000000	1.000000	1.000000	740.000000	740.000000	0.000000	5.000000	29.000000	3.749454E-14	-6.604178E-6
3735918018.392455	1.208000	0.001000	-0.005000	32.010000	-15.000000	17.000000	100.000000	17.000000	100.000000	4.180000	0.000000	0.000000	0.000000	0.000000	1	1	0.000000	1.000000	1.000000	1.000000	1.000000	1.000000	1.000000	740.000000	740.000000	0.000000	9.000000	37.000000	3.749454E-14	-6.592330E-6
3735918023.654493	1.208000	0.001000	-0.005000	32.010000	-15.000000	17.100000	100.000000	17.000000	100.000000	4.180000	0.000000	0.000000	0.000000	0.000000	1	1	0.000000	1.000000	1.000000	1.000000	1.000000	1.000000	1.000000	740.000000	740.000000	0.000000	3.000000	46.000000	3.749454E-14	-6.612144E-6
3735918029.852629	1.208000	0.001000	-0.005000	32.010000	-15.000000	17.200000	100.000000	17.000000	100.000000	4.180000	0.000000	0.000000	0.000000	0.000000	1	1	0.000000	1.000000	1.000000	1.000000	1.000000	1.000000	1.000000	740.000000	740.000000	0.000000	8.000000	48.000000	3.749454E-14	-6.618067E-6
3735918035.106199	1.208000	0.001000	-0.005000	32.010000	-15.000000	17.300000	100.000000	17.000000	100.000000	4.180000	0.000000	0.000000	0.000000	0.000000	1	1	0.000000	1.000000	1.000000	1.000000	1.000000	1.000000	1.000000	740.000000	740.000000	0.000000	6.000000	40.000000	3.749454E-14	-6.606221E-6
3735918040.359447	1.208000	0.001000	-0.005000	32.010000	-15.000000	17.400000	100.000000	17.000000	100.000000	4.180000	0.000000	0.000000	0.000000	0.000000	1	1	0.000000	1.000000	1.000000	1.000000	1.000000	1.000000	1.000000	740.000000	740.000000	0.000000	3.000000	43.000000	3.749454E-14	-6.609694E-6
3735918045.622096	1.208000	0.001000	-0.005000	32.010000	-15.000000	17.500000	100.000000	17.000000	100.000000	4.180000	0.000000	0.000000	0.000000	0.000000	1	1	0.000000	1.000000	1.000000	1.000000	1.000000	1.000000	1.000000	740.000000	740.000000	0.000000	5.000000	48.000000	3.749454E-14	-6.620927E-6
3735918050.892090	1.208000	0.001000	-0.005000	32.010000	-15.000000	17.600000	100.000000	17.000000	100.000000	4.180000	0.000000	0.000000	0.000000	0.000000	1	1	0.000000	1.000000	1.000000	1.000000	1.000000	1.000000	1.000000	740.000000	740.000000	0.000000	12.000000	31.000000	3.749454E-14	-6.616231E-6
3735918056.134845	1.208000	0.001000	-0.005000	32.010000	-15.000000	17.700000	100.000000	17.000000	100.000000	4.180000	0.000000	0.000000	0.000000	0.000000	1	1	0.000000	1.000000	1.000000	1.000000	1.000000	1.000000	1.000000	740.000000	740.000000	0.000000	14.000000	48.000000	3.749454E-14	-6.614189E-6
3735918061.406103	1.208000	0.001000	-0.005000	32.010000	-15.000000	17.800000	100.000000	17.000000	100.000000	4.180000	0.000000	0.000000	0.000000	0.000000	1	1	0.000000	1.000000	1.000000	1.000000	1.000000	1.000000	1.000000	740.000000	740.000000	0.000000	10.000000	42.000000	3.749454E-14	-6.621747E-6
3735918066.655132	1.208000	0.001000	-0.005000	32.010000	-15.000000	17.900000	100.000000	17.000000	100.000000	4.180000	0.000000	0.000000	0.000000	0.000000	1	1	0.000000	1.000000	1.000000	1.000000	1.000000	1.000000	1.000000	740.000000	740.000000	0.000000	13.000000	40.000000	3.749454E-14	-6.623992E-6
3735918071.931533	1.208000	0.001000	-0.005000	32.010000	-15.000000	18.000000	100.000000	17.000000	100.000000	4.180000	0.000000	0.000000	0.000000	0.000000	1	1	0.000000	1.000000	1.000000	1.000000	1.000000	1.000000	1.000000	740.000000	740.000000	0.000000	10.000000	40.000000	3.749454E-14	-6.627668E-6
3735918077.191412	1.208000	0.001000	-0.005000	32.010000	-15.000000	18.100000	100.000000	17.000000	100.000000	4.180000	0.000000	0.000000	0.000000	0.000000	1	1	0.000000	1.000000	1.000000	1.000000	1.000000	1.000000	1.000000	740.000000	740.000000	0.000000	8.000000	43.000000	3.749454E-14	-6.629303E-6
3735918082.439482	1.208000	0.001000	-0.005000	32.010000	-15.000000	18.200000	100.000000	17.000000	100.000000	4.180000	0.000000	0.000000	0.000000	0.000000	1	1	0.000000	1.000000	1.000000	1.000000	1.000000	1.000000	1.000000	740.000000	740.000000	0.000000	11.000000	49.000000	3.749454E-14	-6.630529E-6
3735918087.710326	1.208000	0.001000	-0.005000	32.010000	-15.000000	18.300000	100.000000	17.000000	100.000000	4.180000	0.000000	0.000000	0.000000	0.000000	1	1	0.000000	1.000000	1.000000	1.000000	1.000000	1.000000	1.000000	740.000000	740.000000	0.000000	9.000000	49.000000	3.749454E-14	-6.625217E-6
3735918092.964101	1.208000	0.001000	-0.005000	32.010000	-15.000000	18.400000	100.000000	17.000000	100.000000	4.180000	0.000000	0.000000	0.000000	0.000000	1	1	0.000000	1.000000	1.000000	1.000000	1.000000	1.000000	1.000000	740.000000	740.000000	0.000000	9.000000	45.000000	3.749454E-14	-6.623380E-6
3735918098.229395	1.208000	0.001000	-0.005000	32.010000	-15.000000	18.500000	100.000000	17.000000	100.000000	4.180000	0.000000	0.000000	0.000000	0.000000	1	1	0.000000	1.000000	1.000000	1.000000	1.000000	1.000000	1.000000	740.000000	740.000000	0.000000	4.000000	35.000000	3.749454E-14	-6.626238E-6
3735918103.494139	1.208000	0.001000	-0.005000	32.010000	-15.000000	18.600000	100.000000	17.000000	100.000000	4.180000	0.000000	0.000000	0.000000	0.000000	1	1	0.000000	1.000000	1.000000	1.000000	1.000000	1.000000	1.000000	740.000000	740.000000	0.000000	6.000000	44.000000	3.749454E-14	-6.626035E-6
3735918109.688075	1.208000	0.001000	-0.005000	32.010000	-15.000000	18.700000	100.000000	17.000000	100.000000	4.180000	0.000000	0.000000	0.000000	0.000000	1	1	0.000000	1.000000	1.000000	1.000000	1.000000	1.000000	1.000000	740.000000	740.000000	0.000000	9.000000	59.000000	3.749454E-14	-6.625829E-6
3735918114.935061	1.208000	0.001000	-0.005000	32.010000	-15.000000	18.800000	100.000000	17.000000	100.000000	4.180000	0.000000	0.000000	0.000000	0.000000	1	1	0.000000	1.000000	1.000000	1.000000	1.000000	1.000000	1.000000	740.000000	740.000000	0.000000	9.000000	40.000000	3.749454E-14	-6.628487E-6
3735918121.038330	1.208000	0.001000	-0.005000	32.010000	-15.000000	18.900000	100.000000	17.000000	100.000000	4.180000	0.000000	0.000000	0.000000	0.000000	1	1	0.000000	1.000000	1.000000	1.000000	1.000000	1.000000	1.000000	740.000000	740.000000	0.000000	16.000000	43.000000	3.749454E-14	-6.622768E-6
3735918126.304229	1.208000	0.001000	-0.005000	32.010000	-15.000000	19.000000	100.000000	17.000000	100.000000	4.180000	0.000000	0.000000	0.000000	0.000000	1	1	0.000000	1.000000	1.000000	1.000000	1.000000	1.000000	1.000000	740.000000	740.000000	0.000000	7.000000	51.000000	3.749454E-14	-6.627670E-6
3735918131.577333	1.208000	0.001000	-0.005000	32.010000	-15.000000	19.100000	100.000000	17.000000	100.000000	4.180000	0.000000	0.000000	0.000000	0.000000	1	1	0.000000	1.000000	1.000000	1.000000	1.000000	1.000000	1.000000	740.000000	740.000000	0.000000	3.000000	48.000000	3.749454E-14	-6.632572E-6
3735918136.853933	1.208000	0.001000	-0.005000	32.010000	-15.000000	19.200000	100.000000	17.000000	100.000000	4.180000	0.000000	0.000000	0.000000	0.000000	1	1	0.000000	1.000000	1.000000	1.000000	1.000000	1.000000	1.000000	740.000000	740.000000	0.000000	8.000000	38.000000	3.749454E-14	-6.628077E-6
3735918142.992460	1.208000	0.001000	-0.005000	32.010000	-15.000000	19.300000	100.000000	17.000000	100.000000	4.180000	0.000000	0.000000	0.000000	0.000000	1	1	0.000000	1.000000	1.000000	1.000000	1.000000	1.000000	1.000000	740.000000	740.000000	0.000000	10.000000	63.000000	3.749454E-14	-6.626444E-6
3735918148.260403	1.208000	0.001000	-0.005000	32.010000	-15.000000	19.400000	100.000000	17.000000	100.000000	4.180000	0.000000	0.000000	0.000000	0.000000	1	1	0.000000	1.000000	1.000000	1.000000	1.000000	1.000000	1.000000	740.000000	740.000000	0.000000	9.000000	55.000000	3.749454E-14	-6.628893E-6
3735918155.058344	1.208000	0.001000	-0.005000	32.010000	-15.000000	19.500000	100.000000	17.000000	100.000000	4.180000	0.000000	0.000000	0.000000	0.000000	1	1	0.000000	1.000000	1.000000	1.000000	1.000000	1.000000	1.000000	740.000000	740.000000	0.000000	10.000000	60.000000	3.749454E-14	-6.625831E-6
3735918162.226270	1.208000	0.001000	-0.005000	32.010000	-15.000000	19.600000	100.000000	17.000000	100.000000	4.180000	0.000000	0.000000	0.000000	0.000000	1	1	0.000000	1.000000	1.000000	1.000000	1.000000	1.000000	1.000000	740.000000	740.000000	0.000000	12.000000	60.000000	3.749454E-14	-6.621951E-6
3735918169.209895	1.208000	0.001000	-0.005000	32.010000	-15.000000	19.700000	100.000000	17.000000	100.000000	4.180000	0.000000	0.000000	0.000000	0.000000	1	1	0.000000	1.000000	1.000000	1.000000	1.000000	1.000000	1.000000	740.000000	740.000000	0.000000	18.000000	61.000000	3.749454E-14	-6.618070E-6
3735918176.347539	1.208000	0.001000	-0.005000	32.010000	-15.000000	19.800000	100.000000	17.000000	100.000000	4.180000	0.000000	0.000000	0.000000	0.000000	1	1	0.000000	1.000000	1.000000	1.000000	1.000000	1.000000	1.000000	740.000000	740.000000	0.000000	4.000000	54.000000	3.749454E-14	-6.617660E-6
3735918182.474535	1.208000	0.001000	-0.005000	32.010000	-15.000000	19.900000	100.000000	17.000000	100.000000	4.180000	0.000000	0.000000	0.000000	0.000000	1	1	0.000000	1.000000	1.000000	1.000000	1.000000	1.000000	1.000000	740.000000	740.000000	0.000000	8.000000	65.000000	3.749454E-14	-6.623176E-6
3735918188.622868	1.208000	0.001000	-0.005000	32.010000	-15.000000	20.000000	100.000000	17.000000	100.000000	4.180000	0.000000	0.000000	0.000000	0.000000	1	1	0.000000	1.000000	1.000000	1.000000	1.000000	1.000000	1.000000	740.000000	740.000000	0.000000	8.000000	55.000000	3.749454E-14	-6.622971E-6
