#Cu(100) GammaX Th=-30_31.dat
#5/21/2022 5:47:28 PM
#Preliminary IPES Scan
#Sweep En
#Measure rgm, lgm, 6487
#Timestamp (sec)	X (mm)	Y (mm)	Z (mm)	Theta (deg)	EG Grid (V)	EG Energy (eV)	EG Extraction (V)	EG Focus 1 (V)	EG Focus 2 (V)	EG Filament (V)	EG X1 Alignment (V)	EG X2 Alignment (V)	EG Y1 Alignment (V)	EG Y2 Alignment (V)	6485 Samples	6487 Samples	6487 Voltage (V)	GM2 Dwell Time (s)	GM2 SCA Lower Limit (V)	GM2 SCA Upper Limit (V)	GM1 Dwell Time (s)	GM1 SCA Lower Limit (V)	GM1 SCA Upper Limit (V)	Voltage Supply A (V)	Voltage Supply B (V)	Dummy	GM2 Counts	GM1 Counts	Keithley6485 Current (A)	Keithley6487 Current (A)
#time	xpos	ypos	zpos	theta	grid	en	ext	f1	f2	fil	x1	x2	y1	y2	6485s	6487s	6487v	gm2dw	gm2ll	gm2ul	gm1dw	gm1ll	gm1ul	va	vb	dummy	gm2	gm1	6485c	6487c
3736014456.804395	1.208000	0.001000	-0.005000	-29.990000	-15.000000	0.000000	100.000000	17.000000	100.000000	4.180000	0.000000	0.000000	0.000000	0.000000	1	1	0.000000	1.000000	1.000000	1.000000	1.000000	1.000000	1.000000	740.000000	740.000000	0.000000	16.000000	6.000000	-1.861016E-14	-4.694102E-8
3736014462.027799	1.208000	0.001000	-0.005000	-29.990000	-15.000000	0.100000	100.000000	17.000000	100.000000	4.180000	0.000000	0.000000	0.000000	0.000000	1	1	0.000000	1.000000	1.000000	1.000000	1.000000	1.000000	1.000000	740.000000	740.000000	0.000000	12.000000	5.000000	-1.861016E-14	-5.756293E-8
3736014467.241844	1.208000	0.001000	-0.005000	-29.990000	-15.000000	0.200000	100.000000	17.000000	100.000000	4.180000	0.000000	0.000000	0.000000	0.000000	1	1	0.000000	1.000000	1.000000	1.000000	1.000000	1.000000	1.000000	740.000000	740.000000	0.000000	13.000000	3.000000	-1.861016E-14	-5.020929E-8
3736014472.467453	1.208000	0.001000	-0.005000	-29.990000	-15.000000	0.300000	100.000000	17.000000	100.000000	4.180000	0.000000	0.000000	0.000000	0.000000	1	1	0.000000	1.000000	1.000000	1.000000	1.000000	1.000000	1.000000	740.000000	740.000000	0.000000	20.000000	9.000000	-1.861016E-14	-5.184345E-8
3736014477.715594	1.208000	0.001000	-0.005000	-29.990000	-15.000000	0.400000	100.000000	17.000000	100.000000	4.180000	0.000000	0.000000	0.000000	0.000000	1	1	0.000000	1.000000	1.000000	1.000000	1.000000	1.000000	1.000000	740.000000	740.000000	0.000000	21.000000	2.000000	-1.861016E-14	-5.143492E-8
3736014482.941748	1.208000	0.001000	-0.005000	-29.990000	-15.000000	0.500000	100.000000	17.000000	100.000000	4.180000	0.000000	0.000000	0.000000	0.000000	1	1	0.000000	1.000000	1.000000	1.000000	1.000000	1.000000	1.000000	740.000000	740.000000	0.000000	21.000000	5.000000	-1.861016E-14	-5.919704E-8
3736014488.160952	1.208000	0.001000	-0.005000	-29.990000	-15.000000	0.600000	100.000000	17.000000	100.000000	4.180000	0.000000	0.000000	0.000000	0.000000	1	1	0.000000	1.000000	1.000000	1.000000	1.000000	1.000000	1.000000	740.000000	740.000000	0.000000	11.000000	6.000000	-1.861016E-14	-4.653250E-8
3736014493.404319	1.208000	0.001000	-0.005000	-29.990000	-15.000000	0.700000	100.000000	17.000000	100.000000	4.180000	0.000000	0.000000	0.000000	0.000000	1	1	0.000000	1.000000	1.000000	1.000000	1.000000	1.000000	1.000000	740.000000	740.000000	0.000000	14.000000	2.000000	-1.861016E-14	-5.163918E-8
3736014498.633572	1.208000	0.001000	-0.005000	-29.990000	-15.000000	0.800000	100.000000	17.000000	100.000000	4.180000	0.000000	0.000000	0.000000	0.000000	1	1	0.000000	1.000000	1.000000	1.000000	1.000000	1.000000	1.000000	740.000000	740.000000	0.000000	16.000000	6.000000	-1.861016E-14	-5.102638E-8
3736014503.890837	1.208000	0.001000	-0.005000	-29.990000	-15.000000	0.900000	100.000000	17.000000	100.000000	4.180000	0.000000	0.000000	0.000000	0.000000	1	1	0.000000	1.000000	1.000000	1.000000	1.000000	1.000000	1.000000	740.000000	740.000000	0.000000	16.000000	6.000000	-1.861016E-14	-5.163917E-8
3736014509.116143	1.208000	0.001000	-0.005000	-29.990000	-15.000000	1.000000	100.000000	17.000000	100.000000	4.180000	0.000000	0.000000	0.000000	0.000000	1	1	0.000000	1.000000	1.000000	1.000000	1.000000	1.000000	1.000000	740.000000	740.000000	0.000000	8.000000	7.000000	-1.861016E-14	-4.980076E-8
3736014514.351175	1.208000	0.001000	-0.005000	-29.990000	-15.000000	1.100000	100.000000	17.000000	100.000000	4.180000	0.000000	0.000000	0.000000	0.000000	1	1	0.000000	1.000000	1.000000	1.000000	1.000000	1.000000	1.000000	740.000000	740.000000	0.000000	12.000000	1.000000	-1.861016E-14	-5.041358E-8
3736014519.569525	1.208000	0.001000	-0.005000	-29.990000	-15.000000	1.200000	100.000000	17.000000	100.000000	4.180000	0.000000	0.000000	0.000000	0.000000	1	1	0.000000	1.000000	1.000000	1.000000	1.000000	1.000000	1.000000	740.000000	740.000000	0.000000	9.000000	6.000000	-1.861016E-14	-4.694101E-8
3736014524.813937	1.208000	0.001000	-0.005000	-29.990000	-15.000000	1.300000	100.000000	17.000000	100.000000	4.180000	0.000000	0.000000	0.000000	0.000000	1	1	0.000000	1.000000	1.000000	1.000000	1.000000	1.000000	1.000000	740.000000	740.000000	0.000000	20.000000	7.000000	-1.861016E-14	-5.102638E-8
3736014530.048484	1.208000	0.001000	-0.005000	-29.990000	-15.000000	1.400000	100.000000	17.000000	100.000000	4.180000	0.000000	0.000000	0.000000	0.000000	1	1	0.000000	1.000000	1.000000	1.000000	1.000000	1.000000	1.000000	740.000000	740.000000	0.000000	20.000000	3.000000	-1.861016E-14	-4.816662E-8
3736014535.282015	1.208000	0.001000	-0.005000	-29.990000	-15.000000	1.500000	100.000000	17.000000	100.000000	4.180000	0.000000	0.000000	0.000000	0.000000	1	1	0.000000	1.000000	1.000000	1.000000	1.000000	1.000000	1.000000	740.000000	740.000000	0.000000	17.000000	8.000000	-1.861016E-14	-4.857516E-8
3736014540.517754	1.208000	0.001000	-0.005000	-29.990000	-15.000000	1.600000	100.000000	17.000000	100.000000	4.180000	0.000000	0.000000	0.000000	0.000000	1	1	0.000000	1.000000	1.000000	1.000000	1.000000	1.000000	1.000000	740.000000	740.000000	0.000000	20.000000	3.000000	-1.861016E-14	-5.592879E-8
3736014545.744957	1.208000	0.001000	-0.005000	-29.990000	-15.000000	1.700000	100.000000	17.000000	100.000000	4.180000	0.000000	0.000000	0.000000	0.000000	1	1	0.000000	1.000000	1.000000	1.000000	1.000000	1.000000	1.000000	740.000000	740.000000	0.000000	9.000000	6.000000	-1.861016E-14	-5.123064E-8
3736014550.962930	1.208000	0.001000	-0.005000	-29.990000	-15.000000	1.800000	100.000000	17.000000	100.000000	4.180000	0.000000	0.000000	0.000000	0.000000	1	1	0.000000	1.000000	1.000000	1.000000	1.000000	1.000000	1.000000	740.000000	740.000000	0.000000	14.000000	1.000000	-1.861016E-14	-4.980076E-8
3736014556.211877	1.208000	0.001000	-0.005000	-29.990000	-15.000000	1.900000	100.000000	17.000000	100.000000	4.180000	0.000000	0.000000	0.000000	0.000000	1	1	0.000000	1.000000	1.000000	1.000000	1.000000	1.000000	1.000000	740.000000	740.000000	0.000000	16.000000	11.000000	-1.861016E-14	-5.511171E-8
3736014561.445837	1.208000	0.001000	-0.005000	-29.990000	-15.000000	2.000000	100.000000	17.000000	100.000000	4.180000	0.000000	0.000000	0.000000	0.000000	1	1	0.000000	1.000000	1.000000	1.000000	1.000000	1.000000	1.000000	740.000000	740.000000	0.000000	18.000000	7.000000	-1.861016E-14	-4.877943E-8
3736014566.704427	1.208000	0.001000	-0.005000	-29.990000	-15.000000	2.100000	100.000000	17.000000	100.000000	4.180000	0.000000	0.000000	0.000000	0.000000	1	1	0.000000	1.000000	1.000000	1.000000	1.000000	1.000000	1.000000	740.000000	740.000000	0.000000	12.000000	1.000000	-1.861016E-14	-4.612395E-8
3736014571.945914	1.208000	0.001000	-0.005000	-29.990000	-15.000000	2.200000	100.000000	17.000000	100.000000	4.180000	0.000000	0.000000	0.000000	0.000000	1	1	0.000000	1.000000	1.000000	1.000000	1.000000	1.000000	1.000000	740.000000	740.000000	0.000000	22.000000	4.000000	-1.861016E-14	-5.041355E-8
3736014577.176363	1.208000	0.001000	-0.005000	-29.990000	-15.000000	2.300000	100.000000	17.000000	100.000000	4.180000	0.000000	0.000000	0.000000	0.000000	1	1	0.000000	1.000000	1.000000	1.000000	1.000000	1.000000	1.000000	740.000000	740.000000	0.000000	18.000000	7.000000	-1.861016E-14	-5.225198E-8
3736014582.410543	1.208000	0.001000	-0.005000	-29.990000	-15.000000	2.400000	100.000000	17.000000	100.000000	4.180000	0.000000	0.000000	0.000000	0.000000	1	1	0.000000	1.000000	1.000000	1.000000	1.000000	1.000000	1.000000	740.000000	740.000000	0.000000	13.000000	4.000000	-1.861016E-14	-4.796236E-8
3736014587.643822	1.208000	0.001000	-0.005000	-29.990000	-15.000000	2.500000	100.000000	17.000000	100.000000	4.180000	0.000000	0.000000	0.000000	0.000000	1	1	0.000000	1.000000	1.000000	1.000000	1.000000	1.000000	1.000000	740.000000	740.000000	0.000000	16.000000	4.000000	-1.861016E-14	-5.204770E-8
3736014592.893707	1.208000	0.001000	-0.005000	-29.990000	-15.000000	2.600000	100.000000	17.000000	100.000000	4.180000	0.000000	0.000000	0.000000	0.000000	1	1	0.000000	1.000000	1.000000	1.000000	1.000000	1.000000	1.000000	740.000000	740.000000	0.000000	10.000000	1.000000	-1.861016E-14	-4.387701E-8
3736014598.129134	1.208000	0.001000	-0.005000	-29.990000	-15.000000	2.700000	100.000000	17.000000	100.000000	4.180000	0.000000	0.000000	0.000000	0.000000	1	1	0.000000	1.000000	1.000000	1.000000	1.000000	1.000000	1.000000	740.000000	740.000000	0.000000	21.000000	4.000000	-1.861016E-14	-4.632822E-8
3736014603.370928	1.208000	0.001000	-0.005000	-29.990000	-15.000000	2.800000	100.000000	17.000000	100.000000	4.180000	0.000000	0.000000	0.000000	0.000000	1	1	0.000000	1.000000	1.000000	1.000000	1.000000	1.000000	1.000000	740.000000	740.000000	0.000000	15.000000	9.000000	-1.861016E-14	-4.837089E-8
3736014608.605832	1.208000	0.001000	-0.005000	-29.990000	-15.000000	2.900000	100.000000	17.000000	100.000000	4.180000	0.000000	0.000000	0.000000	0.000000	1	1	0.000000	1.000000	1.000000	1.000000	1.000000	1.000000	1.000000	740.000000	740.000000	0.000000	12.000000	5.000000	-1.861016E-14	-5.000503E-8
3736014613.843333	1.208000	0.001000	-0.005000	-29.990000	-15.000000	3.000000	100.000000	17.000000	100.000000	4.180000	0.000000	0.000000	0.000000	0.000000	1	1	0.000000	1.000000	1.000000	1.000000	1.000000	1.000000	1.000000	740.000000	740.000000	0.000000	18.000000	1.000000	-1.861016E-14	-5.020929E-8
3736014619.073841	1.208000	0.001000	-0.005000	-29.990000	-15.000000	3.100000	100.000000	17.000000	100.000000	4.180000	0.000000	0.000000	0.000000	0.000000	1	1	0.000000	1.000000	1.000000	1.000000	1.000000	1.000000	1.000000	740.000000	740.000000	0.000000	13.000000	1.000000	-1.861016E-14	-5.245624E-8
3736014624.336290	1.208000	0.001000	-0.005000	-29.990000	-15.000000	3.200000	100.000000	17.000000	100.000000	4.180000	0.000000	0.000000	0.000000	0.000000	1	1	0.000000	1.000000	1.000000	1.000000	1.000000	1.000000	1.000000	740.000000	740.000000	0.000000	14.000000	3.000000	-1.861016E-14	-4.877941E-8
3736014629.559188	1.208000	0.001000	-0.005000	-29.990000	-15.000000	3.300000	100.000000	17.000000	100.000000	4.180000	0.000000	0.000000	0.000000	0.000000	1	1	0.000000	1.000000	1.000000	1.000000	1.000000	1.000000	1.000000	740.000000	740.000000	0.000000	6.000000	6.000000	-1.861016E-14	-4.775809E-8
3736014634.806518	1.208000	0.001000	-0.005000	-29.990000	-15.000000	3.400000	100.000000	17.000000	100.000000	4.180000	0.000000	0.000000	0.000000	0.000000	1	1	0.000000	1.000000	1.000000	1.000000	1.000000	1.000000	1.000000	740.000000	740.000000	0.000000	19.000000	2.000000	-1.861016E-14	-5.102637E-8
3736014640.045578	1.208000	0.001000	-0.005000	-29.990000	-15.000000	3.500000	100.000000	17.000000	100.000000	4.180000	0.000000	0.000000	0.000000	0.000000	1	1	0.000000	1.000000	1.000000	1.000000	1.000000	1.000000	1.000000	740.000000	740.000000	0.000000	18.000000	2.000000	-1.861016E-14	-4.816663E-8
3736014645.286802	1.208000	0.001000	-0.005000	-29.990000	-15.000000	3.600000	100.000000	17.000000	100.000000	4.180000	0.000000	0.000000	0.000000	0.000000	1	1	0.000000	1.000000	1.000000	1.000000	1.000000	1.000000	1.000000	740.000000	740.000000	0.000000	15.000000	3.000000	-1.861016E-14	-5.061780E-8
3736014650.517424	1.208000	0.001000	-0.005000	-29.990000	-15.000000	3.700000	100.000000	17.000000	100.000000	4.180000	0.000000	0.000000	0.000000	0.000000	1	1	0.000000	1.000000	1.000000	1.000000	1.000000	1.000000	1.000000	740.000000	740.000000	0.000000	16.000000	3.000000	-1.861016E-14	-5.082209E-8
3736014655.744495	1.208000	0.001000	-0.005000	-29.990000	-15.000000	3.800000	100.000000	17.000000	100.000000	4.180000	0.000000	0.000000	0.000000	0.000000	1	1	0.000000	1.000000	1.000000	1.000000	1.000000	1.000000	1.000000	740.000000	740.000000	0.000000	13.000000	4.000000	-1.861016E-14	-5.143488E-8
3736014660.971634	1.208000	0.001000	-0.005000	-29.990000	-15.000000	3.900000	100.000000	17.000000	100.000000	4.180000	0.000000	0.000000	0.000000	0.000000	1	1	0.000000	1.000000	1.000000	1.000000	1.000000	1.000000	1.000000	740.000000	740.000000	0.000000	19.000000	6.000000	-1.861016E-14	-5.082207E-8
3736014666.187841	1.208000	0.001000	-0.005000	-29.990000	-15.000000	4.000000	100.000000	17.000000	100.000000	4.180000	0.000000	0.000000	0.000000	0.000000	1	1	0.000000	1.000000	1.000000	1.000000	1.000000	1.000000	1.000000	740.000000	740.000000	0.000000	14.000000	6.000000	-1.861016E-14	-5.368184E-8
3736014671.445293	1.208000	0.001000	-0.005000	-29.990000	-15.000000	4.100000	100.000000	17.000000	100.000000	4.180000	0.000000	0.000000	0.000000	0.000000	1	1	0.000000	1.000000	1.000000	1.000000	1.000000	1.000000	1.000000	740.000000	740.000000	0.000000	15.000000	2.000000	-1.861016E-14	-5.327330E-8
3736014676.696101	1.208000	0.001000	-0.005000	-29.990000	-15.000000	4.200000	100.000000	17.000000	100.000000	4.180000	0.000000	0.000000	0.000000	0.000000	1	1	0.000000	1.000000	1.000000	1.000000	1.000000	1.000000	1.000000	740.000000	740.000000	0.000000	8.000000	4.000000	-1.861016E-14	-4.980076E-8
3736014681.931746	1.208000	0.001000	-0.005000	-29.990000	-15.000000	4.300000	100.000000	17.000000	100.000000	4.180000	0.000000	0.000000	0.000000	0.000000	1	1	0.000000	1.000000	1.000000	1.000000	1.000000	1.000000	1.000000	740.000000	740.000000	0.000000	16.000000	9.000000	-1.861016E-14	-4.673674E-8
3736014687.181129	1.208000	0.001000	-0.005000	-29.990000	-15.000000	4.400000	100.000000	17.000000	100.000000	4.180000	0.000000	0.000000	0.000000	0.000000	1	1	0.000000	1.000000	1.000000	1.000000	1.000000	1.000000	1.000000	740.000000	740.000000	0.000000	18.000000	10.000000	-1.861016E-14	-5.163915E-8
3736014692.437867	1.208000	0.001000	-0.005000	-29.990000	-15.000000	4.500000	100.000000	17.000000	100.000000	4.180000	0.000000	0.000000	0.000000	0.000000	1	1	0.000000	1.000000	1.000000	1.000000	1.000000	1.000000	1.000000	740.000000	740.000000	0.000000	18.000000	17.000000	-1.861016E-14	-4.837087E-8
3736014697.692532	1.208000	0.001000	-0.005000	-29.990000	-15.000000	4.600000	100.000000	17.000000	100.000000	4.180000	0.000000	0.000000	0.000000	0.000000	1	1	0.000000	1.000000	1.000000	1.000000	1.000000	1.000000	1.000000	740.000000	740.000000	0.000000	16.000000	19.000000	-1.861016E-14	-4.980074E-8
3736014702.914785	1.208000	0.001000	-0.005000	-29.990000	-15.000000	4.700000	100.000000	17.000000	100.000000	4.180000	0.000000	0.000000	0.000000	0.000000	1	1	0.000000	1.000000	1.000000	1.000000	1.000000	1.000000	1.000000	740.000000	740.000000	0.000000	29.000000	36.000000	-1.861016E-14	-5.266049E-8
3736014709.574845	1.208000	0.001000	-0.005000	-29.990000	-15.000000	4.800000	100.000000	17.000000	100.000000	4.180000	0.000000	0.000000	0.000000	0.000000	1	1	0.000000	1.000000	1.000000	1.000000	1.000000	1.000000	1.000000	740.000000	740.000000	0.000000	34.000000	52.000000	-1.861016E-14	-5.327327E-8
3736014716.110678	1.208000	0.001000	-0.005000	-29.990000	-15.000000	4.900000	100.000000	17.000000	100.000000	4.180000	0.000000	0.000000	0.000000	0.000000	1	1	0.000000	1.000000	1.000000	1.000000	1.000000	1.000000	1.000000	740.000000	740.000000	0.000000	52.000000	56.000000	-1.861016E-14	-5.020927E-8
3736014722.946205	1.208000	0.001000	-0.005000	-29.990000	-15.000000	5.000000	100.000000	17.000000	100.000000	4.180000	0.000000	0.000000	0.000000	0.000000	1	1	0.000000	1.000000	1.000000	1.000000	1.000000	1.000000	1.000000	740.000000	740.000000	0.000000	47.000000	73.000000	-1.861016E-14	-5.163916E-8
3736014730.006372	1.208000	0.001000	-0.005000	-29.990000	-15.000000	5.100000	100.000000	17.000000	100.000000	4.180000	0.000000	0.000000	0.000000	0.000000	1	1	0.000000	1.000000	1.000000	1.000000	1.000000	1.000000	1.000000	740.000000	740.000000	0.000000	80.000000	79.000000	-1.861016E-14	-5.327328E-8
3736014736.980754	1.208000	0.001000	-0.005000	-29.990000	-15.000000	5.200000	100.000000	17.000000	100.000000	4.180000	0.000000	0.000000	0.000000	0.000000	1	1	0.000000	1.000000	1.000000	1.000000	1.000000	1.000000	1.000000	740.000000	740.000000	0.000000	82.000000	75.000000	-1.861016E-14	-5.204767E-8
3736014743.850416	1.208000	0.001000	-0.005000	-29.990000	-15.000000	5.300000	100.000000	17.000000	100.000000	4.180000	0.000000	0.000000	0.000000	0.000000	1	1	0.000000	1.000000	1.000000	1.000000	1.000000	1.000000	1.000000	740.000000	740.000000	0.000000	82.000000	87.000000	-1.861016E-14	-6.348665E-8
3736014750.621339	1.208000	0.001000	-0.005000	-29.990000	-15.000000	5.400000	100.000000	17.000000	100.000000	4.180000	0.000000	0.000000	0.000000	0.000000	1	1	0.000000	1.000000	1.000000	1.000000	1.000000	1.000000	1.000000	740.000000	740.000000	0.000000	72.000000	80.000000	-1.861016E-14	-7.022749E-8
3736014757.371735	1.208000	0.001000	-0.005000	-29.990000	-15.000000	5.500000	100.000000	17.000000	100.000000	4.180000	0.000000	0.000000	0.000000	0.000000	1	1	0.000000	1.000000	1.000000	1.000000	1.000000	1.000000	1.000000	740.000000	740.000000	0.000000	86.000000	88.000000	-1.861016E-14	-1.014804E-7
3736014764.323235	1.208000	0.001000	-0.005000	-29.990000	-15.000000	5.600000	100.000000	17.000000	100.000000	4.180000	0.000000	0.000000	0.000000	0.000000	1	1	0.000000	1.000000	1.000000	1.000000	1.000000	1.000000	1.000000	740.000000	740.000000	0.000000	99.000000	76.000000	-1.861016E-14	-1.697056E-7
3736014771.246685	1.208000	0.001000	-0.005000	-29.990000	-15.000000	5.700000	100.000000	17.000000	100.000000	4.180000	0.000000	0.000000	0.000000	0.000000	1	1	0.000000	1.000000	1.000000	1.000000	1.000000	1.000000	1.000000	740.000000	740.000000	0.000000	86.000000	66.000000	-1.861016E-14	-2.996197E-7
3736014777.624928	1.208000	0.001000	-0.005000	-29.990000	-15.000000	5.800000	100.000000	17.000000	100.000000	4.180000	0.000000	0.000000	0.000000	0.000000	1	1	0.000000	1.000000	1.000000	1.000000	1.000000	1.000000	1.000000	740.000000	740.000000	0.000000	84.000000	46.000000	-1.861016E-14	-5.761974E-7
3736014783.841522	1.208000	0.001000	-0.005000	-29.990000	-15.000000	5.900000	100.000000	17.000000	100.000000	4.180000	0.000000	0.000000	0.000000	0.000000	1	1	0.000000	1.000000	1.000000	1.000000	1.000000	1.000000	1.000000	740.000000	740.000000	0.000000	87.000000	40.000000	-1.861016E-14	-1.040497E-6
3736014790.312693	1.208000	0.001000	-0.005000	-29.990000	-15.000000	6.000000	100.000000	17.000000	100.000000	4.180000	0.000000	0.000000	0.000000	0.000000	1	1	0.000000	1.000000	1.000000	1.000000	1.000000	1.000000	1.000000	740.000000	740.000000	0.000000	82.000000	37.000000	-1.861016E-14	-1.731329E-6
3736014796.773759	1.208000	0.001000	-0.005000	-29.990000	-15.000000	6.100000	100.000000	17.000000	100.000000	4.180000	0.000000	0.000000	0.000000	0.000000	1	1	0.000000	1.000000	1.000000	1.000000	1.000000	1.000000	1.000000	740.000000	740.000000	0.000000	65.000000	38.000000	-1.861016E-14	-2.574136E-6
3736014803.630929	1.208000	0.001000	-0.005000	-29.990000	-15.000000	6.200000	100.000000	17.000000	100.000000	4.180000	0.000000	0.000000	0.000000	0.000000	1	1	0.000000	1.000000	1.000000	1.000000	1.000000	1.000000	1.000000	740.000000	740.000000	0.000000	47.000000	29.000000	-1.861016E-14	-3.495790E-6
3736014808.875640	1.208000	0.001000	-0.005000	-29.990000	-15.000000	6.300000	100.000000	17.000000	100.000000	4.180000	0.000000	0.000000	0.000000	0.000000	1	1	0.000000	1.000000	1.000000	1.000000	1.000000	1.000000	1.000000	740.000000	740.000000	0.000000	31.000000	19.000000	-1.861016E-14	-4.355552E-6
3736014814.121881	1.208000	0.001000	-0.005000	-29.990000	-15.000000	6.400000	100.000000	17.000000	100.000000	4.180000	0.000000	0.000000	0.000000	0.000000	1	1	0.000000	1.000000	1.000000	1.000000	1.000000	1.000000	1.000000	740.000000	740.000000	0.000000	22.000000	15.000000	-1.861016E-14	-5.144227E-6
3736014819.366676	1.208000	0.001000	-0.005000	-29.990000	-15.000000	6.500000	100.000000	17.000000	100.000000	4.180000	0.000000	0.000000	0.000000	0.000000	1	1	0.000000	1.000000	1.000000	1.000000	1.000000	1.000000	1.000000	740.000000	740.000000	0.000000	19.000000	15.000000	-1.861016E-14	-5.848131E-6
3736014824.612030	1.208000	0.001000	-0.005000	-29.990000	-15.000000	6.600000	100.000000	17.000000	100.000000	4.180000	0.000000	0.000000	0.000000	0.000000	1	1	0.000000	1.000000	1.000000	1.000000	1.000000	1.000000	1.000000	740.000000	740.000000	0.000000	16.000000	6.000000	-1.861016E-14	-6.507097E-6
3736014829.856621	1.208000	0.001000	-0.005000	-29.990000	-15.000000	6.700000	100.000000	17.000000	100.000000	4.180000	0.000000	0.000000	0.000000	0.000000	1	1	0.000000	1.000000	1.000000	1.000000	1.000000	1.000000	1.000000	740.000000	740.000000	0.000000	24.000000	10.000000	-1.861016E-14	-7.107642E-6
3736014835.104745	1.208000	0.001000	-0.005000	-29.990000	-15.000000	6.800000	100.000000	17.000000	100.000000	4.180000	0.000000	0.000000	0.000000	0.000000	1	1	0.000000	1.000000	1.000000	1.000000	1.000000	1.000000	1.000000	740.000000	740.000000	0.000000	14.000000	7.000000	-1.861016E-14	-7.600338E-6
3736014840.355088	1.208000	0.001000	-0.005000	-29.990000	-15.000000	6.900000	100.000000	17.000000	100.000000	4.180000	0.000000	0.000000	0.000000	0.000000	1	1	0.000000	1.000000	1.000000	1.000000	1.000000	1.000000	1.000000	740.000000	740.000000	0.000000	22.000000	10.000000	-1.861016E-14	-7.928797E-6
3736014845.595958	1.208000	0.001000	-0.005000	-29.990000	-15.000000	7.000000	100.000000	17.000000	100.000000	4.180000	0.000000	0.000000	0.000000	0.000000	1	1	0.000000	1.000000	1.000000	1.000000	1.000000	1.000000	1.000000	740.000000	740.000000	0.000000	20.000000	8.000000	-1.861016E-14	-8.075868E-6
3736014850.824767	1.208000	0.001000	-0.005000	-29.990000	-15.000000	7.100000	100.000000	17.000000	100.000000	4.180000	0.000000	0.000000	0.000000	0.000000	1	1	0.000000	1.000000	1.000000	1.000000	1.000000	1.000000	1.000000	740.000000	740.000000	0.000000	22.000000	11.000000	-1.861016E-14	-8.111413E-6
3736014856.069048	1.208000	0.001000	-0.005000	-29.990000	-15.000000	7.200000	100.000000	17.000000	100.000000	4.180000	0.000000	0.000000	0.000000	0.000000	1	1	0.000000	1.000000	1.000000	1.000000	1.000000	1.000000	1.000000	740.000000	740.000000	0.000000	17.000000	12.000000	-1.861016E-14	-8.115091E-6
3736014861.309282	1.208000	0.001000	-0.005000	-29.990000	-15.000000	7.300000	100.000000	17.000000	100.000000	4.180000	0.000000	0.000000	0.000000	0.000000	1	1	0.000000	1.000000	1.000000	1.000000	1.000000	1.000000	1.000000	740.000000	740.000000	0.000000	16.000000	6.000000	-1.861016E-14	-8.086286E-6
3736014866.537830	1.208000	0.001000	-0.005000	-29.990000	-15.000000	7.400000	100.000000	17.000000	100.000000	4.180000	0.000000	0.000000	0.000000	0.000000	1	1	0.000000	1.000000	1.000000	1.000000	1.000000	1.000000	1.000000	740.000000	740.000000	0.000000	23.000000	13.000000	-1.861016E-14	-8.054218E-6
3736014871.775775	1.208000	0.001000	-0.005000	-29.990000	-15.000000	7.500000	100.000000	17.000000	100.000000	4.180000	0.000000	0.000000	0.000000	0.000000	1	1	0.000000	1.000000	1.000000	1.000000	1.000000	1.000000	1.000000	740.000000	740.000000	0.000000	16.000000	13.000000	-1.861016E-14	-8.020716E-6
3736014877.016163	1.208000	0.001000	-0.005000	-29.990000	-15.000000	7.600000	100.000000	17.000000	100.000000	4.180000	0.000000	0.000000	0.000000	0.000000	1	1	0.000000	1.000000	1.000000	1.000000	1.000000	1.000000	1.000000	740.000000	740.000000	0.000000	19.000000	4.000000	-1.861016E-14	-7.999266E-6
3736014882.281543	1.208000	0.001000	-0.005000	-29.990000	-15.000000	7.700000	100.000000	17.000000	100.000000	4.180000	0.000000	0.000000	0.000000	0.000000	1	1	0.000000	1.000000	1.000000	1.000000	1.000000	1.000000	1.000000	740.000000	740.000000	0.000000	18.000000	10.000000	-1.861016E-14	-7.968224E-6
3736014887.517176	1.208000	0.001000	-0.005000	-29.990000	-15.000000	7.800000	100.000000	17.000000	100.000000	4.180000	0.000000	0.000000	0.000000	0.000000	1	1	0.000000	1.000000	1.000000	1.000000	1.000000	1.000000	1.000000	740.000000	740.000000	0.000000	18.000000	16.000000	-1.861016E-14	-7.939215E-6
3736014892.740517	1.208000	0.001000	-0.005000	-29.990000	-15.000000	7.900000	100.000000	17.000000	100.000000	4.180000	0.000000	0.000000	0.000000	0.000000	1	1	0.000000	1.000000	1.000000	1.000000	1.000000	1.000000	1.000000	740.000000	740.000000	0.000000	17.000000	12.000000	-1.861016E-14	-7.915113E-6
3736014897.968000	1.208000	0.001000	-0.005000	-29.990000	-15.000000	8.000000	100.000000	17.000000	100.000000	4.180000	0.000000	0.000000	0.000000	0.000000	1	1	0.000000	1.000000	1.000000	1.000000	1.000000	1.000000	1.000000	740.000000	740.000000	0.000000	21.000000	14.000000	-1.861016E-14	-7.896931E-6
3736014903.212403	1.208000	0.001000	-0.005000	-29.990000	-15.000000	8.100000	100.000000	17.000000	100.000000	4.180000	0.000000	0.000000	0.000000	0.000000	1	1	0.000000	1.000000	1.000000	1.000000	1.000000	1.000000	1.000000	740.000000	740.000000	0.000000	13.000000	11.000000	-1.861016E-14	-7.880180E-6
3736014908.457168	1.208000	0.001000	-0.005000	-29.990000	-15.000000	8.200000	100.000000	17.000000	100.000000	4.180000	0.000000	0.000000	0.000000	0.000000	1	1	0.000000	1.000000	1.000000	1.000000	1.000000	1.000000	1.000000	740.000000	740.000000	0.000000	18.000000	6.000000	-1.861016E-14	-7.862818E-6
3736014913.720370	1.208000	0.001000	-0.005000	-29.990000	-15.000000	8.300000	100.000000	17.000000	100.000000	4.180000	0.000000	0.000000	0.000000	0.000000	1	1	0.000000	1.000000	1.000000	1.000000	1.000000	1.000000	1.000000	740.000000	740.000000	0.000000	16.000000	8.000000	-1.861016E-14	-7.851176E-6
3736014918.959140	1.208000	0.001000	-0.005000	-29.990000	-15.000000	8.400000	100.000000	17.000000	100.000000	4.180000	0.000000	0.000000	0.000000	0.000000	1	1	0.000000	1.000000	1.000000	1.000000	1.000000	1.000000	1.000000	740.000000	740.000000	0.000000	15.000000	10.000000	-1.861016E-14	-7.843823E-6
3736014924.192839	1.208000	0.001000	-0.005000	-29.990000	-15.000000	8.500000	100.000000	17.000000	100.000000	4.180000	0.000000	0.000000	0.000000	0.000000	1	1	0.000000	1.000000	1.000000	1.000000	1.000000	1.000000	1.000000	740.000000	740.000000	0.000000	9.000000	7.000000	-1.861016E-14	-7.837694E-6
3736014929.448316	1.208000	0.001000	-0.005000	-29.990000	-15.000000	8.600000	100.000000	17.000000	100.000000	4.180000	0.000000	0.000000	0.000000	0.000000	1	1	0.000000	1.000000	1.000000	1.000000	1.000000	1.000000	1.000000	740.000000	740.000000	0.000000	19.000000	7.000000	-1.861016E-14	-7.841167E-6
3736014934.672333	1.208000	0.001000	-0.005000	-29.990000	-15.000000	8.700000	100.000000	17.000000	100.000000	4.180000	0.000000	0.000000	0.000000	0.000000	1	1	0.000000	1.000000	1.000000	1.000000	1.000000	1.000000	1.000000	740.000000	740.000000	0.000000	18.000000	10.000000	-1.861016E-14	-7.838102E-6
3736014939.920820	1.208000	0.001000	-0.005000	-29.990000	-15.000000	8.800000	100.000000	17.000000	100.000000	4.180000	0.000000	0.000000	0.000000	0.000000	1	1	0.000000	1.000000	1.000000	1.000000	1.000000	1.000000	1.000000	740.000000	740.000000	0.000000	20.000000	18.000000	-1.861016E-14	-7.847092E-6
3736014945.165477	1.208000	0.001000	-0.005000	-29.990000	-15.000000	8.900000	100.000000	17.000000	100.000000	4.180000	0.000000	0.000000	0.000000	0.000000	1	1	0.000000	1.000000	1.000000	1.000000	1.000000	1.000000	1.000000	740.000000	740.000000	0.000000	16.000000	16.000000	-1.861016E-14	-7.862205E-6
3736014950.395553	1.208000	0.001000	-0.005000	-29.990000	-15.000000	9.000000	100.000000	17.000000	100.000000	4.180000	0.000000	0.000000	0.000000	0.000000	1	1	0.000000	1.000000	1.000000	1.000000	1.000000	1.000000	1.000000	740.000000	740.000000	0.000000	12.000000	13.000000	-1.861016E-14	-7.880997E-6
3736014955.641305	1.208000	0.001000	-0.005000	-29.990000	-15.000000	9.100000	100.000000	17.000000	100.000000	4.180000	0.000000	0.000000	0.000000	0.000000	1	1	0.000000	1.000000	1.000000	1.000000	1.000000	1.000000	1.000000	740.000000	740.000000	0.000000	11.000000	8.000000	-1.861016E-14	-7.901014E-6
3736014960.883826	1.208000	0.001000	-0.005000	-29.990000	-15.000000	9.200000	100.000000	17.000000	100.000000	4.180000	0.000000	0.000000	0.000000	0.000000	1	1	0.000000	1.000000	1.000000	1.000000	1.000000	1.000000	1.000000	740.000000	740.000000	0.000000	11.000000	8.000000	-1.861016E-14	-7.928797E-6
3736014966.114196	1.208000	0.001000	-0.005000	-29.990000	-15.000000	9.300000	100.000000	17.000000	100.000000	4.180000	0.000000	0.000000	0.000000	0.000000	1	1	0.000000	1.000000	1.000000	1.000000	1.000000	1.000000	1.000000	740.000000	740.000000	0.000000	9.000000	12.000000	-1.861016E-14	-7.966585E-6
3736014971.354201	1.208000	0.001000	-0.005000	-29.990000	-15.000000	9.400000	100.000000	17.000000	100.000000	4.180000	0.000000	0.000000	0.000000	0.000000	1	1	0.000000	1.000000	1.000000	1.000000	1.000000	1.000000	1.000000	740.000000	740.000000	0.000000	15.000000	6.000000	-1.861016E-14	-7.997021E-6
3736014976.597515	1.208000	0.001000	-0.005000	-29.990000	-15.000000	9.500000	100.000000	17.000000	100.000000	4.180000	0.000000	0.000000	0.000000	0.000000	1	1	0.000000	1.000000	1.000000	1.000000	1.000000	1.000000	1.000000	740.000000	740.000000	0.000000	11.000000	7.000000	-1.861016E-14	-8.030520E-6
3736014981.840678	1.208000	0.001000	-0.005000	-29.990000	-15.000000	9.600000	100.000000	17.000000	100.000000	4.180000	0.000000	0.000000	0.000000	0.000000	1	1	0.000000	1.000000	1.000000	1.000000	1.000000	1.000000	1.000000	740.000000	740.000000	0.000000	11.000000	5.000000	-1.861016E-14	-8.067695E-6
3736014987.077707	1.208000	0.001000	-0.005000	-29.990000	-15.000000	9.700000	100.000000	17.000000	100.000000	4.180000	0.000000	0.000000	0.000000	0.000000	1	1	0.000000	1.000000	1.000000	1.000000	1.000000	1.000000	1.000000	740.000000	740.000000	0.000000	5.000000	13.000000	-1.861016E-14	-8.099360E-6
3736014992.342821	1.208000	0.001000	-0.005000	-29.990000	-15.000000	9.800000	100.000000	17.000000	100.000000	4.180000	0.000000	0.000000	0.000000	0.000000	1	1	0.000000	1.000000	1.000000	1.000000	1.000000	1.000000	1.000000	740.000000	740.000000	0.000000	10.000000	8.000000	-1.861016E-14	-8.136535E-6
3736014997.604809	1.208000	0.001000	-0.005000	-29.990000	-15.000000	9.900000	100.000000	17.000000	100.000000	4.180000	0.000000	0.000000	0.000000	0.000000	1	1	0.000000	1.000000	1.000000	1.000000	1.000000	1.000000	1.000000	740.000000	740.000000	0.000000	9.000000	12.000000	-1.861016E-14	-8.179228E-6
3736015002.834392	1.208000	0.001000	-0.005000	-29.990000	-15.000000	10.000000	100.000000	17.000000	100.000000	4.180000	0.000000	0.000000	0.000000	0.000000	1	1	0.000000	1.000000	1.000000	1.000000	1.000000	1.000000	1.000000	740.000000	740.000000	0.000000	15.000000	4.000000	-1.861016E-14	-8.219468E-6
3736015008.084955	1.208000	0.001000	-0.005000	-29.990000	-15.000000	10.100000	100.000000	17.000000	100.000000	4.180000	0.000000	0.000000	0.000000	0.000000	1	1	0.000000	1.000000	1.000000	1.000000	1.000000	1.000000	1.000000	740.000000	740.000000	0.000000	15.000000	6.000000	-1.861016E-14	-8.258688E-6
3736015013.312270	1.208000	0.001000	-0.005000	-29.990000	-15.000000	10.200000	100.000000	17.000000	100.000000	4.180000	0.000000	0.000000	0.000000	0.000000	1	1	0.000000	1.000000	1.000000	1.000000	1.000000	1.000000	1.000000	740.000000	740.000000	0.000000	13.000000	6.000000	-1.861016E-14	-8.305872E-6
3736015018.557187	1.208000	0.001000	-0.005000	-29.990000	-15.000000	10.300000	100.000000	17.000000	100.000000	4.180000	0.000000	0.000000	0.000000	0.000000	1	1	0.000000	1.000000	1.000000	1.000000	1.000000	1.000000	1.000000	740.000000	740.000000	0.000000	11.000000	10.000000	-1.861016E-14	-8.345500E-6
3736015023.805848	1.208000	0.001000	-0.005000	-29.990000	-15.000000	10.400000	100.000000	17.000000	100.000000	4.180000	0.000000	0.000000	0.000000	0.000000	1	1	0.000000	1.000000	1.000000	1.000000	1.000000	1.000000	1.000000	740.000000	740.000000	0.000000	4.000000	5.000000	-1.861016E-14	-8.383699E-6
3736015029.019270	1.208000	0.001000	-0.005000	-29.990000	-15.000000	10.500000	100.000000	17.000000	100.000000	4.180000	0.000000	0.000000	0.000000	0.000000	1	1	0.000000	1.000000	1.000000	1.000000	1.000000	1.000000	1.000000	740.000000	740.000000	0.000000	12.000000	13.000000	-1.861016E-14	-8.435990E-6
3736015034.263874	1.208000	0.001000	-0.005000	-29.990000	-15.000000	10.600000	100.000000	17.000000	100.000000	4.180000	0.000000	0.000000	0.000000	0.000000	1	1	0.000000	1.000000	1.000000	1.000000	1.000000	1.000000	1.000000	740.000000	740.000000	0.000000	15.000000	8.000000	-1.861016E-14	-8.462136E-6
3736015039.485775	1.208000	0.001000	-0.005000	-29.990000	-15.000000	10.700000	100.000000	17.000000	100.000000	4.180000	0.000000	0.000000	0.000000	0.000000	1	1	0.000000	1.000000	1.000000	1.000000	1.000000	1.000000	1.000000	740.000000	740.000000	0.000000	8.000000	2.000000	-1.861016E-14	-8.500948E-6
3736015044.736301	1.208000	0.001000	-0.005000	-29.990000	-15.000000	10.800000	100.000000	17.000000	100.000000	4.180000	0.000000	0.000000	0.000000	0.000000	1	1	0.000000	1.000000	1.000000	1.000000	1.000000	1.000000	1.000000	740.000000	740.000000	0.000000	8.000000	12.000000	-1.861016E-14	-8.524849E-6
3736015049.974323	1.208000	0.001000	-0.005000	-29.990000	-15.000000	10.900000	100.000000	17.000000	100.000000	4.180000	0.000000	0.000000	0.000000	0.000000	1	1	0.000000	1.000000	1.000000	1.000000	1.000000	1.000000	1.000000	740.000000	740.000000	0.000000	13.000000	10.000000	-1.861016E-14	-8.546500E-6
3736015055.192782	1.208000	0.001000	-0.005000	-29.990000	-15.000000	11.000000	100.000000	17.000000	100.000000	4.180000	0.000000	0.000000	0.000000	0.000000	1	1	0.000000	1.000000	1.000000	1.000000	1.000000	1.000000	1.000000	740.000000	740.000000	0.000000	12.000000	2.000000	-1.861016E-14	-8.571625E-6
3736015060.423682	1.208000	0.001000	-0.005000	-29.990000	-15.000000	11.100000	100.000000	17.000000	100.000000	4.180000	0.000000	0.000000	0.000000	0.000000	1	1	0.000000	1.000000	1.000000	1.000000	1.000000	1.000000	1.000000	740.000000	740.000000	0.000000	7.000000	6.000000	-1.861016E-14	-8.594506E-6
3736015065.683860	1.208000	0.001000	-0.005000	-29.990000	-15.000000	11.200000	100.000000	17.000000	100.000000	4.180000	0.000000	0.000000	0.000000	0.000000	1	1	0.000000	1.000000	1.000000	1.000000	1.000000	1.000000	1.000000	740.000000	740.000000	0.000000	10.000000	3.000000	-1.861016E-14	-8.609414E-6
3736015070.911510	1.208000	0.001000	-0.005000	-29.990000	-15.000000	11.300000	100.000000	17.000000	100.000000	4.180000	0.000000	0.000000	0.000000	0.000000	1	1	0.000000	1.000000	1.000000	1.000000	1.000000	1.000000	1.000000	740.000000	740.000000	0.000000	11.000000	5.000000	-1.861016E-14	-8.623914E-6
3736015076.152403	1.208000	0.001000	-0.005000	-29.990000	-15.000000	11.400000	100.000000	17.000000	100.000000	4.180000	0.000000	0.000000	0.000000	0.000000	1	1	0.000000	1.000000	1.000000	1.000000	1.000000	1.000000	1.000000	740.000000	740.000000	0.000000	11.000000	8.000000	-1.861016E-14	-8.635559E-6
3736015081.391385	1.208000	0.001000	-0.005000	-29.990000	-15.000000	11.500000	100.000000	17.000000	100.000000	4.180000	0.000000	0.000000	0.000000	0.000000	1	1	0.000000	1.000000	1.000000	1.000000	1.000000	1.000000	1.000000	740.000000	740.000000	0.000000	15.000000	5.000000	-1.861016E-14	-8.648020E-6
3736015086.617289	1.208000	0.001000	-0.005000	-29.990000	-15.000000	11.600000	100.000000	17.000000	100.000000	4.180000	0.000000	0.000000	0.000000	0.000000	1	1	0.000000	1.000000	1.000000	1.000000	1.000000	1.000000	1.000000	740.000000	740.000000	0.000000	16.000000	4.000000	-1.861016E-14	-8.658641E-6
3736015091.848047	1.208000	0.001000	-0.005000	-29.990000	-15.000000	11.700000	100.000000	17.000000	100.000000	4.180000	0.000000	0.000000	0.000000	0.000000	1	1	0.000000	1.000000	1.000000	1.000000	1.000000	1.000000	1.000000	740.000000	740.000000	0.000000	24.000000	6.000000	-1.861016E-14	-8.671309E-6
3736015097.083790	1.208000	0.001000	-0.005000	-29.990000	-15.000000	11.800000	100.000000	17.000000	100.000000	4.180000	0.000000	0.000000	0.000000	0.000000	1	1	0.000000	1.000000	1.000000	1.000000	1.000000	1.000000	1.000000	740.000000	740.000000	0.000000	13.000000	6.000000	-1.861016E-14	-8.681929E-6
3736015102.322808	1.208000	0.001000	-0.005000	-29.990000	-15.000000	11.900000	100.000000	17.000000	100.000000	4.180000	0.000000	0.000000	0.000000	0.000000	1	1	0.000000	1.000000	1.000000	1.000000	1.000000	1.000000	1.000000	740.000000	740.000000	0.000000	11.000000	8.000000	-1.861016E-14	-8.688669E-6
3736015107.555114	1.208000	0.001000	-0.005000	-29.990000	-15.000000	12.000000	100.000000	17.000000	100.000000	4.180000	0.000000	0.000000	0.000000	0.000000	1	1	0.000000	1.000000	1.000000	1.000000	1.000000	1.000000	1.000000	740.000000	740.000000	0.000000	24.000000	9.000000	-1.861016E-14	-8.699291E-6
3736015112.816717	1.208000	0.001000	-0.005000	-29.990000	-15.000000	12.100000	100.000000	17.000000	100.000000	4.180000	0.000000	0.000000	0.000000	0.000000	1	1	0.000000	1.000000	1.000000	1.000000	1.000000	1.000000	1.000000	740.000000	740.000000	0.000000	20.000000	4.000000	-1.861016E-14	-8.709299E-6
3736015118.046445	1.208000	0.001000	-0.005000	-29.990000	-15.000000	12.200000	100.000000	17.000000	100.000000	4.180000	0.000000	0.000000	0.000000	0.000000	1	1	0.000000	1.000000	1.000000	1.000000	1.000000	1.000000	1.000000	740.000000	740.000000	0.000000	21.000000	2.000000	-1.861016E-14	-8.712771E-6
3736015123.269905	1.208000	0.001000	-0.005000	-29.990000	-15.000000	12.300000	100.000000	17.000000	100.000000	4.180000	0.000000	0.000000	0.000000	0.000000	1	1	0.000000	1.000000	1.000000	1.000000	1.000000	1.000000	1.000000	740.000000	740.000000	0.000000	23.000000	5.000000	-1.861016E-14	-8.717268E-6
3736015128.498950	1.208000	0.001000	-0.005000	-29.990000	-15.000000	12.400000	100.000000	17.000000	100.000000	4.180000	0.000000	0.000000	0.000000	0.000000	1	1	0.000000	1.000000	1.000000	1.000000	1.000000	1.000000	1.000000	740.000000	740.000000	0.000000	20.000000	4.000000	-1.861016E-14	-8.730950E-6
3736015133.722946	1.208000	0.001000	-0.005000	-29.990000	-15.000000	12.500000	100.000000	17.000000	100.000000	4.180000	0.000000	0.000000	0.000000	0.000000	1	1	0.000000	1.000000	1.000000	1.000000	1.000000	1.000000	1.000000	740.000000	740.000000	0.000000	32.000000	8.000000	-1.861016E-14	-8.734426E-6
3736015138.958540	1.208000	0.001000	-0.005000	-29.990000	-15.000000	12.600000	100.000000	17.000000	100.000000	4.180000	0.000000	0.000000	0.000000	0.000000	1	1	0.000000	1.000000	1.000000	1.000000	1.000000	1.000000	1.000000	740.000000	740.000000	0.000000	32.000000	7.000000	-1.861016E-14	-8.747084E-6
3736015144.183418	1.208000	0.001000	-0.005000	-29.990000	-15.000000	12.700000	100.000000	17.000000	100.000000	4.180000	0.000000	0.000000	0.000000	0.000000	1	1	0.000000	1.000000	1.000000	1.000000	1.000000	1.000000	1.000000	740.000000	740.000000	0.000000	31.000000	5.000000	-1.861016E-14	-8.741368E-6
3736015149.427296	1.208000	0.001000	-0.005000	-29.990000	-15.000000	12.800000	100.000000	17.000000	100.000000	4.180000	0.000000	0.000000	0.000000	0.000000	1	1	0.000000	1.000000	1.000000	1.000000	1.000000	1.000000	1.000000	740.000000	740.000000	0.000000	30.000000	4.000000	-1.861016E-14	-8.748111E-6
3736015154.667429	1.208000	0.001000	-0.005000	-29.990000	-15.000000	12.900000	100.000000	17.000000	100.000000	4.180000	0.000000	0.000000	0.000000	0.000000	1	1	0.000000	1.000000	1.000000	1.000000	1.000000	1.000000	1.000000	740.000000	740.000000	0.000000	29.000000	5.000000	-1.861016E-14	-8.758937E-6
3736015159.906731	1.208000	0.001000	-0.005000	-29.990000	-15.000000	13.000000	100.000000	17.000000	100.000000	4.180000	0.000000	0.000000	0.000000	0.000000	1	1	0.000000	1.000000	1.000000	1.000000	1.000000	1.000000	1.000000	740.000000	740.000000	0.000000	22.000000	7.000000	-1.861016E-14	-8.763430E-6
3736015165.151170	1.208000	0.001000	-0.005000	-29.990000	-15.000000	13.100000	100.000000	17.000000	100.000000	4.180000	0.000000	0.000000	0.000000	0.000000	1	1	0.000000	1.000000	1.000000	1.000000	1.000000	1.000000	1.000000	740.000000	740.000000	0.000000	34.000000	4.000000	-1.861016E-14	-8.769355E-6
3736015170.367869	1.208000	0.001000	-0.005000	-29.990000	-15.000000	13.200000	100.000000	17.000000	100.000000	4.180000	0.000000	0.000000	0.000000	0.000000	1	1	0.000000	1.000000	1.000000	1.000000	1.000000	1.000000	1.000000	740.000000	740.000000	0.000000	32.000000	3.000000	-1.861016E-14	-8.769353E-6
3736015175.607938	1.208000	0.001000	-0.005000	-29.990000	-15.000000	13.300000	100.000000	17.000000	100.000000	4.180000	0.000000	0.000000	0.000000	0.000000	1	1	0.000000	1.000000	1.000000	1.000000	1.000000	1.000000	1.000000	740.000000	740.000000	0.000000	21.000000	5.000000	-1.861016E-14	-8.771603E-6
3736015180.858160	1.208000	0.001000	-0.005000	-29.990000	-15.000000	13.400000	100.000000	17.000000	100.000000	4.180000	0.000000	0.000000	0.000000	0.000000	1	1	0.000000	1.000000	1.000000	1.000000	1.000000	1.000000	1.000000	740.000000	740.000000	0.000000	30.000000	6.000000	-1.861016E-14	-8.784470E-6
3736015186.083437	1.208000	0.001000	-0.005000	-29.990000	-15.000000	13.500000	100.000000	17.000000	100.000000	4.180000	0.000000	0.000000	0.000000	0.000000	1	1	0.000000	1.000000	1.000000	1.000000	1.000000	1.000000	1.000000	740.000000	740.000000	0.000000	32.000000	5.000000	-1.861016E-14	-8.784265E-6
3736015191.325558	1.208000	0.001000	-0.005000	-29.990000	-15.000000	13.600000	100.000000	17.000000	100.000000	4.180000	0.000000	0.000000	0.000000	0.000000	1	1	0.000000	1.000000	1.000000	1.000000	1.000000	1.000000	1.000000	740.000000	740.000000	0.000000	34.000000	11.000000	-1.861016E-14	-8.787534E-6
3736015196.547143	1.208000	0.001000	-0.005000	-29.990000	-15.000000	13.700000	100.000000	17.000000	100.000000	4.180000	0.000000	0.000000	0.000000	0.000000	1	1	0.000000	1.000000	1.000000	1.000000	1.000000	1.000000	1.000000	740.000000	740.000000	0.000000	34.000000	6.000000	-1.861016E-14	-8.790394E-6
3736015201.755490	1.208000	0.001000	-0.005000	-29.990000	-15.000000	13.800000	100.000000	17.000000	100.000000	4.180000	0.000000	0.000000	0.000000	0.000000	1	1	0.000000	1.000000	1.000000	1.000000	1.000000	1.000000	1.000000	740.000000	740.000000	0.000000	30.000000	5.000000	-1.861016E-14	-8.790188E-6
3736015206.987392	1.208000	0.001000	-0.005000	-29.990000	-15.000000	13.900000	100.000000	17.000000	100.000000	4.180000	0.000000	0.000000	0.000000	0.000000	1	1	0.000000	1.000000	1.000000	1.000000	1.000000	1.000000	1.000000	740.000000	740.000000	0.000000	46.000000	4.000000	-1.861016E-14	-8.799586E-6
3736015212.186949	1.208000	0.001000	-0.005000	-29.990000	-15.000000	14.000000	100.000000	17.000000	100.000000	4.180000	0.000000	0.000000	0.000000	0.000000	1	1	0.000000	1.000000	1.000000	1.000000	1.000000	1.000000	1.000000	740.000000	740.000000	0.000000	31.000000	7.000000	-1.861016E-14	-8.803262E-6
3736015217.435851	1.208000	0.001000	-0.005000	-29.990000	-15.000000	14.100000	100.000000	17.000000	100.000000	4.180000	0.000000	0.000000	0.000000	0.000000	1	1	0.000000	1.000000	1.000000	1.000000	1.000000	1.000000	1.000000	740.000000	740.000000	0.000000	33.000000	8.000000	-1.861016E-14	-8.802649E-6
3736015222.668956	1.208000	0.001000	-0.005000	-29.990000	-15.000000	14.200000	100.000000	17.000000	100.000000	4.180000	0.000000	0.000000	0.000000	0.000000	1	1	0.000000	1.000000	1.000000	1.000000	1.000000	1.000000	1.000000	740.000000	740.000000	0.000000	39.000000	7.000000	-1.861016E-14	-8.805509E-6
3736015227.913599	1.208000	0.001000	-0.005000	-29.990000	-15.000000	14.300000	100.000000	17.000000	100.000000	4.180000	0.000000	0.000000	0.000000	0.000000	1	1	0.000000	1.000000	1.000000	1.000000	1.000000	1.000000	1.000000	740.000000	740.000000	0.000000	52.000000	6.000000	-1.861016E-14	-8.816131E-6
3736015233.137892	1.208000	0.001000	-0.005000	-29.990000	-15.000000	14.400000	100.000000	17.000000	100.000000	4.180000	0.000000	0.000000	0.000000	0.000000	1	1	0.000000	1.000000	1.000000	1.000000	1.000000	1.000000	1.000000	740.000000	740.000000	0.000000	37.000000	6.000000	-1.861016E-14	-8.806530E-6
3736015238.363434	1.208000	0.001000	-0.005000	-29.990000	-15.000000	14.500000	100.000000	17.000000	100.000000	4.180000	0.000000	0.000000	0.000000	0.000000	1	1	0.000000	1.000000	1.000000	1.000000	1.000000	1.000000	1.000000	740.000000	740.000000	0.000000	28.000000	7.000000	-1.861016E-14	-8.811026E-6
3736015243.630720	1.208000	0.001000	-0.005000	-29.990000	-15.000000	14.600000	100.000000	17.000000	100.000000	4.180000	0.000000	0.000000	0.000000	0.000000	1	1	0.000000	1.000000	1.000000	1.000000	1.000000	1.000000	1.000000	740.000000	740.000000	0.000000	56.000000	6.000000	-1.861016E-14	-8.815721E-6
3736015248.859895	1.208000	0.001000	-0.005000	-29.990000	-15.000000	14.700000	100.000000	17.000000	100.000000	4.180000	0.000000	0.000000	0.000000	0.000000	1	1	0.000000	1.000000	1.000000	1.000000	1.000000	1.000000	1.000000	740.000000	740.000000	0.000000	50.000000	5.000000	-1.861016E-14	-8.817357E-6
3736015254.116673	1.208000	0.001000	-0.005000	-29.990000	-15.000000	14.800000	100.000000	17.000000	100.000000	4.180000	0.000000	0.000000	0.000000	0.000000	1	1	0.000000	1.000000	1.000000	1.000000	1.000000	1.000000	1.000000	740.000000	740.000000	0.000000	39.000000	3.000000	-1.861016E-14	-8.820831E-6
3736015259.345986	1.208000	0.001000	-0.005000	-29.990000	-15.000000	14.900000	100.000000	17.000000	100.000000	4.180000	0.000000	0.000000	0.000000	0.000000	1	1	0.000000	1.000000	1.000000	1.000000	1.000000	1.000000	1.000000	740.000000	740.000000	0.000000	47.000000	5.000000	-1.861016E-14	-8.818991E-6
3736015264.585274	1.208000	0.001000	-0.005000	-29.990000	-15.000000	15.000000	100.000000	17.000000	100.000000	4.180000	0.000000	0.000000	0.000000	0.000000	1	1	0.000000	1.000000	1.000000	1.000000	1.000000	1.000000	1.000000	740.000000	740.000000	0.000000	22.000000	11.000000	-1.861016E-14	-8.820016E-6
3736015269.825930	1.208000	0.001000	-0.005000	-29.990000	-15.000000	15.100000	100.000000	17.000000	100.000000	4.180000	0.000000	0.000000	0.000000	0.000000	1	1	0.000000	1.000000	1.000000	1.000000	1.000000	1.000000	1.000000	740.000000	740.000000	0.000000	60.000000	7.000000	-1.861016E-14	-8.829612E-6
3736015275.046044	1.208000	0.001000	-0.005000	-29.990000	-15.000000	15.200000	100.000000	17.000000	100.000000	4.180000	0.000000	0.000000	0.000000	0.000000	1	1	0.000000	1.000000	1.000000	1.000000	1.000000	1.000000	1.000000	740.000000	740.000000	0.000000	53.000000	10.000000	-1.861016E-14	-8.828183E-6
3736015280.296965	1.208000	0.001000	-0.005000	-29.990000	-15.000000	15.300000	100.000000	17.000000	100.000000	4.180000	0.000000	0.000000	0.000000	0.000000	1	1	0.000000	1.000000	1.000000	1.000000	1.000000	1.000000	1.000000	740.000000	740.000000	0.000000	41.000000	6.000000	-1.861016E-14	-8.824917E-6
3736015285.532894	1.208000	0.001000	-0.005000	-29.990000	-15.000000	15.400000	100.000000	17.000000	100.000000	4.180000	0.000000	0.000000	0.000000	0.000000	1	1	0.000000	1.000000	1.000000	1.000000	1.000000	1.000000	1.000000	740.000000	740.000000	0.000000	51.000000	9.000000	-1.861016E-14	-8.831043E-6
3736015290.775615	1.208000	0.001000	-0.005000	-29.990000	-15.000000	15.500000	100.000000	17.000000	100.000000	4.180000	0.000000	0.000000	0.000000	0.000000	1	1	0.000000	1.000000	1.000000	1.000000	1.000000	1.000000	1.000000	740.000000	740.000000	0.000000	45.000000	10.000000	-1.861016E-14	-8.831043E-6
3736015295.993697	1.208000	0.001000	-0.005000	-29.990000	-15.000000	15.600000	100.000000	17.000000	100.000000	4.180000	0.000000	0.000000	0.000000	0.000000	1	1	0.000000	1.000000	1.000000	1.000000	1.000000	1.000000	1.000000	740.000000	740.000000	0.000000	40.000000	10.000000	-1.861016E-14	-8.830431E-6
3736015301.238611	1.208000	0.001000	-0.005000	-29.990000	-15.000000	15.700000	100.000000	17.000000	100.000000	4.180000	0.000000	0.000000	0.000000	0.000000	1	1	0.000000	1.000000	1.000000	1.000000	1.000000	1.000000	1.000000	740.000000	740.000000	0.000000	40.000000	10.000000	-1.861016E-14	-8.827367E-6
3736015306.484452	1.208000	0.001000	-0.005000	-29.990000	-15.000000	15.800000	100.000000	17.000000	100.000000	4.180000	0.000000	0.000000	0.000000	0.000000	1	1	0.000000	1.000000	1.000000	1.000000	1.000000	1.000000	1.000000	740.000000	740.000000	0.000000	45.000000	9.000000	-1.861016E-14	-8.827980E-6
3736015311.717362	1.208000	0.001000	-0.005000	-29.990000	-15.000000	15.900000	100.000000	17.000000	100.000000	4.180000	0.000000	0.000000	0.000000	0.000000	1	1	0.000000	1.000000	1.000000	1.000000	1.000000	1.000000	1.000000	740.000000	740.000000	0.000000	40.000000	6.000000	-1.861016E-14	-8.828999E-6
3736015316.950453	1.208000	0.001000	-0.005000	-29.990000	-15.000000	16.000000	100.000000	17.000000	100.000000	4.180000	0.000000	0.000000	0.000000	0.000000	1	1	0.000000	1.000000	1.000000	1.000000	1.000000	1.000000	1.000000	740.000000	740.000000	0.000000	43.000000	6.000000	-1.861016E-14	-8.823485E-6
3736015322.184647	1.208000	0.001000	-0.005000	-29.990000	-15.000000	16.100000	100.000000	17.000000	100.000000	4.180000	0.000000	0.000000	0.000000	0.000000	1	1	0.000000	1.000000	1.000000	1.000000	1.000000	1.000000	1.000000	740.000000	740.000000	0.000000	59.000000	7.000000	-1.861016E-14	-8.827774E-6
3736015327.419488	1.208000	0.001000	-0.005000	-29.990000	-15.000000	16.200000	100.000000	17.000000	100.000000	4.180000	0.000000	0.000000	0.000000	0.000000	1	1	0.000000	1.000000	1.000000	1.000000	1.000000	1.000000	1.000000	740.000000	740.000000	0.000000	49.000000	6.000000	-1.861016E-14	-8.832269E-6
3736015332.654055	1.208000	0.001000	-0.005000	-29.990000	-15.000000	16.300000	100.000000	17.000000	100.000000	4.180000	0.000000	0.000000	0.000000	0.000000	1	1	0.000000	1.000000	1.000000	1.000000	1.000000	1.000000	1.000000	740.000000	740.000000	0.000000	40.000000	10.000000	-1.861016E-14	-8.825937E-6
3736015337.902647	1.208000	0.001000	-0.005000	-29.990000	-15.000000	16.400000	100.000000	17.000000	100.000000	4.180000	0.000000	0.000000	0.000000	0.000000	1	1	0.000000	1.000000	1.000000	1.000000	1.000000	1.000000	1.000000	740.000000	740.000000	0.000000	52.000000	8.000000	-1.861016E-14	-8.825120E-6
3736015343.139207	1.208000	0.001000	-0.005000	-29.990000	-15.000000	16.500000	100.000000	17.000000	100.000000	4.180000	0.000000	0.000000	0.000000	0.000000	1	1	0.000000	1.000000	1.000000	1.000000	1.000000	1.000000	1.000000	740.000000	740.000000	0.000000	49.000000	6.000000	-1.861016E-14	-8.826139E-6
3736015348.387672	1.208000	0.001000	-0.005000	-29.990000	-15.000000	16.600000	100.000000	17.000000	100.000000	4.180000	0.000000	0.000000	0.000000	0.000000	1	1	0.000000	1.000000	1.000000	1.000000	1.000000	1.000000	1.000000	740.000000	740.000000	0.000000	47.000000	10.000000	-1.861016E-14	-8.824913E-6
3736015353.656178	1.208000	0.001000	-0.005000	-29.990000	-15.000000	16.700000	100.000000	17.000000	100.000000	4.180000	0.000000	0.000000	0.000000	0.000000	1	1	0.000000	1.000000	1.000000	1.000000	1.000000	1.000000	1.000000	740.000000	740.000000	0.000000	42.000000	7.000000	-1.861016E-14	-8.829409E-6
3736015358.907071	1.208000	0.001000	-0.005000	-29.990000	-15.000000	16.800000	100.000000	17.000000	100.000000	4.180000	0.000000	0.000000	0.000000	0.000000	1	1	0.000000	1.000000	1.000000	1.000000	1.000000	1.000000	1.000000	740.000000	740.000000	0.000000	49.000000	6.000000	-1.861016E-14	-8.814292E-6
3736015364.144594	1.208000	0.001000	-0.005000	-29.990000	-15.000000	16.900000	100.000000	17.000000	100.000000	4.180000	0.000000	0.000000	0.000000	0.000000	1	1	0.000000	1.000000	1.000000	1.000000	1.000000	1.000000	1.000000	740.000000	740.000000	0.000000	67.000000	16.000000	-1.861016E-14	-8.816947E-6
3736015369.380937	1.208000	0.001000	-0.005000	-29.990000	-15.000000	17.000000	100.000000	17.000000	100.000000	4.180000	0.000000	0.000000	0.000000	0.000000	1	1	0.000000	1.000000	1.000000	1.000000	1.000000	1.000000	1.000000	740.000000	740.000000	0.000000	33.000000	8.000000	-1.861016E-14	-8.811434E-6
3736015374.601690	1.208000	0.001000	-0.005000	-29.990000	-15.000000	17.100000	100.000000	17.000000	100.000000	4.180000	0.000000	0.000000	0.000000	0.000000	1	1	0.000000	1.000000	1.000000	1.000000	1.000000	1.000000	1.000000	740.000000	740.000000	0.000000	63.000000	15.000000	-1.861016E-14	-8.806736E-6
3736015379.831345	1.208000	0.001000	-0.005000	-29.990000	-15.000000	17.200000	100.000000	17.000000	100.000000	4.180000	0.000000	0.000000	0.000000	0.000000	1	1	0.000000	1.000000	1.000000	1.000000	1.000000	1.000000	1.000000	740.000000	740.000000	0.000000	47.000000	4.000000	-1.861016E-14	-8.802856E-6
3736015385.091133	1.208000	0.001000	-0.005000	-29.990000	-15.000000	17.300000	100.000000	17.000000	100.000000	4.180000	0.000000	0.000000	0.000000	0.000000	1	1	0.000000	1.000000	1.000000	1.000000	1.000000	1.000000	1.000000	740.000000	740.000000	0.000000	41.000000	11.000000	-1.861016E-14	-8.804894E-6
3736015390.318731	1.208000	0.001000	-0.005000	-29.990000	-15.000000	17.400000	100.000000	17.000000	100.000000	4.180000	0.000000	0.000000	0.000000	0.000000	1	1	0.000000	1.000000	1.000000	1.000000	1.000000	1.000000	1.000000	740.000000	740.000000	0.000000	50.000000	8.000000	-1.861016E-14	-8.788962E-6
3736015397.568243	1.208000	0.001000	-0.005000	-29.990000	-15.000000	17.500000	100.000000	17.000000	100.000000	4.180000	0.000000	0.000000	0.000000	0.000000	1	1	0.000000	1.000000	1.000000	1.000000	1.000000	1.000000	1.000000	740.000000	740.000000	0.000000	59.000000	15.000000	-1.861016E-14	-8.788354E-6
3736015402.835508	1.208000	0.001000	-0.005000	-29.990000	-15.000000	17.600000	100.000000	17.000000	100.000000	4.180000	0.000000	0.000000	0.000000	0.000000	1	1	0.000000	1.000000	1.000000	1.000000	1.000000	1.000000	1.000000	740.000000	740.000000	0.000000	57.000000	9.000000	-1.861016E-14	-8.788758E-6
3736015408.051391	1.208000	0.001000	-0.005000	-29.990000	-15.000000	17.700000	100.000000	17.000000	100.000000	4.180000	0.000000	0.000000	0.000000	0.000000	1	1	0.000000	1.000000	1.000000	1.000000	1.000000	1.000000	1.000000	740.000000	740.000000	0.000000	61.000000	15.000000	-1.861016E-14	-8.781608E-6
3736015413.305963	1.208000	0.001000	-0.005000	-29.990000	-15.000000	17.800000	100.000000	17.000000	100.000000	4.180000	0.000000	0.000000	0.000000	0.000000	1	1	0.000000	1.000000	1.000000	1.000000	1.000000	1.000000	1.000000	740.000000	740.000000	0.000000	52.000000	9.000000	-1.861016E-14	-8.782834E-6
3736015419.338322	1.208000	0.001000	-0.005000	-29.990000	-15.000000	17.900000	100.000000	17.000000	100.000000	4.180000	0.000000	0.000000	0.000000	0.000000	1	1	0.000000	1.000000	1.000000	1.000000	1.000000	1.000000	1.000000	740.000000	740.000000	0.000000	70.000000	16.000000	-1.861016E-14	-8.773643E-6
3736015424.591532	1.208000	0.001000	-0.005000	-29.990000	-15.000000	18.000000	100.000000	17.000000	100.000000	4.180000	0.000000	0.000000	0.000000	0.000000	1	1	0.000000	1.000000	1.000000	1.000000	1.000000	1.000000	1.000000	740.000000	740.000000	0.000000	44.000000	16.000000	-1.861016E-14	-8.759957E-6
3736015429.836901	1.208000	0.001000	-0.005000	-29.990000	-15.000000	18.100000	100.000000	17.000000	100.000000	4.180000	0.000000	0.000000	0.000000	0.000000	1	1	0.000000	1.000000	1.000000	1.000000	1.000000	1.000000	1.000000	740.000000	740.000000	0.000000	60.000000	17.000000	-1.861016E-14	-8.757302E-6
3736015436.079699	1.208000	0.001000	-0.005000	-29.990000	-15.000000	18.200000	100.000000	17.000000	100.000000	4.180000	0.000000	0.000000	0.000000	0.000000	1	1	0.000000	1.000000	1.000000	1.000000	1.000000	1.000000	1.000000	740.000000	740.000000	0.000000	61.000000	12.000000	-1.861016E-14	-8.751173E-6
3736015442.229749	1.208000	0.001000	-0.005000	-29.990000	-15.000000	18.300000	100.000000	17.000000	100.000000	4.180000	0.000000	0.000000	0.000000	0.000000	1	1	0.000000	1.000000	1.000000	1.000000	1.000000	1.000000	1.000000	740.000000	740.000000	0.000000	51.000000	15.000000	-1.861016E-14	-8.748722E-6
3736015448.367646	1.208000	0.001000	-0.005000	-29.990000	-15.000000	18.400000	100.000000	17.000000	100.000000	4.180000	0.000000	0.000000	0.000000	0.000000	1	1	0.000000	1.000000	1.000000	1.000000	1.000000	1.000000	1.000000	740.000000	740.000000	0.000000	50.000000	13.000000	-1.861016E-14	-8.735649E-6
3736015453.587670	1.208000	0.001000	-0.005000	-29.990000	-15.000000	18.500000	100.000000	17.000000	100.000000	4.180000	0.000000	0.000000	0.000000	0.000000	1	1	0.000000	1.000000	1.000000	1.000000	1.000000	1.000000	1.000000	740.000000	740.000000	0.000000	61.000000	11.000000	-1.861016E-14	-8.729314E-6
3736015459.607813	1.208000	0.001000	-0.005000	-29.990000	-15.000000	18.600000	100.000000	17.000000	100.000000	4.180000	0.000000	0.000000	0.000000	0.000000	1	1	0.000000	1.000000	1.000000	1.000000	1.000000	1.000000	1.000000	740.000000	740.000000	0.000000	75.000000	13.000000	-1.861016E-14	-8.723391E-6
3736015465.719656	1.208000	0.001000	-0.005000	-29.990000	-15.000000	18.700000	100.000000	17.000000	100.000000	4.180000	0.000000	0.000000	0.000000	0.000000	1	1	0.000000	1.000000	1.000000	1.000000	1.000000	1.000000	1.000000	740.000000	740.000000	0.000000	74.000000	9.000000	-1.861016E-14	-8.712160E-6
3736015471.855813	1.208000	0.001000	-0.005000	-29.990000	-15.000000	18.800000	100.000000	17.000000	100.000000	4.180000	0.000000	0.000000	0.000000	0.000000	1	1	0.000000	1.000000	1.000000	1.000000	1.000000	1.000000	1.000000	740.000000	740.000000	0.000000	54.000000	15.000000	-1.861016E-14	-8.708070E-6
3736015479.076359	1.208000	0.001000	-0.005000	-29.990000	-15.000000	18.900000	100.000000	17.000000	100.000000	4.180000	0.000000	0.000000	0.000000	0.000000	1	1	0.000000	1.000000	1.000000	1.000000	1.000000	1.000000	1.000000	740.000000	740.000000	0.000000	46.000000	10.000000	-1.861016E-14	-8.697861E-6
3736015485.225527	1.208000	0.001000	-0.005000	-29.990000	-15.000000	19.000000	100.000000	17.000000	100.000000	4.180000	0.000000	0.000000	0.000000	0.000000	1	1	0.000000	1.000000	1.000000	1.000000	1.000000	1.000000	1.000000	740.000000	740.000000	0.000000	67.000000	10.000000	-1.861016E-14	-8.690710E-6
3736015492.072352	1.208000	0.001000	-0.005000	-29.990000	-15.000000	19.100000	100.000000	17.000000	100.000000	4.180000	0.000000	0.000000	0.000000	0.000000	1	1	0.000000	1.000000	1.000000	1.000000	1.000000	1.000000	1.000000	740.000000	740.000000	0.000000	66.000000	16.000000	-1.861016E-14	-8.682950E-6
3736015499.308234	1.208000	0.001000	-0.005000	-29.990000	-15.000000	19.200000	100.000000	17.000000	100.000000	4.180000	0.000000	0.000000	0.000000	0.000000	1	1	0.000000	1.000000	1.000000	1.000000	1.000000	1.000000	1.000000	740.000000	740.000000	0.000000	62.000000	15.000000	-1.861016E-14	-8.674369E-6
3736015505.500004	1.208000	0.001000	-0.005000	-29.990000	-15.000000	19.300000	100.000000	17.000000	100.000000	4.180000	0.000000	0.000000	0.000000	0.000000	1	1	0.000000	1.000000	1.000000	1.000000	1.000000	1.000000	1.000000	740.000000	740.000000	0.000000	54.000000	13.000000	-1.861016E-14	-8.664771E-6
3736015512.491988	1.208000	0.001000	-0.005000	-29.990000	-15.000000	19.400000	100.000000	17.000000	100.000000	4.180000	0.000000	0.000000	0.000000	0.000000	1	1	0.000000	1.000000	1.000000	1.000000	1.000000	1.000000	1.000000	740.000000	740.000000	0.000000	64.000000	12.000000	-1.861016E-14	-8.656395E-6
3736015519.345102	1.208000	0.001000	-0.005000	-29.990000	-15.000000	19.500000	100.000000	17.000000	100.000000	4.180000	0.000000	0.000000	0.000000	0.000000	1	1	0.000000	1.000000	1.000000	1.000000	1.000000	1.000000	1.000000	740.000000	740.000000	0.000000	65.000000	25.000000	-1.861016E-14	-8.648224E-6
3736015526.034835	1.208000	0.001000	-0.005000	-29.990000	-15.000000	19.600000	100.000000	17.000000	100.000000	4.180000	0.000000	0.000000	0.000000	0.000000	1	1	0.000000	1.000000	1.000000	1.000000	1.000000	1.000000	1.000000	740.000000	740.000000	0.000000	71.000000	24.000000	-1.861016E-14	-8.646181E-6
3736015532.708153	1.208000	0.001000	-0.005000	-29.990000	-15.000000	19.700000	100.000000	17.000000	100.000000	4.180000	0.000000	0.000000	0.000000	0.000000	1	1	0.000000	1.000000	1.000000	1.000000	1.000000	1.000000	1.000000	740.000000	740.000000	0.000000	62.000000	13.000000	-1.861016E-14	-8.646381E-6
3736015539.413453	1.208000	0.001000	-0.005000	-29.990000	-15.000000	19.800000	100.000000	17.000000	100.000000	4.180000	0.000000	0.000000	0.000000	0.000000	1	1	0.000000	1.000000	1.000000	1.000000	1.000000	1.000000	1.000000	740.000000	740.000000	0.000000	75.000000	24.000000	-1.861016E-14	-8.622692E-6
3736015546.001479	1.208000	0.001000	-0.005000	-29.990000	-15.000000	19.900000	100.000000	17.000000	100.000000	4.180000	0.000000	0.000000	0.000000	0.000000	1	1	0.000000	1.000000	1.000000	1.000000	1.000000	1.000000	1.000000	740.000000	740.000000	0.000000	80.000000	15.000000	-1.861016E-14	-8.626775E-6
3736015552.813647	1.208000	0.001000	-0.005000	-29.990000	-15.000000	20.000000	100.000000	17.000000	100.000000	4.180000	0.000000	0.000000	0.000000	0.000000	1	1	0.000000	1.000000	1.000000	1.000000	1.000000	1.000000	1.000000	740.000000	740.000000	0.000000	86.000000	15.000000	-1.861016E-14	-8.616154E-6
