#Cu(100) GammaX Th=0_05.dat
#5/20/2022 10:23:16 AM
#Preliminary IPES Scan
#Sweep En
#Measure rgm, lgm, 6487
#Timestamp (sec)	X (mm)	Y (mm)	Z (mm)	Theta (deg)	EG Grid (V)	EG Energy (eV)	EG Extraction (V)	EG Focus 1 (V)	EG Focus 2 (V)	EG Filament (V)	EG X1 Alignment (V)	EG X2 Alignment (V)	EG Y1 Alignment (V)	EG Y2 Alignment (V)	6485 Samples	6487 Samples	6487 Voltage (V)	GM2 Dwell Time (s)	GM2 SCA Lower Limit (V)	GM2 SCA Upper Limit (V)	GM1 Dwell Time (s)	GM1 SCA Lower Limit (V)	GM1 SCA Upper Limit (V)	Voltage Supply A (V)	Voltage Supply B (V)	Dummy	GM2 Counts	GM1 Counts	Keithley6485 Current (A)	Keithley6487 Current (A)
#time	xpos	ypos	zpos	theta	grid	en	ext	f1	f2	fil	x1	x2	y1	y2	6485s	6487s	6487v	gm2dw	gm2ll	gm2ul	gm1dw	gm1ll	gm1ul	va	vb	dummy	gm2	gm1	6485c	6487c
3735901404.865744	1.208000	0.001000	-0.005000	0.000000	-15.000000	0.000000	100.000000	17.000000	100.000000	4.180000	0.000000	0.000000	0.000000	0.000000	1	1	0.000000	1.000000	1.000000	1.000000	1.000000	1.000000	1.000000	740.000000	740.000000	0.000000	3.000000	2.000000	-1.546123E-13	-4.448980E-8
3735901410.119666	1.208000	0.001000	-0.005000	0.000000	-15.000000	0.100000	100.000000	17.000000	100.000000	4.180000	0.000000	0.000000	0.000000	0.000000	1	1	0.000000	1.000000	1.000000	1.000000	1.000000	1.000000	1.000000	740.000000	740.000000	0.000000	5.000000	7.000000	-1.546123E-13	-4.898366E-8
3735901415.359574	1.208000	0.001000	-0.005000	0.000000	-15.000000	0.200000	100.000000	17.000000	100.000000	4.180000	0.000000	0.000000	0.000000	0.000000	1	1	0.000000	1.000000	1.000000	1.000000	1.000000	1.000000	1.000000	740.000000	740.000000	0.000000	5.000000	1.000000	-1.546123E-13	-4.326419E-8
3735901420.603129	1.208000	0.001000	-0.005000	0.000000	-15.000000	0.300000	100.000000	17.000000	100.000000	4.180000	0.000000	0.000000	0.000000	0.000000	1	1	0.000000	1.000000	1.000000	1.000000	1.000000	1.000000	1.000000	740.000000	740.000000	0.000000	7.000000	2.000000	-1.546123E-13	-4.857514E-8
3735901425.841639	1.208000	0.001000	-0.005000	0.000000	-15.000000	0.400000	100.000000	17.000000	100.000000	4.180000	0.000000	0.000000	0.000000	0.000000	1	1	0.000000	1.000000	1.000000	1.000000	1.000000	1.000000	1.000000	740.000000	740.000000	0.000000	7.000000	4.000000	-1.546123E-13	-4.959646E-8
3735901431.086071	1.208000	0.001000	-0.005000	0.000000	-15.000000	0.500000	100.000000	17.000000	100.000000	4.180000	0.000000	0.000000	0.000000	0.000000	1	1	0.000000	1.000000	1.000000	1.000000	1.000000	1.000000	1.000000	740.000000	740.000000	0.000000	6.000000	0.000000	-1.546123E-13	-4.857515E-8
3735901436.343721	1.208000	0.001000	-0.005000	0.000000	-15.000000	0.600000	100.000000	17.000000	100.000000	4.180000	0.000000	0.000000	0.000000	0.000000	1	1	0.000000	1.000000	1.000000	1.000000	1.000000	1.000000	1.000000	740.000000	740.000000	0.000000	3.000000	4.000000	-1.546123E-13	-4.612392E-8
3735901441.587736	1.208000	0.001000	-0.005000	0.000000	-15.000000	0.700000	100.000000	17.000000	100.000000	4.180000	0.000000	0.000000	0.000000	0.000000	1	1	0.000000	1.000000	1.000000	1.000000	1.000000	1.000000	1.000000	740.000000	740.000000	0.000000	7.000000	3.000000	-1.546123E-13	-5.654157E-8
3735901447.279186	1.208000	0.001000	-0.005000	0.000000	-15.000000	0.800000	100.000000	17.000000	100.000000	4.180000	0.000000	0.000000	0.000000	0.000000	1	1	0.000000	1.000000	1.000000	1.000000	1.000000	1.000000	1.000000	740.000000	740.000000	0.000000	2.000000	1.000000	-1.546123E-13	-4.653246E-8
3735901452.523224	1.208000	0.001000	-0.005000	0.000000	-15.000000	0.900000	100.000000	17.000000	100.000000	4.180000	0.000000	0.000000	0.000000	0.000000	1	1	0.000000	1.000000	1.000000	1.000000	1.000000	1.000000	1.000000	740.000000	740.000000	0.000000	4.000000	3.000000	-1.546123E-13	-4.775808E-8
3735901457.759243	1.208000	0.001000	-0.005000	0.000000	-15.000000	1.000000	100.000000	17.000000	100.000000	4.180000	0.000000	0.000000	0.000000	0.000000	1	1	0.000000	1.000000	1.000000	1.000000	1.000000	1.000000	1.000000	740.000000	740.000000	0.000000	3.000000	1.000000	-1.546123E-13	-4.612392E-8
3735901463.012202	1.208000	0.001000	-0.005000	0.000000	-15.000000	1.100000	100.000000	17.000000	100.000000	4.180000	0.000000	0.000000	0.000000	0.000000	1	1	0.000000	1.000000	1.000000	1.000000	1.000000	1.000000	1.000000	740.000000	740.000000	0.000000	8.000000	2.000000	-1.546123E-13	-4.224285E-8
3735901468.256432	1.208000	0.001000	-0.005000	0.000000	-15.000000	1.200000	100.000000	17.000000	100.000000	4.180000	0.000000	0.000000	0.000000	0.000000	1	1	0.000000	1.000000	1.000000	1.000000	1.000000	1.000000	1.000000	740.000000	740.000000	0.000000	5.000000	1.000000	-1.546123E-13	-4.612394E-8
3735901473.481715	1.208000	0.001000	-0.005000	0.000000	-15.000000	1.300000	100.000000	17.000000	100.000000	4.180000	0.000000	0.000000	0.000000	0.000000	1	1	0.000000	1.000000	1.000000	1.000000	1.000000	1.000000	1.000000	740.000000	740.000000	0.000000	4.000000	0.000000	-1.546123E-13	-5.715437E-8
3735901478.726235	1.208000	0.001000	-0.005000	0.000000	-15.000000	1.400000	100.000000	17.000000	100.000000	4.180000	0.000000	0.000000	0.000000	0.000000	1	1	0.000000	1.000000	1.000000	1.000000	1.000000	1.000000	1.000000	740.000000	740.000000	0.000000	3.000000	1.000000	-1.546123E-13	-4.898367E-8
3735901483.952486	1.208000	0.001000	-0.005000	0.000000	-15.000000	1.500000	100.000000	17.000000	100.000000	4.180000	0.000000	0.000000	0.000000	0.000000	1	1	0.000000	1.000000	1.000000	1.000000	1.000000	1.000000	1.000000	740.000000	740.000000	0.000000	6.000000	3.000000	-1.546123E-13	-4.959646E-8
3735901489.191240	1.208000	0.001000	-0.005000	0.000000	-15.000000	1.600000	100.000000	17.000000	100.000000	4.180000	0.000000	0.000000	0.000000	0.000000	1	1	0.000000	1.000000	1.000000	1.000000	1.000000	1.000000	1.000000	740.000000	740.000000	0.000000	3.000000	0.000000	-1.546123E-13	-4.980074E-8
3735901494.447987	1.208000	0.001000	-0.005000	0.000000	-15.000000	1.700000	100.000000	17.000000	100.000000	4.180000	0.000000	0.000000	0.000000	0.000000	1	1	0.000000	1.000000	1.000000	1.000000	1.000000	1.000000	1.000000	740.000000	740.000000	0.000000	4.000000	8.000000	-1.546123E-13	-4.877940E-8
3735901499.683211	1.208000	0.001000	-0.005000	0.000000	-15.000000	1.800000	100.000000	17.000000	100.000000	4.180000	0.000000	0.000000	0.000000	0.000000	1	1	0.000000	1.000000	1.000000	1.000000	1.000000	1.000000	1.000000	740.000000	740.000000	0.000000	6.000000	2.000000	-1.546123E-13	-4.653247E-8
3735901504.918868	1.208000	0.001000	-0.005000	0.000000	-15.000000	1.900000	100.000000	17.000000	100.000000	4.180000	0.000000	0.000000	0.000000	0.000000	1	1	0.000000	1.000000	1.000000	1.000000	1.000000	1.000000	1.000000	740.000000	740.000000	0.000000	7.000000	3.000000	-1.546123E-13	-5.082206E-8
3735901510.148678	1.208000	0.001000	-0.005000	0.000000	-15.000000	2.000000	100.000000	17.000000	100.000000	4.180000	0.000000	0.000000	0.000000	0.000000	1	1	0.000000	1.000000	1.000000	1.000000	1.000000	1.000000	1.000000	740.000000	740.000000	0.000000	3.000000	0.000000	-1.546123E-13	-4.224287E-8
3735901515.380149	1.208000	0.001000	-0.005000	0.000000	-15.000000	2.100000	100.000000	17.000000	100.000000	4.180000	0.000000	0.000000	0.000000	0.000000	1	1	0.000000	1.000000	1.000000	1.000000	1.000000	1.000000	1.000000	740.000000	740.000000	0.000000	5.000000	1.000000	-1.546123E-13	-4.428552E-8
3735901520.638676	1.208000	0.001000	-0.005000	0.000000	-15.000000	2.200000	100.000000	17.000000	100.000000	4.180000	0.000000	0.000000	0.000000	0.000000	1	1	0.000000	1.000000	1.000000	1.000000	1.000000	1.000000	1.000000	740.000000	740.000000	0.000000	3.000000	2.000000	-1.546123E-13	-4.734951E-8
3735901526.890942	1.208000	0.001000	-0.005000	0.000000	-15.000000	2.300000	100.000000	17.000000	100.000000	4.180000	0.000000	0.000000	0.000000	0.000000	1	1	0.000000	1.000000	1.000000	1.000000	1.000000	1.000000	1.000000	740.000000	740.000000	0.000000	0.000000	3.000000	-1.546123E-13	-4.877939E-8
3735901532.147908	1.208000	0.001000	-0.005000	0.000000	-15.000000	2.400000	100.000000	17.000000	100.000000	4.180000	0.000000	0.000000	0.000000	0.000000	1	1	0.000000	1.000000	1.000000	1.000000	1.000000	1.000000	1.000000	740.000000	740.000000	0.000000	6.000000	2.000000	-1.546123E-13	-4.837086E-8
3735901537.404355	1.208000	0.001000	-0.005000	0.000000	-15.000000	2.500000	100.000000	17.000000	100.000000	4.180000	0.000000	0.000000	0.000000	0.000000	1	1	0.000000	1.000000	1.000000	1.000000	1.000000	1.000000	1.000000	740.000000	740.000000	0.000000	9.000000	4.000000	-1.546123E-13	-4.632818E-8
3735901542.668623	1.208000	0.001000	-0.005000	0.000000	-15.000000	2.600000	100.000000	17.000000	100.000000	4.180000	0.000000	0.000000	0.000000	0.000000	1	1	0.000000	1.000000	1.000000	1.000000	1.000000	1.000000	1.000000	740.000000	740.000000	0.000000	4.000000	1.000000	-1.546123E-13	-4.796232E-8
3735901547.919234	1.208000	0.001000	-0.005000	0.000000	-15.000000	2.700000	100.000000	17.000000	100.000000	4.180000	0.000000	0.000000	0.000000	0.000000	1	1	0.000000	1.000000	1.000000	1.000000	1.000000	1.000000	1.000000	740.000000	740.000000	0.000000	3.000000	1.000000	-1.546123E-13	-4.551111E-8
3735901553.166646	1.208000	0.001000	-0.005000	0.000000	-15.000000	2.800000	100.000000	17.000000	100.000000	4.180000	0.000000	0.000000	0.000000	0.000000	1	1	0.000000	1.000000	1.000000	1.000000	1.000000	1.000000	1.000000	740.000000	740.000000	0.000000	6.000000	0.000000	-1.546123E-13	-5.184340E-8
3735901558.421920	1.208000	0.001000	-0.005000	0.000000	-15.000000	2.900000	100.000000	17.000000	100.000000	4.180000	0.000000	0.000000	0.000000	0.000000	1	1	0.000000	1.000000	1.000000	1.000000	1.000000	1.000000	1.000000	740.000000	740.000000	0.000000	5.000000	5.000000	-1.546123E-13	-5.633728E-8
3735901563.664573	1.208000	0.001000	-0.005000	0.000000	-15.000000	3.000000	100.000000	17.000000	100.000000	4.180000	0.000000	0.000000	0.000000	0.000000	1	1	0.000000	1.000000	1.000000	1.000000	1.000000	1.000000	1.000000	740.000000	740.000000	0.000000	3.000000	2.000000	-1.546123E-13	-4.673674E-8
3735901568.913408	1.208000	0.001000	-0.005000	0.000000	-15.000000	3.100000	100.000000	17.000000	100.000000	4.180000	0.000000	0.000000	0.000000	0.000000	1	1	0.000000	1.000000	1.000000	1.000000	1.000000	1.000000	1.000000	740.000000	740.000000	0.000000	9.000000	2.000000	-1.546123E-13	-4.428553E-8
3735901574.176821	1.208000	0.001000	-0.005000	0.000000	-15.000000	3.200000	100.000000	17.000000	100.000000	4.180000	0.000000	0.000000	0.000000	0.000000	1	1	0.000000	1.000000	1.000000	1.000000	1.000000	1.000000	1.000000	740.000000	740.000000	0.000000	6.000000	3.000000	-1.546123E-13	-5.041355E-8
3735901579.441869	1.208000	0.001000	-0.005000	0.000000	-15.000000	3.300000	100.000000	17.000000	100.000000	4.180000	0.000000	0.000000	0.000000	0.000000	1	1	0.000000	1.000000	1.000000	1.000000	1.000000	1.000000	1.000000	740.000000	740.000000	0.000000	4.000000	1.000000	-1.546123E-13	-5.184338E-8
3735901584.696881	1.208000	0.001000	-0.005000	0.000000	-15.000000	3.400000	100.000000	17.000000	100.000000	4.180000	0.000000	0.000000	0.000000	0.000000	1	1	0.000000	1.000000	1.000000	1.000000	1.000000	1.000000	1.000000	740.000000	740.000000	0.000000	7.000000	1.000000	-1.546123E-13	-5.000499E-8
3735901589.958169	1.208000	0.001000	-0.005000	0.000000	-15.000000	3.500000	100.000000	17.000000	100.000000	4.180000	0.000000	0.000000	0.000000	0.000000	1	1	0.000000	1.000000	1.000000	1.000000	1.000000	1.000000	1.000000	740.000000	740.000000	0.000000	4.000000	1.000000	-1.546123E-13	-5.245620E-8
3735901595.192657	1.208000	0.001000	-0.005000	0.000000	-15.000000	3.600000	100.000000	17.000000	100.000000	4.180000	0.000000	0.000000	0.000000	0.000000	1	1	0.000000	1.000000	1.000000	1.000000	1.000000	1.000000	1.000000	740.000000	740.000000	0.000000	3.000000	1.000000	-1.546123E-13	-4.980074E-8
3735901600.426946	1.208000	0.001000	-0.005000	0.000000	-15.000000	3.700000	100.000000	17.000000	100.000000	4.180000	0.000000	0.000000	0.000000	0.000000	1	1	0.000000	1.000000	1.000000	1.000000	1.000000	1.000000	1.000000	740.000000	740.000000	0.000000	4.000000	1.000000	-1.546123E-13	-4.755379E-8
3735901605.659432	1.208000	0.001000	-0.005000	0.000000	-15.000000	3.800000	100.000000	17.000000	100.000000	4.180000	0.000000	0.000000	0.000000	0.000000	1	1	0.000000	1.000000	1.000000	1.000000	1.000000	1.000000	1.000000	740.000000	740.000000	0.000000	14.000000	0.000000	-1.546123E-13	-4.469407E-8
3735901610.904694	1.208000	0.001000	-0.005000	0.000000	-15.000000	3.900000	100.000000	17.000000	100.000000	4.180000	0.000000	0.000000	0.000000	0.000000	1	1	0.000000	1.000000	1.000000	1.000000	1.000000	1.000000	1.000000	740.000000	740.000000	0.000000	3.000000	1.000000	-1.546123E-13	-4.857511E-8
3735901617.162778	1.208000	0.001000	-0.005000	0.000000	-15.000000	4.000000	100.000000	17.000000	100.000000	4.180000	0.000000	0.000000	0.000000	0.000000	1	1	0.000000	1.000000	1.000000	1.000000	1.000000	1.000000	1.000000	740.000000	740.000000	0.000000	3.000000	0.000000	-1.546123E-13	-5.511169E-8
3735901622.406586	1.208000	0.001000	-0.005000	0.000000	-15.000000	4.100000	100.000000	17.000000	100.000000	4.180000	0.000000	0.000000	0.000000	0.000000	1	1	0.000000	1.000000	1.000000	1.000000	1.000000	1.000000	1.000000	740.000000	740.000000	0.000000	4.000000	1.000000	-1.546123E-13	-4.346845E-8
3735901627.656007	1.208000	0.001000	-0.005000	0.000000	-15.000000	4.200000	100.000000	17.000000	100.000000	4.180000	0.000000	0.000000	0.000000	0.000000	1	1	0.000000	1.000000	1.000000	1.000000	1.000000	1.000000	1.000000	740.000000	740.000000	0.000000	7.000000	4.000000	-1.546123E-13	-5.000502E-8
3735901632.895426	1.208000	0.001000	-0.005000	0.000000	-15.000000	4.300000	100.000000	17.000000	100.000000	4.180000	0.000000	0.000000	0.000000	0.000000	1	1	0.000000	1.000000	1.000000	1.000000	1.000000	1.000000	1.000000	740.000000	740.000000	0.000000	6.000000	0.000000	-1.546123E-13	-4.387698E-8
3735901638.138649	1.208000	0.001000	-0.005000	0.000000	-15.000000	4.400000	100.000000	17.000000	100.000000	4.180000	0.000000	0.000000	0.000000	0.000000	1	1	0.000000	1.000000	1.000000	1.000000	1.000000	1.000000	1.000000	740.000000	740.000000	0.000000	2.000000	0.000000	-1.546123E-13	-4.939220E-8
3735901643.414091	1.208000	0.001000	-0.005000	0.000000	-15.000000	4.500000	100.000000	17.000000	100.000000	4.180000	0.000000	0.000000	0.000000	0.000000	1	1	0.000000	1.000000	1.000000	1.000000	1.000000	1.000000	1.000000	740.000000	740.000000	0.000000	6.000000	2.000000	-1.546123E-13	-5.041353E-8
3735901648.663747	1.208000	0.001000	-0.005000	0.000000	-15.000000	4.600000	100.000000	17.000000	100.000000	4.180000	0.000000	0.000000	0.000000	0.000000	1	1	0.000000	1.000000	1.000000	1.000000	1.000000	1.000000	1.000000	740.000000	740.000000	0.000000	4.000000	3.000000	-1.546123E-13	-4.408125E-8
3735901653.890676	1.208000	0.001000	-0.005000	0.000000	-15.000000	4.700000	100.000000	17.000000	100.000000	4.180000	0.000000	0.000000	0.000000	0.000000	1	1	0.000000	1.000000	1.000000	1.000000	1.000000	1.000000	1.000000	740.000000	740.000000	0.000000	1.000000	1.000000	-1.546123E-13	-5.143487E-8
3735901659.121226	1.208000	0.001000	-0.005000	0.000000	-15.000000	4.800000	100.000000	17.000000	100.000000	4.180000	0.000000	0.000000	0.000000	0.000000	1	1	0.000000	1.000000	1.000000	1.000000	1.000000	1.000000	1.000000	740.000000	740.000000	0.000000	4.000000	0.000000	-1.546123E-13	-4.448977E-8
3735901664.372722	1.208000	0.001000	-0.005000	0.000000	-15.000000	4.900000	100.000000	17.000000	100.000000	4.180000	0.000000	0.000000	0.000000	0.000000	1	1	0.000000	1.000000	1.000000	1.000000	1.000000	1.000000	1.000000	740.000000	740.000000	0.000000	11.000000	1.000000	-1.546123E-13	-4.551111E-8
3735901669.624044	1.208000	0.001000	-0.005000	0.000000	-15.000000	5.000000	100.000000	17.000000	100.000000	4.180000	0.000000	0.000000	0.000000	0.000000	1	1	0.000000	1.000000	1.000000	1.000000	1.000000	1.000000	1.000000	740.000000	740.000000	0.000000	14.000000	1.000000	-1.546123E-13	-5.531594E-8
3735901674.856865	1.208000	0.001000	-0.005000	0.000000	-15.000000	5.100000	100.000000	17.000000	100.000000	4.180000	0.000000	0.000000	0.000000	0.000000	1	1	0.000000	1.000000	1.000000	1.000000	1.000000	1.000000	1.000000	740.000000	740.000000	0.000000	23.000000	7.000000	-1.546123E-13	-4.734952E-8
3735901680.094664	1.208000	0.001000	-0.005000	0.000000	-15.000000	5.200000	100.000000	17.000000	100.000000	4.180000	0.000000	0.000000	0.000000	0.000000	1	1	0.000000	1.000000	1.000000	1.000000	1.000000	1.000000	1.000000	740.000000	740.000000	0.000000	17.000000	12.000000	-1.546123E-13	-5.633729E-8
3735901685.346258	1.208000	0.001000	-0.005000	0.000000	-15.000000	5.300000	100.000000	17.000000	100.000000	4.180000	0.000000	0.000000	0.000000	0.000000	1	1	0.000000	1.000000	1.000000	1.000000	1.000000	1.000000	1.000000	740.000000	740.000000	0.000000	33.000000	15.000000	-1.546123E-13	-7.145304E-8
3735901690.602695	1.208000	0.001000	-0.005000	0.000000	-15.000000	5.400000	100.000000	17.000000	100.000000	4.180000	0.000000	0.000000	0.000000	0.000000	1	1	0.000000	1.000000	1.000000	1.000000	1.000000	1.000000	1.000000	740.000000	740.000000	0.000000	42.000000	13.000000	-1.546123E-13	-9.759926E-8
3735901696.567440	1.208000	0.001000	-0.005000	0.000000	-15.000000	5.500000	100.000000	17.000000	100.000000	4.180000	0.000000	0.000000	0.000000	0.000000	1	1	0.000000	1.000000	1.000000	1.000000	1.000000	1.000000	1.000000	740.000000	740.000000	0.000000	62.000000	27.000000	-1.546123E-13	-1.549983E-7
3735901703.471936	1.208000	0.001000	-0.005000	0.000000	-15.000000	5.600000	100.000000	17.000000	100.000000	4.180000	0.000000	0.000000	0.000000	0.000000	1	1	0.000000	1.000000	1.000000	1.000000	1.000000	1.000000	1.000000	740.000000	740.000000	0.000000	71.000000	31.000000	-1.546123E-13	-2.728606E-7
3735901710.283197	1.208000	0.001000	-0.005000	0.000000	-15.000000	5.700000	100.000000	17.000000	100.000000	4.180000	0.000000	0.000000	0.000000	0.000000	1	1	0.000000	1.000000	1.000000	1.000000	1.000000	1.000000	1.000000	740.000000	740.000000	0.000000	69.000000	30.000000	-1.546123E-13	-4.865240E-7
3735901717.208062	1.208000	0.001000	-0.005000	0.000000	-15.000000	5.800000	100.000000	17.000000	100.000000	4.180000	0.000000	0.000000	0.000000	0.000000	1	1	0.000000	1.000000	1.000000	1.000000	1.000000	1.000000	1.000000	740.000000	740.000000	0.000000	58.000000	34.000000	-1.546123E-13	-8.582906E-7
3735901724.052750	1.208000	0.001000	-0.005000	0.000000	-15.000000	5.900000	100.000000	17.000000	100.000000	4.180000	0.000000	0.000000	0.000000	0.000000	1	1	0.000000	1.000000	1.000000	1.000000	1.000000	1.000000	1.000000	740.000000	740.000000	0.000000	64.000000	29.000000	-1.546123E-13	-1.472114E-6
3735901730.064097	1.208000	0.001000	-0.005000	0.000000	-15.000000	6.000000	100.000000	17.000000	100.000000	4.180000	0.000000	0.000000	0.000000	0.000000	1	1	0.000000	1.000000	1.000000	1.000000	1.000000	1.000000	1.000000	740.000000	740.000000	0.000000	43.000000	43.000000	-1.546123E-13	-2.336572E-6
3735901735.323983	1.208000	0.001000	-0.005000	0.000000	-15.000000	6.100000	100.000000	17.000000	100.000000	4.180000	0.000000	0.000000	0.000000	0.000000	1	1	0.000000	1.000000	1.000000	1.000000	1.000000	1.000000	1.000000	740.000000	740.000000	0.000000	33.000000	12.000000	-1.546123E-13	-3.454120E-6
3735901740.583525	1.208000	0.001000	-0.005000	0.000000	-15.000000	6.200000	100.000000	17.000000	100.000000	4.180000	0.000000	0.000000	0.000000	0.000000	1	1	0.000000	1.000000	1.000000	1.000000	1.000000	1.000000	1.000000	740.000000	740.000000	0.000000	21.000000	13.000000	-1.546123E-13	-4.339617E-6
3735901745.851579	1.208000	0.001000	-0.005000	0.000000	-15.000000	6.300000	100.000000	17.000000	100.000000	4.180000	0.000000	0.000000	0.000000	0.000000	1	1	0.000000	1.000000	1.000000	1.000000	1.000000	1.000000	1.000000	740.000000	740.000000	0.000000	14.000000	5.000000	-1.546123E-13	-4.672573E-6
3735901751.100090	1.208000	0.001000	-0.005000	0.000000	-15.000000	6.400000	100.000000	17.000000	100.000000	4.180000	0.000000	0.000000	0.000000	0.000000	1	1	0.000000	1.000000	1.000000	1.000000	1.000000	1.000000	1.000000	740.000000	740.000000	0.000000	11.000000	8.000000	-1.546123E-13	-4.841095E-6
3735901756.347278	1.208000	0.001000	-0.005000	0.000000	-15.000000	6.500000	100.000000	17.000000	100.000000	4.180000	0.000000	0.000000	0.000000	0.000000	1	1	0.000000	1.000000	1.000000	1.000000	1.000000	1.000000	1.000000	740.000000	740.000000	0.000000	14.000000	5.000000	-1.546123E-13	-4.959569E-6
3735901761.600464	1.208000	0.001000	-0.005000	0.000000	-15.000000	6.600000	100.000000	17.000000	100.000000	4.180000	0.000000	0.000000	0.000000	0.000000	1	1	0.000000	1.000000	1.000000	1.000000	1.000000	1.000000	1.000000	740.000000	740.000000	0.000000	21.000000	5.000000	-1.546123E-13	-5.001033E-6
3735901766.830572	1.208000	0.001000	-0.005000	0.000000	-15.000000	6.700000	100.000000	17.000000	100.000000	4.180000	0.000000	0.000000	0.000000	0.000000	1	1	0.000000	1.000000	1.000000	1.000000	1.000000	1.000000	1.000000	740.000000	740.000000	0.000000	21.000000	8.000000	-1.546123E-13	-5.004301E-6
3735901772.098779	1.208000	0.001000	-0.005000	0.000000	-15.000000	6.800000	100.000000	17.000000	100.000000	4.180000	0.000000	0.000000	0.000000	0.000000	1	1	0.000000	1.000000	1.000000	1.000000	1.000000	1.000000	1.000000	740.000000	740.000000	0.000000	24.000000	6.000000	-1.546123E-13	-4.995315E-6
3735901777.355792	1.208000	0.001000	-0.005000	0.000000	-15.000000	6.900000	100.000000	17.000000	100.000000	4.180000	0.000000	0.000000	0.000000	0.000000	1	1	0.000000	1.000000	1.000000	1.000000	1.000000	1.000000	1.000000	740.000000	740.000000	0.000000	26.000000	2.000000	-1.546123E-13	-4.979587E-6
3735901782.583469	1.208000	0.001000	-0.005000	0.000000	-15.000000	7.000000	100.000000	17.000000	100.000000	4.180000	0.000000	0.000000	0.000000	0.000000	1	1	0.000000	1.000000	1.000000	1.000000	1.000000	1.000000	1.000000	740.000000	740.000000	0.000000	36.000000	8.000000	-1.546123E-13	-4.956300E-6
3735901787.818954	1.208000	0.001000	-0.005000	0.000000	-15.000000	7.100000	100.000000	17.000000	100.000000	4.180000	0.000000	0.000000	0.000000	0.000000	1	1	0.000000	1.000000	1.000000	1.000000	1.000000	1.000000	1.000000	740.000000	740.000000	0.000000	24.000000	7.000000	-1.546123E-13	-4.918306E-6
3735901793.066907	1.208000	0.001000	-0.005000	0.000000	-15.000000	7.200000	100.000000	17.000000	100.000000	4.180000	0.000000	0.000000	0.000000	0.000000	1	1	0.000000	1.000000	1.000000	1.000000	1.000000	1.000000	1.000000	740.000000	740.000000	0.000000	29.000000	10.000000	-1.546123E-13	-4.882355E-6
3735901798.293005	1.208000	0.001000	-0.005000	0.000000	-15.000000	7.300000	100.000000	17.000000	100.000000	4.180000	0.000000	0.000000	0.000000	0.000000	1	1	0.000000	1.000000	1.000000	1.000000	1.000000	1.000000	1.000000	740.000000	740.000000	0.000000	19.000000	5.000000	-1.546123E-13	-4.848651E-6
3735901803.538948	1.208000	0.001000	-0.005000	0.000000	-15.000000	7.400000	100.000000	17.000000	100.000000	4.180000	0.000000	0.000000	0.000000	0.000000	1	1	0.000000	1.000000	1.000000	1.000000	1.000000	1.000000	1.000000	740.000000	740.000000	0.000000	27.000000	5.000000	-1.546123E-13	-4.803509E-6
3735901808.794896	1.208000	0.001000	-0.005000	0.000000	-15.000000	7.500000	100.000000	17.000000	100.000000	4.180000	0.000000	0.000000	0.000000	0.000000	1	1	0.000000	1.000000	1.000000	1.000000	1.000000	1.000000	1.000000	740.000000	740.000000	0.000000	32.000000	3.000000	-1.546123E-13	-4.764287E-6
3735901814.042109	1.208000	0.001000	-0.005000	0.000000	-15.000000	7.600000	100.000000	17.000000	100.000000	4.180000	0.000000	0.000000	0.000000	0.000000	1	1	0.000000	1.000000	1.000000	1.000000	1.000000	1.000000	1.000000	740.000000	740.000000	0.000000	27.000000	6.000000	-1.546123E-13	-4.716081E-6
3735901821.301547	1.208000	0.001000	-0.005000	0.000000	-15.000000	7.700000	100.000000	17.000000	100.000000	4.180000	0.000000	0.000000	0.000000	0.000000	1	1	0.000000	1.000000	1.000000	1.000000	1.000000	1.000000	1.000000	740.000000	740.000000	0.000000	34.000000	4.000000	-1.546123E-13	-4.651738E-6
3735901826.545531	1.208000	0.001000	-0.005000	0.000000	-15.000000	7.800000	100.000000	17.000000	100.000000	4.180000	0.000000	0.000000	0.000000	0.000000	1	1	0.000000	1.000000	1.000000	1.000000	1.000000	1.000000	1.000000	740.000000	740.000000	0.000000	37.000000	8.000000	-1.546123E-13	-4.617013E-6
3735901831.776909	1.208000	0.001000	-0.005000	0.000000	-15.000000	7.900000	100.000000	17.000000	100.000000	4.180000	0.000000	0.000000	0.000000	0.000000	1	1	0.000000	1.000000	1.000000	1.000000	1.000000	1.000000	1.000000	740.000000	740.000000	0.000000	31.000000	7.000000	-1.546123E-13	-4.571663E-6
3735901837.035637	1.208000	0.001000	-0.005000	0.000000	-15.000000	8.000000	100.000000	17.000000	100.000000	4.180000	0.000000	0.000000	0.000000	0.000000	1	1	0.000000	1.000000	1.000000	1.000000	1.000000	1.000000	1.000000	740.000000	740.000000	0.000000	32.000000	5.000000	-1.546123E-13	-4.520597E-6
3735901842.280319	1.208000	0.001000	-0.005000	0.000000	-15.000000	8.100000	100.000000	17.000000	100.000000	4.180000	0.000000	0.000000	0.000000	0.000000	1	1	0.000000	1.000000	1.000000	1.000000	1.000000	1.000000	1.000000	740.000000	740.000000	0.000000	37.000000	10.000000	-1.546123E-13	-4.481991E-6
3735901847.533679	1.208000	0.001000	-0.005000	0.000000	-15.000000	8.200000	100.000000	17.000000	100.000000	4.180000	0.000000	0.000000	0.000000	0.000000	1	1	0.000000	1.000000	1.000000	1.000000	1.000000	1.000000	1.000000	740.000000	740.000000	0.000000	43.000000	10.000000	-1.546123E-13	-4.449716E-6
3735901852.788128	1.208000	0.001000	-0.005000	0.000000	-15.000000	8.300000	100.000000	17.000000	100.000000	4.180000	0.000000	0.000000	0.000000	0.000000	1	1	0.000000	1.000000	1.000000	1.000000	1.000000	1.000000	1.000000	740.000000	740.000000	0.000000	29.000000	11.000000	-1.546123E-13	-4.418261E-6
3735901858.044352	1.208000	0.001000	-0.005000	0.000000	-15.000000	8.400000	100.000000	17.000000	100.000000	4.180000	0.000000	0.000000	0.000000	0.000000	1	1	0.000000	1.000000	1.000000	1.000000	1.000000	1.000000	1.000000	740.000000	740.000000	0.000000	42.000000	8.000000	-1.546123E-13	-4.394157E-6
3735901863.293283	1.208000	0.001000	-0.005000	0.000000	-15.000000	8.500000	100.000000	17.000000	100.000000	4.180000	0.000000	0.000000	0.000000	0.000000	1	1	0.000000	1.000000	1.000000	1.000000	1.000000	1.000000	1.000000	740.000000	740.000000	0.000000	33.000000	12.000000	-1.546123E-13	-4.385372E-6
3735901868.550124	1.208000	0.001000	-0.005000	0.000000	-15.000000	8.600000	100.000000	17.000000	100.000000	4.180000	0.000000	0.000000	0.000000	0.000000	1	1	0.000000	1.000000	1.000000	1.000000	1.000000	1.000000	1.000000	740.000000	740.000000	0.000000	38.000000	5.000000	-1.546123E-13	-4.385780E-6
3735901873.809843	1.208000	0.001000	-0.005000	0.000000	-15.000000	8.700000	100.000000	17.000000	100.000000	4.180000	0.000000	0.000000	0.000000	0.000000	1	1	0.000000	1.000000	1.000000	1.000000	1.000000	1.000000	1.000000	740.000000	740.000000	0.000000	30.000000	12.000000	-1.546123E-13	-4.396607E-6
3735901879.051695	1.208000	0.001000	-0.005000	0.000000	-15.000000	8.800000	100.000000	17.000000	100.000000	4.180000	0.000000	0.000000	0.000000	0.000000	1	1	0.000000	1.000000	1.000000	1.000000	1.000000	1.000000	1.000000	740.000000	740.000000	0.000000	36.000000	12.000000	-1.546123E-13	-4.421120E-6
3735901884.301308	1.208000	0.001000	-0.005000	0.000000	-15.000000	8.900000	100.000000	17.000000	100.000000	4.180000	0.000000	0.000000	0.000000	0.000000	1	1	0.000000	1.000000	1.000000	1.000000	1.000000	1.000000	1.000000	740.000000	740.000000	0.000000	37.000000	11.000000	-1.546123E-13	-4.468509E-6
3735901889.553964	1.208000	0.001000	-0.005000	0.000000	-15.000000	9.000000	100.000000	17.000000	100.000000	4.180000	0.000000	0.000000	0.000000	0.000000	1	1	0.000000	1.000000	1.000000	1.000000	1.000000	1.000000	1.000000	740.000000	740.000000	0.000000	32.000000	9.000000	-1.546123E-13	-4.531422E-6
3735901894.811846	1.208000	0.001000	-0.005000	0.000000	-15.000000	9.100000	100.000000	17.000000	100.000000	4.180000	0.000000	0.000000	0.000000	0.000000	1	1	0.000000	1.000000	1.000000	1.000000	1.000000	1.000000	1.000000	740.000000	740.000000	0.000000	41.000000	7.000000	-1.546123E-13	-4.595971E-6
3735901900.067101	1.208000	0.001000	-0.005000	0.000000	-15.000000	9.200000	100.000000	17.000000	100.000000	4.180000	0.000000	0.000000	0.000000	0.000000	1	1	0.000000	1.000000	1.000000	1.000000	1.000000	1.000000	1.000000	740.000000	740.000000	0.000000	46.000000	11.000000	-1.546123E-13	-4.682784E-6
3735901905.300389	1.208000	0.001000	-0.005000	0.000000	-15.000000	9.300000	100.000000	17.000000	100.000000	4.180000	0.000000	0.000000	0.000000	0.000000	1	1	0.000000	1.000000	1.000000	1.000000	1.000000	1.000000	1.000000	740.000000	740.000000	0.000000	27.000000	1.000000	-1.546123E-13	-4.774705E-6
3735901910.560145	1.208000	0.001000	-0.005000	0.000000	-15.000000	9.400000	100.000000	17.000000	100.000000	4.180000	0.000000	0.000000	0.000000	0.000000	1	1	0.000000	1.000000	1.000000	1.000000	1.000000	1.000000	1.000000	740.000000	740.000000	0.000000	29.000000	7.000000	-1.546123E-13	-4.871732E-6
3735901915.782126	1.208000	0.001000	-0.005000	0.000000	-15.000000	9.500000	100.000000	17.000000	100.000000	4.180000	0.000000	0.000000	0.000000	0.000000	1	1	0.000000	1.000000	1.000000	1.000000	1.000000	1.000000	1.000000	740.000000	740.000000	0.000000	35.000000	10.000000	-1.546123E-13	-4.964674E-6
3735901921.040541	1.208000	0.001000	-0.005000	0.000000	-15.000000	9.600000	100.000000	17.000000	100.000000	4.180000	0.000000	0.000000	0.000000	0.000000	1	1	0.000000	1.000000	1.000000	1.000000	1.000000	1.000000	1.000000	740.000000	740.000000	0.000000	17.000000	5.000000	-1.546123E-13	-5.061699E-6
3735901926.263642	1.208000	0.001000	-0.005000	0.000000	-15.000000	9.700000	100.000000	17.000000	100.000000	4.180000	0.000000	0.000000	0.000000	0.000000	1	1	0.000000	1.000000	1.000000	1.000000	1.000000	1.000000	1.000000	740.000000	740.000000	0.000000	15.000000	6.000000	-1.546123E-13	-5.148309E-6
3735901931.515003	1.208000	0.001000	-0.005000	0.000000	-15.000000	9.800000	100.000000	17.000000	100.000000	4.180000	0.000000	0.000000	0.000000	0.000000	1	1	0.000000	1.000000	1.000000	1.000000	1.000000	1.000000	1.000000	740.000000	740.000000	0.000000	30.000000	3.000000	-1.546123E-13	-5.210816E-6
3735901936.771319	1.208000	0.001000	-0.005000	0.000000	-15.000000	9.900000	100.000000	17.000000	100.000000	4.180000	0.000000	0.000000	0.000000	0.000000	1	1	0.000000	1.000000	1.000000	1.000000	1.000000	1.000000	1.000000	740.000000	740.000000	0.000000	16.000000	5.000000	-1.546123E-13	-5.282718E-6
3735901941.991211	1.208000	0.001000	-0.005000	0.000000	-15.000000	10.000000	100.000000	17.000000	100.000000	4.180000	0.000000	0.000000	0.000000	0.000000	1	1	0.000000	1.000000	1.000000	1.000000	1.000000	1.000000	1.000000	740.000000	740.000000	0.000000	13.000000	9.000000	-1.546123E-13	-5.341751E-6
3735901947.231548	1.208000	0.001000	-0.005000	0.000000	-15.000000	10.100000	100.000000	17.000000	100.000000	4.180000	0.000000	0.000000	0.000000	0.000000	1	1	0.000000	1.000000	1.000000	1.000000	1.000000	1.000000	1.000000	740.000000	740.000000	0.000000	16.000000	8.000000	-1.546123E-13	-5.397312E-6
3735901952.475752	1.208000	0.001000	-0.005000	0.000000	-15.000000	10.200000	100.000000	17.000000	100.000000	4.180000	0.000000	0.000000	0.000000	0.000000	1	1	0.000000	1.000000	1.000000	1.000000	1.000000	1.000000	1.000000	740.000000	740.000000	0.000000	12.000000	6.000000	-1.546123E-13	-5.444293E-6
3735901957.726400	1.208000	0.001000	-0.005000	0.000000	-15.000000	10.300000	100.000000	17.000000	100.000000	4.180000	0.000000	0.000000	0.000000	0.000000	1	1	0.000000	1.000000	1.000000	1.000000	1.000000	1.000000	1.000000	740.000000	740.000000	0.000000	18.000000	3.000000	-1.546123E-13	-5.487188E-6
3735901962.963120	1.208000	0.001000	-0.005000	0.000000	-15.000000	10.400000	100.000000	17.000000	100.000000	4.180000	0.000000	0.000000	0.000000	0.000000	1	1	0.000000	1.000000	1.000000	1.000000	1.000000	1.000000	1.000000	740.000000	740.000000	0.000000	19.000000	4.000000	-1.546123E-13	-5.528858E-6
3735901968.189142	1.208000	0.001000	-0.005000	0.000000	-15.000000	10.500000	100.000000	17.000000	100.000000	4.180000	0.000000	0.000000	0.000000	0.000000	1	1	0.000000	1.000000	1.000000	1.000000	1.000000	1.000000	1.000000	740.000000	740.000000	0.000000	20.000000	2.000000	-1.546123E-13	-5.565014E-6
3735901973.437731	1.208000	0.001000	-0.005000	0.000000	-15.000000	10.600000	100.000000	17.000000	100.000000	4.180000	0.000000	0.000000	0.000000	0.000000	1	1	0.000000	1.000000	1.000000	1.000000	1.000000	1.000000	1.000000	740.000000	740.000000	0.000000	16.000000	3.000000	-1.546123E-13	-5.590342E-6
3735901978.695019	1.208000	0.001000	-0.005000	0.000000	-15.000000	10.700000	100.000000	17.000000	100.000000	4.180000	0.000000	0.000000	0.000000	0.000000	1	1	0.000000	1.000000	1.000000	1.000000	1.000000	1.000000	1.000000	740.000000	740.000000	0.000000	16.000000	4.000000	-1.546123E-13	-5.620985E-6
3735901983.948700	1.208000	0.001000	-0.005000	0.000000	-15.000000	10.800000	100.000000	17.000000	100.000000	4.180000	0.000000	0.000000	0.000000	0.000000	1	1	0.000000	1.000000	1.000000	1.000000	1.000000	1.000000	1.000000	740.000000	740.000000	0.000000	13.000000	6.000000	-1.546123E-13	-5.642842E-6
3735901989.190880	1.208000	0.001000	-0.005000	0.000000	-15.000000	10.900000	100.000000	17.000000	100.000000	4.180000	0.000000	0.000000	0.000000	0.000000	1	1	0.000000	1.000000	1.000000	1.000000	1.000000	1.000000	1.000000	740.000000	740.000000	0.000000	16.000000	5.000000	-1.546123E-13	-5.660406E-6
3735901994.426880	1.208000	0.001000	-0.005000	0.000000	-15.000000	11.000000	100.000000	17.000000	100.000000	4.180000	0.000000	0.000000	0.000000	0.000000	1	1	0.000000	1.000000	1.000000	1.000000	1.000000	1.000000	1.000000	740.000000	740.000000	0.000000	10.000000	6.000000	-1.546123E-13	-5.683693E-6
3735901999.705464	1.208000	0.001000	-0.005000	0.000000	-15.000000	11.100000	100.000000	17.000000	100.000000	4.180000	0.000000	0.000000	0.000000	0.000000	1	1	0.000000	1.000000	1.000000	1.000000	1.000000	1.000000	1.000000	740.000000	740.000000	0.000000	10.000000	6.000000	-1.546123E-13	-5.711473E-6
3735902004.929442	1.208000	0.001000	-0.005000	0.000000	-15.000000	11.200000	100.000000	17.000000	100.000000	4.180000	0.000000	0.000000	0.000000	0.000000	1	1	0.000000	1.000000	1.000000	1.000000	1.000000	1.000000	1.000000	740.000000	740.000000	0.000000	12.000000	11.000000	-1.546123E-13	-5.720665E-6
3735902010.176658	1.208000	0.001000	-0.005000	0.000000	-15.000000	11.300000	100.000000	17.000000	100.000000	4.180000	0.000000	0.000000	0.000000	0.000000	1	1	0.000000	1.000000	1.000000	1.000000	1.000000	1.000000	1.000000	740.000000	740.000000	0.000000	23.000000	15.000000	-1.546123E-13	-5.734964E-6
3735902015.407165	1.208000	0.001000	-0.005000	0.000000	-15.000000	11.400000	100.000000	17.000000	100.000000	4.180000	0.000000	0.000000	0.000000	0.000000	1	1	0.000000	1.000000	1.000000	1.000000	1.000000	1.000000	1.000000	740.000000	740.000000	0.000000	22.000000	19.000000	-1.546123E-13	-5.758456E-6
3735902021.524152	1.208000	0.001000	-0.005000	0.000000	-15.000000	11.500000	100.000000	17.000000	100.000000	4.180000	0.000000	0.000000	0.000000	0.000000	1	1	0.000000	1.000000	1.000000	1.000000	1.000000	1.000000	1.000000	740.000000	740.000000	0.000000	28.000000	33.000000	-1.546123E-13	-5.777247E-6
3735902029.699601	1.208000	0.001000	-0.005000	0.000000	-15.000000	11.600000	100.000000	17.000000	100.000000	4.180000	0.000000	0.000000	0.000000	0.000000	1	1	0.000000	1.000000	1.000000	1.000000	1.000000	1.000000	1.000000	740.000000	740.000000	0.000000	45.000000	27.000000	-1.546123E-13	-5.785012E-6
3735902036.311753	1.208000	0.001000	-0.005000	0.000000	-15.000000	11.700000	100.000000	17.000000	100.000000	4.180000	0.000000	0.000000	0.000000	0.000000	1	1	0.000000	1.000000	1.000000	1.000000	1.000000	1.000000	1.000000	740.000000	740.000000	0.000000	54.000000	42.000000	-1.546123E-13	-5.806661E-6
3735902043.016863	1.208000	0.001000	-0.005000	0.000000	-15.000000	11.800000	100.000000	17.000000	100.000000	4.180000	0.000000	0.000000	0.000000	0.000000	1	1	0.000000	1.000000	1.000000	1.000000	1.000000	1.000000	1.000000	740.000000	740.000000	0.000000	64.000000	48.000000	-1.546123E-13	-5.821777E-6
3735902049.344937	1.208000	0.001000	-0.005000	0.000000	-15.000000	11.900000	100.000000	17.000000	100.000000	4.180000	0.000000	0.000000	0.000000	0.000000	1	1	0.000000	1.000000	1.000000	1.000000	1.000000	1.000000	1.000000	740.000000	740.000000	0.000000	79.000000	60.000000	-1.546123E-13	-5.832807E-6
3735902055.779157	1.208000	0.001000	-0.005000	0.000000	-15.000000	12.000000	100.000000	17.000000	100.000000	4.180000	0.000000	0.000000	0.000000	0.000000	1	1	0.000000	1.000000	1.000000	1.000000	1.000000	1.000000	1.000000	740.000000	740.000000	0.000000	66.000000	42.000000	-1.546123E-13	-5.842001E-6
3735902062.178085	1.208000	0.001000	-0.005000	0.000000	-15.000000	12.100000	100.000000	17.000000	100.000000	4.180000	0.000000	0.000000	0.000000	0.000000	1	1	0.000000	1.000000	1.000000	1.000000	1.000000	1.000000	1.000000	740.000000	740.000000	0.000000	92.000000	35.000000	-1.546123E-13	-5.849353E-6
3735902068.575822	1.208000	0.001000	-0.005000	0.000000	-15.000000	12.200000	100.000000	17.000000	100.000000	4.180000	0.000000	0.000000	0.000000	0.000000	1	1	0.000000	1.000000	1.000000	1.000000	1.000000	1.000000	1.000000	740.000000	740.000000	0.000000	75.000000	47.000000	-1.546123E-13	-5.854869E-6
3735902075.129375	1.208000	0.001000	-0.005000	0.000000	-15.000000	12.300000	100.000000	17.000000	100.000000	4.180000	0.000000	0.000000	0.000000	0.000000	1	1	0.000000	1.000000	1.000000	1.000000	1.000000	1.000000	1.000000	740.000000	740.000000	0.000000	76.000000	477.000000	-1.546123E-13	-5.868557E-6
3735902081.958090	1.208000	0.001000	-0.005000	0.000000	-15.000000	12.400000	100.000000	17.000000	100.000000	4.180000	0.000000	0.000000	0.000000	0.000000	1	1	0.000000	1.000000	1.000000	1.000000	1.000000	1.000000	1.000000	740.000000	740.000000	0.000000	99.000000	49.000000	-1.546123E-13	-5.873866E-6
3735902088.423171	1.208000	0.001000	-0.005000	0.000000	-15.000000	12.500000	100.000000	17.000000	100.000000	4.180000	0.000000	0.000000	0.000000	0.000000	1	1	0.000000	1.000000	1.000000	1.000000	1.000000	1.000000	1.000000	740.000000	740.000000	0.000000	85.000000	40.000000	-1.546123E-13	-5.884896E-6
3735902095.221350	1.208000	0.001000	-0.005000	0.000000	-15.000000	12.600000	100.000000	17.000000	100.000000	4.180000	0.000000	0.000000	0.000000	0.000000	1	1	0.000000	1.000000	1.000000	1.000000	1.000000	1.000000	1.000000	740.000000	740.000000	0.000000	101.000000	42.000000	-1.546123E-13	-5.895313E-6
3735902101.909439	1.208000	0.001000	-0.005000	0.000000	-15.000000	12.700000	100.000000	17.000000	100.000000	4.180000	0.000000	0.000000	0.000000	0.000000	1	1	0.000000	1.000000	1.000000	1.000000	1.000000	1.000000	1.000000	740.000000	740.000000	0.000000	95.000000	22.000000	-1.546123E-13	-5.902260E-6
3735902108.381685	1.208000	0.001000	-0.005000	0.000000	-15.000000	12.800000	100.000000	17.000000	100.000000	4.180000	0.000000	0.000000	0.000000	0.000000	1	1	0.000000	1.000000	1.000000	1.000000	1.000000	1.000000	1.000000	740.000000	740.000000	0.000000	88.000000	33.000000	-1.546123E-13	-5.916761E-6
3735902114.912577	1.208000	0.001000	-0.005000	0.000000	-15.000000	12.900000	100.000000	17.000000	100.000000	4.180000	0.000000	0.000000	0.000000	0.000000	1	1	0.000000	1.000000	1.000000	1.000000	1.000000	1.000000	1.000000	740.000000	740.000000	0.000000	74.000000	39.000000	-1.546123E-13	-5.918806E-6
3735902121.637132	1.208000	0.001000	-0.005000	0.000000	-15.000000	13.000000	100.000000	17.000000	100.000000	4.180000	0.000000	0.000000	0.000000	0.000000	1	1	0.000000	1.000000	1.000000	1.000000	1.000000	1.000000	1.000000	740.000000	740.000000	0.000000	58.000000	28.000000	-1.546123E-13	-5.925136E-6
3735902128.316487	1.208000	0.001000	-0.005000	0.000000	-15.000000	13.100000	100.000000	17.000000	100.000000	4.180000	0.000000	0.000000	0.000000	0.000000	1	1	0.000000	1.000000	1.000000	1.000000	1.000000	1.000000	1.000000	740.000000	740.000000	0.000000	65.000000	51.000000	-1.546123E-13	-5.933717E-6
3735902135.063141	1.208000	0.001000	-0.005000	0.000000	-15.000000	13.200000	100.000000	17.000000	100.000000	4.180000	0.000000	0.000000	0.000000	0.000000	1	1	0.000000	1.000000	1.000000	1.000000	1.000000	1.000000	1.000000	740.000000	740.000000	0.000000	65.000000	35.000000	-1.546123E-13	-5.940866E-6
3735902142.026608	1.208000	0.001000	-0.005000	0.000000	-15.000000	13.300000	100.000000	17.000000	100.000000	4.180000	0.000000	0.000000	0.000000	0.000000	1	1	0.000000	1.000000	1.000000	1.000000	1.000000	1.000000	1.000000	740.000000	740.000000	0.000000	56.000000	22.000000	-1.546123E-13	-5.944748E-6
3735902148.061318	1.208000	0.001000	-0.005000	0.000000	-15.000000	13.400000	100.000000	17.000000	100.000000	4.180000	0.000000	0.000000	0.000000	0.000000	1	1	0.000000	1.000000	1.000000	1.000000	1.000000	1.000000	1.000000	740.000000	740.000000	0.000000	39.000000	33.000000	-1.546123E-13	-5.955163E-6
3735902154.974418	1.208000	0.001000	-0.005000	0.000000	-15.000000	13.500000	100.000000	17.000000	100.000000	4.180000	0.000000	0.000000	0.000000	0.000000	1	1	0.000000	1.000000	1.000000	1.000000	1.000000	1.000000	1.000000	740.000000	740.000000	0.000000	47.000000	26.000000	-1.546123E-13	-5.966604E-6
3735902162.026982	1.208000	0.001000	-0.005000	0.000000	-15.000000	13.600000	100.000000	17.000000	100.000000	4.180000	0.000000	0.000000	0.000000	0.000000	1	1	0.000000	1.000000	1.000000	1.000000	1.000000	1.000000	1.000000	740.000000	740.000000	0.000000	60.000000	24.000000	-1.546123E-13	-5.963539E-6
3735902167.287973	1.208000	0.001000	-0.005000	0.000000	-15.000000	13.700000	100.000000	17.000000	100.000000	4.180000	0.000000	0.000000	0.000000	0.000000	1	1	0.000000	1.000000	1.000000	1.000000	1.000000	1.000000	1.000000	740.000000	740.000000	0.000000	46.000000	23.000000	-1.546123E-13	-5.978859E-6
3735902174.482140	1.208000	0.001000	-0.005000	0.000000	-15.000000	13.800000	100.000000	17.000000	100.000000	4.180000	0.000000	0.000000	0.000000	0.000000	1	1	0.000000	1.000000	1.000000	1.000000	1.000000	1.000000	1.000000	740.000000	740.000000	0.000000	47.000000	21.000000	-1.546123E-13	-5.985190E-6
3735902179.729328	1.208000	0.001000	-0.005000	0.000000	-15.000000	13.900000	100.000000	17.000000	100.000000	4.180000	0.000000	0.000000	0.000000	0.000000	1	1	0.000000	1.000000	1.000000	1.000000	1.000000	1.000000	1.000000	740.000000	740.000000	0.000000	37.000000	17.000000	-1.546123E-13	-5.990707E-6
3735902184.945756	1.208000	0.001000	-0.005000	0.000000	-15.000000	14.000000	100.000000	17.000000	100.000000	4.180000	0.000000	0.000000	0.000000	0.000000	1	1	0.000000	1.000000	1.000000	1.000000	1.000000	1.000000	1.000000	740.000000	740.000000	0.000000	34.000000	15.000000	-1.546123E-13	-5.994998E-6
3735902190.194065	1.208000	0.001000	-0.005000	0.000000	-15.000000	14.100000	100.000000	17.000000	100.000000	4.180000	0.000000	0.000000	0.000000	0.000000	1	1	0.000000	1.000000	1.000000	1.000000	1.000000	1.000000	1.000000	740.000000	740.000000	0.000000	38.000000	19.000000	-1.546123E-13	-5.995202E-6
3735902195.448082	1.208000	0.001000	-0.005000	0.000000	-15.000000	14.200000	100.000000	17.000000	100.000000	4.180000	0.000000	0.000000	0.000000	0.000000	1	1	0.000000	1.000000	1.000000	1.000000	1.000000	1.000000	1.000000	740.000000	740.000000	0.000000	34.000000	20.000000	-1.546123E-13	-5.988461E-6
3735902200.694857	1.208000	0.001000	-0.005000	0.000000	-15.000000	14.300000	100.000000	17.000000	100.000000	4.180000	0.000000	0.000000	0.000000	0.000000	1	1	0.000000	1.000000	1.000000	1.000000	1.000000	1.000000	1.000000	740.000000	740.000000	0.000000	33.000000	13.000000	-1.546123E-13	-6.018076E-6
3735902205.946621	1.208000	0.001000	-0.005000	0.000000	-15.000000	14.400000	100.000000	17.000000	100.000000	4.180000	0.000000	0.000000	0.000000	0.000000	1	1	0.000000	1.000000	1.000000	1.000000	1.000000	1.000000	1.000000	740.000000	740.000000	0.000000	33.000000	14.000000	-1.546123E-13	-6.023186E-6
3735902211.185039	1.208000	0.001000	-0.005000	0.000000	-15.000000	14.500000	100.000000	17.000000	100.000000	4.180000	0.000000	0.000000	0.000000	0.000000	1	1	0.000000	1.000000	1.000000	1.000000	1.000000	1.000000	1.000000	740.000000	740.000000	0.000000	21.000000	13.000000	-1.546123E-13	-6.025433E-6
3735902216.424996	1.208000	0.001000	-0.005000	0.000000	-15.000000	14.600000	100.000000	17.000000	100.000000	4.180000	0.000000	0.000000	0.000000	0.000000	1	1	0.000000	1.000000	1.000000	1.000000	1.000000	1.000000	1.000000	740.000000	740.000000	0.000000	38.000000	18.000000	-1.546123E-13	-6.036255E-6
3735902221.674358	1.208000	0.001000	-0.005000	0.000000	-15.000000	14.700000	100.000000	17.000000	100.000000	4.180000	0.000000	0.000000	0.000000	0.000000	1	1	0.000000	1.000000	1.000000	1.000000	1.000000	1.000000	1.000000	740.000000	740.000000	0.000000	25.000000	18.000000	-1.546123E-13	-6.043407E-6
3735902226.949930	1.208000	0.001000	-0.005000	0.000000	-15.000000	14.800000	100.000000	17.000000	100.000000	4.180000	0.000000	0.000000	0.000000	0.000000	1	1	0.000000	1.000000	1.000000	1.000000	1.000000	1.000000	1.000000	740.000000	740.000000	0.000000	25.000000	11.000000	-1.546123E-13	-6.043408E-6
3735902232.215571	1.208000	0.001000	-0.005000	0.000000	-15.000000	14.900000	100.000000	17.000000	100.000000	4.180000	0.000000	0.000000	0.000000	0.000000	1	1	0.000000	1.000000	1.000000	1.000000	1.000000	1.000000	1.000000	740.000000	740.000000	0.000000	31.000000	9.000000	-1.546123E-13	-6.047085E-6
3735902237.455653	1.208000	0.001000	-0.005000	0.000000	-15.000000	15.000000	100.000000	17.000000	100.000000	4.180000	0.000000	0.000000	0.000000	0.000000	1	1	0.000000	1.000000	1.000000	1.000000	1.000000	1.000000	1.000000	740.000000	740.000000	0.000000	35.000000	14.000000	-1.546123E-13	-6.048105E-6
3735902242.705450	1.208000	0.001000	-0.005000	0.000000	-15.000000	15.100000	100.000000	17.000000	100.000000	4.180000	0.000000	0.000000	0.000000	0.000000	1	1	0.000000	1.000000	1.000000	1.000000	1.000000	1.000000	1.000000	740.000000	740.000000	0.000000	28.000000	12.000000	-1.546123E-13	-6.053826E-6
3735902247.939140	1.208000	0.001000	-0.005000	0.000000	-15.000000	15.200000	100.000000	17.000000	100.000000	4.180000	0.000000	0.000000	0.000000	0.000000	1	1	0.000000	1.000000	1.000000	1.000000	1.000000	1.000000	1.000000	740.000000	740.000000	0.000000	23.000000	12.000000	-1.546123E-13	-6.060567E-6
3735902253.191909	1.208000	0.001000	-0.005000	0.000000	-15.000000	15.300000	100.000000	17.000000	100.000000	4.180000	0.000000	0.000000	0.000000	0.000000	1	1	0.000000	1.000000	1.000000	1.000000	1.000000	1.000000	1.000000	740.000000	740.000000	0.000000	24.000000	12.000000	-1.546123E-13	-6.067308E-6
3735902258.416684	1.208000	0.001000	-0.005000	0.000000	-15.000000	15.400000	100.000000	17.000000	100.000000	4.180000	0.000000	0.000000	0.000000	0.000000	1	1	0.000000	1.000000	1.000000	1.000000	1.000000	1.000000	1.000000	740.000000	740.000000	0.000000	37.000000	17.000000	-1.546123E-13	-6.072823E-6
3735902263.629221	1.208000	0.001000	-0.005000	0.000000	-15.000000	15.500000	100.000000	17.000000	100.000000	4.180000	0.000000	0.000000	0.000000	0.000000	1	1	0.000000	1.000000	1.000000	1.000000	1.000000	1.000000	1.000000	740.000000	740.000000	0.000000	42.000000	22.000000	-1.546123E-13	-6.075682E-6
3735902268.863356	1.208000	0.001000	-0.005000	0.000000	-15.000000	15.600000	100.000000	17.000000	100.000000	4.180000	0.000000	0.000000	0.000000	0.000000	1	1	0.000000	1.000000	1.000000	1.000000	1.000000	1.000000	1.000000	740.000000	740.000000	0.000000	37.000000	15.000000	-1.546123E-13	-6.080583E-6
3735902274.124316	1.208000	0.001000	-0.005000	0.000000	-15.000000	15.700000	100.000000	17.000000	100.000000	4.180000	0.000000	0.000000	0.000000	0.000000	1	1	0.000000	1.000000	1.000000	1.000000	1.000000	1.000000	1.000000	740.000000	740.000000	0.000000	31.000000	18.000000	-1.546123E-13	-6.098558E-6
3735902279.350626	1.208000	0.001000	-0.005000	0.000000	-15.000000	15.800000	100.000000	17.000000	100.000000	4.180000	0.000000	0.000000	0.000000	0.000000	1	1	0.000000	1.000000	1.000000	1.000000	1.000000	1.000000	1.000000	740.000000	740.000000	0.000000	39.000000	23.000000	-1.546123E-13	-6.095904E-6
3735902284.575876	1.208000	0.001000	-0.005000	0.000000	-15.000000	15.900000	100.000000	17.000000	100.000000	4.180000	0.000000	0.000000	0.000000	0.000000	1	1	0.000000	1.000000	1.000000	1.000000	1.000000	1.000000	1.000000	740.000000	740.000000	0.000000	26.000000	17.000000	-1.546123E-13	-6.096111E-6
3735902289.831194	1.208000	0.001000	-0.005000	0.000000	-15.000000	16.000000	100.000000	17.000000	100.000000	4.180000	0.000000	0.000000	0.000000	0.000000	1	1	0.000000	1.000000	1.000000	1.000000	1.000000	1.000000	1.000000	740.000000	740.000000	0.000000	41.000000	25.000000	-1.546123E-13	-6.104073E-6
3735902295.079541	1.208000	0.001000	-0.005000	0.000000	-15.000000	16.100000	100.000000	17.000000	100.000000	4.180000	0.000000	0.000000	0.000000	0.000000	1	1	0.000000	1.000000	1.000000	1.000000	1.000000	1.000000	1.000000	740.000000	740.000000	0.000000	33.000000	15.000000	-1.546123E-13	-6.103666E-6
3735902300.324317	1.208000	0.001000	-0.005000	0.000000	-15.000000	16.200000	100.000000	17.000000	100.000000	4.180000	0.000000	0.000000	0.000000	0.000000	1	1	0.000000	1.000000	1.000000	1.000000	1.000000	1.000000	1.000000	740.000000	740.000000	0.000000	46.000000	22.000000	-1.546123E-13	-6.100805E-6
3735902305.569022	1.208000	0.001000	-0.005000	0.000000	-15.000000	16.300000	100.000000	17.000000	100.000000	4.180000	0.000000	0.000000	0.000000	0.000000	1	1	0.000000	1.000000	1.000000	1.000000	1.000000	1.000000	1.000000	740.000000	740.000000	0.000000	39.000000	25.000000	-1.546123E-13	-6.109997E-6
3735902310.804738	1.208000	0.001000	-0.005000	0.000000	-15.000000	16.400000	100.000000	17.000000	100.000000	4.180000	0.000000	0.000000	0.000000	0.000000	1	1	0.000000	1.000000	1.000000	1.000000	1.000000	1.000000	1.000000	740.000000	740.000000	0.000000	31.000000	16.000000	-1.546123E-13	-6.116739E-6
3735902316.025218	1.208000	0.001000	-0.005000	0.000000	-15.000000	16.500000	100.000000	17.000000	100.000000	4.180000	0.000000	0.000000	0.000000	0.000000	1	1	0.000000	1.000000	1.000000	1.000000	1.000000	1.000000	1.000000	740.000000	740.000000	0.000000	35.000000	25.000000	-1.546123E-13	-6.109796E-6
3735902322.182607	1.208000	0.001000	-0.005000	0.000000	-15.000000	16.600000	100.000000	17.000000	100.000000	4.180000	0.000000	0.000000	0.000000	0.000000	1	1	0.000000	1.000000	1.000000	1.000000	1.000000	1.000000	1.000000	740.000000	740.000000	0.000000	44.000000	15.000000	-1.546123E-13	-6.118782E-6
3735902329.427874	1.208000	0.001000	-0.005000	0.000000	-15.000000	16.700000	100.000000	17.000000	100.000000	4.180000	0.000000	0.000000	0.000000	0.000000	1	1	0.000000	1.000000	1.000000	1.000000	1.000000	1.000000	1.000000	740.000000	740.000000	0.000000	37.000000	29.000000	-1.546123E-13	-6.125727E-6
3735902334.673094	1.208000	0.001000	-0.005000	0.000000	-15.000000	16.800000	100.000000	17.000000	100.000000	4.180000	0.000000	0.000000	0.000000	0.000000	1	1	0.000000	1.000000	1.000000	1.000000	1.000000	1.000000	1.000000	740.000000	740.000000	0.000000	32.000000	25.000000	-1.546123E-13	-6.138594E-6
3735902340.893937	1.208000	0.001000	-0.005000	0.000000	-15.000000	16.900000	100.000000	17.000000	100.000000	4.180000	0.000000	0.000000	0.000000	0.000000	1	1	0.000000	1.000000	1.000000	1.000000	1.000000	1.000000	1.000000	740.000000	740.000000	0.000000	39.000000	20.000000	-1.546123E-13	-6.139004E-6
3735902348.053813	1.208000	0.001000	-0.005000	0.000000	-15.000000	17.000000	100.000000	17.000000	100.000000	4.180000	0.000000	0.000000	0.000000	0.000000	1	1	0.000000	1.000000	1.000000	1.000000	1.000000	1.000000	1.000000	740.000000	740.000000	0.000000	51.000000	24.000000	-1.546123E-13	-6.132263E-6
3735902353.303943	1.208000	0.001000	-0.005000	0.000000	-15.000000	17.100000	100.000000	17.000000	100.000000	4.180000	0.000000	0.000000	0.000000	0.000000	1	1	0.000000	1.000000	1.000000	1.000000	1.000000	1.000000	1.000000	740.000000	740.000000	0.000000	38.000000	18.000000	-1.546123E-13	-6.146154E-6
3735902358.554491	1.208000	0.001000	-0.005000	0.000000	-15.000000	17.200000	100.000000	17.000000	100.000000	4.180000	0.000000	0.000000	0.000000	0.000000	1	1	0.000000	1.000000	1.000000	1.000000	1.000000	1.000000	1.000000	740.000000	740.000000	0.000000	36.000000	25.000000	-1.546123E-13	-6.154529E-6
3735902365.534138	1.208000	0.001000	-0.005000	0.000000	-15.000000	17.300000	100.000000	17.000000	100.000000	4.180000	0.000000	0.000000	0.000000	0.000000	1	1	0.000000	1.000000	1.000000	1.000000	1.000000	1.000000	1.000000	740.000000	740.000000	0.000000	49.000000	32.000000	-1.546123E-13	-6.152281E-6
3735902371.733451	1.208000	0.001000	-0.005000	0.000000	-15.000000	17.400000	100.000000	17.000000	100.000000	4.180000	0.000000	0.000000	0.000000	0.000000	1	1	0.000000	1.000000	1.000000	1.000000	1.000000	1.000000	1.000000	740.000000	740.000000	0.000000	36.000000	18.000000	-1.546123E-13	-6.160045E-6
3735902376.984849	1.208000	0.001000	-0.005000	0.000000	-15.000000	17.500000	100.000000	17.000000	100.000000	4.180000	0.000000	0.000000	0.000000	0.000000	1	1	0.000000	1.000000	1.000000	1.000000	1.000000	1.000000	1.000000	740.000000	740.000000	0.000000	34.000000	18.000000	-1.546123E-13	-6.152487E-6
3735902383.274247	1.208000	0.001000	-0.005000	0.000000	-15.000000	17.600000	100.000000	17.000000	100.000000	4.180000	0.000000	0.000000	0.000000	0.000000	1	1	0.000000	1.000000	1.000000	1.000000	1.000000	1.000000	1.000000	740.000000	740.000000	0.000000	48.000000	29.000000	-1.546123E-13	-6.161678E-6
3735902388.508499	1.208000	0.001000	-0.005000	0.000000	-15.000000	17.700000	100.000000	17.000000	100.000000	4.180000	0.000000	0.000000	0.000000	0.000000	1	1	0.000000	1.000000	1.000000	1.000000	1.000000	1.000000	1.000000	740.000000	740.000000	0.000000	35.000000	17.000000	-1.546123E-13	-6.157797E-6
3735902394.687136	1.208000	0.001000	-0.005000	0.000000	-15.000000	17.800000	100.000000	17.000000	100.000000	4.180000	0.000000	0.000000	0.000000	0.000000	1	1	0.000000	1.000000	1.000000	1.000000	1.000000	1.000000	1.000000	740.000000	740.000000	0.000000	48.000000	18.000000	-1.546123E-13	-6.164130E-6
3735902400.876141	1.208000	0.001000	-0.005000	0.000000	-15.000000	17.900000	100.000000	17.000000	100.000000	4.180000	0.000000	0.000000	0.000000	0.000000	1	1	0.000000	1.000000	1.000000	1.000000	1.000000	1.000000	1.000000	740.000000	740.000000	0.000000	43.000000	24.000000	-1.546123E-13	-6.171075E-6
3735902407.994272	1.208000	0.001000	-0.005000	0.000000	-15.000000	18.000000	100.000000	17.000000	100.000000	4.180000	0.000000	0.000000	0.000000	0.000000	1	1	0.000000	1.000000	1.000000	1.000000	1.000000	1.000000	1.000000	740.000000	740.000000	0.000000	53.000000	28.000000	-1.546123E-13	-6.162698E-6
3735902414.184929	1.208000	0.001000	-0.005000	0.000000	-15.000000	18.100000	100.000000	17.000000	100.000000	4.180000	0.000000	0.000000	0.000000	0.000000	1	1	0.000000	1.000000	1.000000	1.000000	1.000000	1.000000	1.000000	740.000000	740.000000	0.000000	44.000000	28.000000	-1.546123E-13	-6.183739E-6
3735902419.413963	1.208000	0.001000	-0.005000	0.000000	-15.000000	18.200000	100.000000	17.000000	100.000000	4.180000	0.000000	0.000000	0.000000	0.000000	1	1	0.000000	1.000000	1.000000	1.000000	1.000000	1.000000	1.000000	740.000000	740.000000	0.000000	48.000000	19.000000	-1.546123E-13	-6.187619E-6
3735902425.484556	1.208000	0.001000	-0.005000	0.000000	-15.000000	18.300000	100.000000	17.000000	100.000000	4.180000	0.000000	0.000000	0.000000	0.000000	1	1	0.000000	1.000000	1.000000	1.000000	1.000000	1.000000	1.000000	740.000000	740.000000	0.000000	56.000000	22.000000	-1.546123E-13	-6.188027E-6
3735902431.470396	1.208000	0.001000	-0.005000	0.000000	-15.000000	18.400000	100.000000	17.000000	100.000000	4.180000	0.000000	0.000000	0.000000	0.000000	1	1	0.000000	1.000000	1.000000	1.000000	1.000000	1.000000	1.000000	740.000000	740.000000	0.000000	54.000000	22.000000	-1.546123E-13	-6.191499E-6
3735902437.653990	1.208000	0.001000	-0.005000	0.000000	-15.000000	18.500000	100.000000	17.000000	100.000000	4.180000	0.000000	0.000000	0.000000	0.000000	1	1	0.000000	1.000000	1.000000	1.000000	1.000000	1.000000	1.000000	740.000000	740.000000	0.000000	45.000000	28.000000	-1.546123E-13	-6.195587E-6
3735902442.886671	1.208000	0.001000	-0.005000	0.000000	-15.000000	18.600000	100.000000	17.000000	100.000000	4.180000	0.000000	0.000000	0.000000	0.000000	1	1	0.000000	1.000000	1.000000	1.000000	1.000000	1.000000	1.000000	740.000000	740.000000	0.000000	35.000000	26.000000	-1.546123E-13	-6.199875E-6
3735902449.062360	1.208000	0.001000	-0.005000	0.000000	-15.000000	18.700000	100.000000	17.000000	100.000000	4.180000	0.000000	0.000000	0.000000	0.000000	1	1	0.000000	1.000000	1.000000	1.000000	1.000000	1.000000	1.000000	740.000000	740.000000	0.000000	33.000000	29.000000	-1.546123E-13	-6.196811E-6
3735902455.141477	1.208000	0.001000	-0.005000	0.000000	-15.000000	18.800000	100.000000	17.000000	100.000000	4.180000	0.000000	0.000000	0.000000	0.000000	1	1	0.000000	1.000000	1.000000	1.000000	1.000000	1.000000	1.000000	740.000000	740.000000	0.000000	47.000000	29.000000	-1.546123E-13	-6.200898E-6
3735902461.174658	1.208000	0.001000	-0.005000	0.000000	-15.000000	18.900000	100.000000	17.000000	100.000000	4.180000	0.000000	0.000000	0.000000	0.000000	1	1	0.000000	1.000000	1.000000	1.000000	1.000000	1.000000	1.000000	740.000000	740.000000	0.000000	58.000000	24.000000	-1.546123E-13	-6.210908E-6
3735902468.215175	1.208000	0.001000	-0.005000	0.000000	-15.000000	19.000000	100.000000	17.000000	100.000000	4.180000	0.000000	0.000000	0.000000	0.000000	1	1	0.000000	1.000000	1.000000	1.000000	1.000000	1.000000	1.000000	740.000000	740.000000	0.000000	51.000000	26.000000	-1.546123E-13	-6.207843E-6
3735902474.299064	1.208000	0.001000	-0.005000	0.000000	-15.000000	19.100000	100.000000	17.000000	100.000000	4.180000	0.000000	0.000000	0.000000	0.000000	1	1	0.000000	1.000000	1.000000	1.000000	1.000000	1.000000	1.000000	740.000000	740.000000	0.000000	50.000000	19.000000	-1.546123E-13	-6.210498E-6
3735902480.424612	1.208000	0.001000	-0.005000	0.000000	-15.000000	19.200000	100.000000	17.000000	100.000000	4.180000	0.000000	0.000000	0.000000	0.000000	1	1	0.000000	1.000000	1.000000	1.000000	1.000000	1.000000	1.000000	740.000000	740.000000	0.000000	48.000000	33.000000	-1.546123E-13	-6.216217E-6
3735902487.338146	1.208000	0.001000	-0.005000	0.000000	-15.000000	19.300000	100.000000	17.000000	100.000000	4.180000	0.000000	0.000000	0.000000	0.000000	1	1	0.000000	1.000000	1.000000	1.000000	1.000000	1.000000	1.000000	740.000000	740.000000	0.000000	46.000000	25.000000	-1.546123E-13	-6.218057E-6
3735902494.197320	1.208000	0.001000	-0.005000	0.000000	-15.000000	19.400000	100.000000	17.000000	100.000000	4.180000	0.000000	0.000000	0.000000	0.000000	1	1	0.000000	1.000000	1.000000	1.000000	1.000000	1.000000	1.000000	740.000000	740.000000	0.000000	65.000000	26.000000	-1.546123E-13	-6.224591E-6
3735902501.058241	1.208000	0.001000	-0.005000	0.000000	-15.000000	19.500000	100.000000	17.000000	100.000000	4.180000	0.000000	0.000000	0.000000	0.000000	1	1	0.000000	1.000000	1.000000	1.000000	1.000000	1.000000	1.000000	740.000000	740.000000	0.000000	49.000000	33.000000	-1.546123E-13	-6.228473E-6
3735902507.897553	1.208000	0.001000	-0.005000	0.000000	-15.000000	19.600000	100.000000	17.000000	100.000000	4.180000	0.000000	0.000000	0.000000	0.000000	1	1	0.000000	1.000000	1.000000	1.000000	1.000000	1.000000	1.000000	740.000000	740.000000	0.000000	56.000000	41.000000	-1.546123E-13	-6.223981E-6
3735902513.961803	1.208000	0.001000	-0.005000	0.000000	-15.000000	19.700000	100.000000	17.000000	100.000000	4.180000	0.000000	0.000000	0.000000	0.000000	1	1	0.000000	1.000000	1.000000	1.000000	1.000000	1.000000	1.000000	740.000000	740.000000	0.000000	57.000000	19.000000	-1.546123E-13	-6.233783E-6
3735902520.740355	1.208000	0.001000	-0.005000	0.000000	-15.000000	19.800000	100.000000	17.000000	100.000000	4.180000	0.000000	0.000000	0.000000	0.000000	1	1	0.000000	1.000000	1.000000	1.000000	1.000000	1.000000	1.000000	740.000000	740.000000	0.000000	63.000000	33.000000	-1.546123E-13	-6.234394E-6
3735902527.625978	1.208000	0.001000	-0.005000	0.000000	-15.000000	19.900000	100.000000	17.000000	100.000000	4.180000	0.000000	0.000000	0.000000	0.000000	1	1	0.000000	1.000000	1.000000	1.000000	1.000000	1.000000	1.000000	740.000000	740.000000	0.000000	63.000000	25.000000	-1.546123E-13	-6.233989E-6
3735902534.501026	1.208000	0.001000	-0.005000	0.000000	-15.000000	20.000000	100.000000	17.000000	100.000000	4.180000	0.000000	0.000000	0.000000	0.000000	1	1	0.000000	1.000000	1.000000	1.000000	1.000000	1.000000	1.000000	740.000000	740.000000	0.000000	42.000000	27.000000	-1.546123E-13	-6.244813E-6
