#En5Fil4.5Ext100F1100F20G0_12.dat
#3/11/2022 6:15:14 PM
#X (mm)
#From -21 To 1 By 0.1
#Measure 6485c
#221 points
#Timestamp (sec)	X (mm)	Y (mm)	Z (mm)	Theta (deg)	EG Grid (V)	EG Energy (eV)	EG Extraction (V)	EG Focus 1 (V)	EG Focus 2 (V)	EG Filament (V)	EG X1 Alignment (V)	EG X2 Alignment (V)	EG Y1 Alignment (V)	EG Y2 Alignment (V)	6485 Samples	6487 Samples	6487 Voltage (V)	GM2 Dwell Time (s)	GM2 SCA Lower Limit (V)	GM2 SCA Upper Limit (V)	GM1 Dwell Time (s)	GM1 SCA Lower Limit (V)	GM1 SCA Upper Limit (V)	Voltage Supply A (V)	Voltage Supply B (V)	Dummy	GM2 Counts	GM1 Counts	Keithley6485 Current (A)	Keithley6487 Current (A)
#time	xpos	ypos	zpos	theta	grid	en	ext	f1	f2	fil	x1	x2	y1	y2	6485s	6487s	6487v	gm2dw	gm2ll	gm2ul	gm1dw	gm1ll	gm1ul	va	vb	dummy	gm2	gm1	6485c	6487c
3729885329.063772	-21.000500	-0.000500	-1.000000	-4.020000	0.000000	15.000000	100.000000	100.000000	0.000000	4.480000	0.000000	0.000000	0.000000	0.000000	1	1	0.000000	1.000000	1.000000	1.000000	1.000000	1.000000	1.000000	0.000000	0.000000	0.000000	0.000000	0.000000	-3.402580E-9	-1.234199E-5
3729885330.940816	-20.901000	-0.000500	-1.000000	-4.020000	0.000000	15.000000	100.000000	100.000000	0.000000	4.480000	0.000000	0.000000	0.000000	0.000000	1	1	0.000000	1.000000	1.000000	1.000000	1.000000	1.000000	1.000000	0.000000	0.000000	0.000000	0.000000	0.000000	-3.508362E-9	-1.234199E-5
3729885332.817084	-20.801000	-0.000500	-1.000000	-4.020000	0.000000	15.000000	100.000000	100.000000	0.000000	4.480000	0.000000	0.000000	0.000000	0.000000	1	1	0.000000	1.000000	1.000000	1.000000	1.000000	1.000000	1.000000	0.000000	0.000000	0.000000	0.000000	0.000000	-3.621411E-9	-1.234199E-5
3729885334.699602	-20.701000	-0.000500	-1.000000	-4.020000	0.000000	15.000000	100.000000	100.000000	0.000000	4.480000	0.000000	0.000000	0.000000	0.000000	1	1	0.000000	1.000000	1.000000	1.000000	1.000000	1.000000	1.000000	0.000000	0.000000	0.000000	0.000000	0.000000	-3.739062E-9	-1.234199E-5
3729885336.576633	-20.601000	-0.000500	-1.000000	-4.020000	0.000000	15.000000	100.000000	100.000000	0.000000	4.480000	0.000000	0.000000	0.000000	0.000000	1	1	0.000000	1.000000	1.000000	1.000000	1.000000	1.000000	1.000000	0.000000	0.000000	0.000000	0.000000	0.000000	-3.853537E-9	-1.234199E-5
3729885338.452598	-20.501000	-0.000500	-1.000000	-4.020000	0.000000	15.000000	100.000000	100.000000	0.000000	4.480000	0.000000	0.000000	0.000000	0.000000	1	1	0.000000	1.000000	1.000000	1.000000	1.000000	1.000000	1.000000	0.000000	0.000000	0.000000	0.000000	0.000000	-3.976788E-9	-1.234199E-5
3729885340.323688	-20.401000	-0.000500	-1.000000	-4.020000	0.000000	15.000000	100.000000	100.000000	0.000000	4.480000	0.000000	0.000000	0.000000	0.000000	1	1	0.000000	1.000000	1.000000	1.000000	1.000000	1.000000	1.000000	0.000000	0.000000	0.000000	0.000000	0.000000	-4.111071E-9	-1.234199E-5
3729885342.204362	-20.301000	-0.000500	-1.000000	-4.020000	0.000000	15.000000	100.000000	100.000000	0.000000	4.480000	0.000000	0.000000	0.000000	0.000000	1	1	0.000000	1.000000	1.000000	1.000000	1.000000	1.000000	1.000000	0.000000	0.000000	0.000000	0.000000	0.000000	-4.244092E-9	-1.234199E-5
3729885344.086553	-20.201000	-0.000500	-1.000000	-4.020000	0.000000	15.000000	100.000000	100.000000	0.000000	4.480000	0.000000	0.000000	0.000000	0.000000	1	1	0.000000	1.000000	1.000000	1.000000	1.000000	1.000000	1.000000	0.000000	0.000000	0.000000	0.000000	0.000000	-4.385065E-9	-1.234199E-5
3729885345.964749	-20.101000	-0.000500	-1.000000	-4.020000	0.000000	15.000000	100.000000	100.000000	0.000000	4.480000	0.000000	0.000000	0.000000	0.000000	1	1	0.000000	1.000000	1.000000	1.000000	1.000000	1.000000	1.000000	0.000000	0.000000	0.000000	0.000000	0.000000	-4.529734E-9	-1.234199E-5
3729885347.852379	-20.001000	-0.000500	-1.000000	-4.020000	0.000000	15.000000	100.000000	100.000000	0.000000	4.480000	0.000000	0.000000	0.000000	0.000000	1	1	0.000000	1.000000	1.000000	1.000000	1.000000	1.000000	1.000000	0.000000	0.000000	0.000000	0.000000	0.000000	-4.677076E-9	-1.234199E-5
3729885349.739533	-19.901000	-0.000500	-1.000000	-4.020000	0.000000	15.000000	100.000000	100.000000	0.000000	4.480000	0.000000	0.000000	0.000000	0.000000	1	1	0.000000	1.000000	1.000000	1.000000	1.000000	1.000000	1.000000	0.000000	0.000000	0.000000	0.000000	0.000000	-4.828127E-9	-1.234199E-5
3729885351.621256	-19.801000	-0.000500	-1.000000	-4.020000	0.000000	15.000000	100.000000	100.000000	0.000000	4.480000	0.000000	0.000000	0.000000	0.000000	1	1	0.000000	1.000000	1.000000	1.000000	1.000000	1.000000	1.000000	0.000000	0.000000	0.000000	0.000000	0.000000	-4.986280E-9	-1.234199E-5
3729885353.495558	-19.701000	-0.000500	-1.000000	-4.020000	0.000000	15.000000	100.000000	100.000000	0.000000	4.480000	0.000000	0.000000	0.000000	0.000000	1	1	0.000000	1.000000	1.000000	1.000000	1.000000	1.000000	1.000000	0.000000	0.000000	0.000000	0.000000	0.000000	-5.151179E-9	-1.234199E-5
3729885355.367798	-19.601000	-0.000500	-1.000000	-4.020000	0.000000	15.000000	100.000000	100.000000	0.000000	4.480000	0.000000	0.000000	0.000000	0.000000	1	1	0.000000	1.000000	1.000000	1.000000	1.000000	1.000000	1.000000	0.000000	0.000000	0.000000	0.000000	0.000000	-5.317071E-9	-1.234199E-5
3729885357.244200	-19.501000	-0.000500	-1.000000	-4.020000	0.000000	15.000000	100.000000	100.000000	0.000000	4.480000	0.000000	0.000000	0.000000	0.000000	1	1	0.000000	1.000000	1.000000	1.000000	1.000000	1.000000	1.000000	0.000000	0.000000	0.000000	0.000000	0.000000	-5.488718E-9	-1.234199E-5
3729885359.112918	-19.401000	-0.000500	-1.000000	-4.020000	0.000000	15.000000	100.000000	100.000000	0.000000	4.480000	0.000000	0.000000	0.000000	0.000000	1	1	0.000000	1.000000	1.000000	1.000000	1.000000	1.000000	1.000000	0.000000	0.000000	0.000000	0.000000	0.000000	-5.672836E-9	-1.234199E-5
3729885360.980029	-19.301000	-0.000500	-1.000000	-4.020000	0.000000	15.000000	100.000000	100.000000	0.000000	4.480000	0.000000	0.000000	0.000000	0.000000	1	1	0.000000	1.000000	1.000000	1.000000	1.000000	1.000000	1.000000	0.000000	0.000000	0.000000	0.000000	0.000000	-5.866718E-9	-1.234199E-5
3729885362.852947	-19.201000	-0.000500	-1.000000	-4.020000	0.000000	15.000000	100.000000	100.000000	0.000000	4.480000	0.000000	0.000000	0.000000	0.000000	1	1	0.000000	1.000000	1.000000	1.000000	1.000000	1.000000	1.000000	0.000000	0.000000	0.000000	0.000000	0.000000	-6.064625E-9	-1.234199E-5
3729885364.725005	-19.101000	-0.000500	-1.000000	-4.020000	0.000000	15.000000	100.000000	100.000000	0.000000	4.480000	0.000000	0.000000	0.000000	0.000000	1	1	0.000000	1.000000	1.000000	1.000000	1.000000	1.000000	1.000000	0.000000	0.000000	0.000000	0.000000	0.000000	-6.270900E-9	-1.234199E-5
3729885366.599142	-19.001000	-0.000500	-1.000000	-4.020000	0.000000	15.000000	100.000000	100.000000	0.000000	4.480000	0.000000	0.000000	0.000000	0.000000	1	1	0.000000	1.000000	1.000000	1.000000	1.000000	1.000000	1.000000	0.000000	0.000000	0.000000	0.000000	0.000000	-6.478644E-9	-1.234199E-5
3729885368.474617	-18.901000	-0.000500	-1.000000	-4.020000	0.000000	15.000000	100.000000	100.000000	0.000000	4.480000	0.000000	0.000000	0.000000	0.000000	1	1	0.000000	1.000000	1.000000	1.000000	1.000000	1.000000	1.000000	0.000000	0.000000	0.000000	0.000000	0.000000	-6.692788E-9	-1.234199E-5
3729885370.351727	-18.801000	-0.000500	-1.000000	-4.020000	0.000000	15.000000	100.000000	100.000000	0.000000	4.480000	0.000000	0.000000	0.000000	0.000000	1	1	0.000000	1.000000	1.000000	1.000000	1.000000	1.000000	1.000000	0.000000	0.000000	0.000000	0.000000	0.000000	-6.910242E-9	-1.234199E-5
3729885372.234947	-18.701000	-0.000500	-1.000000	-4.020000	0.000000	15.000000	100.000000	100.000000	0.000000	4.480000	0.000000	0.000000	0.000000	0.000000	1	1	0.000000	1.000000	1.000000	1.000000	1.000000	1.000000	1.000000	0.000000	0.000000	0.000000	0.000000	0.000000	-7.138069E-9	-1.234199E-5
3729885374.101213	-18.601000	-0.000500	-1.000000	-4.020000	0.000000	15.000000	100.000000	100.000000	0.000000	4.480000	0.000000	0.000000	0.000000	0.000000	1	1	0.000000	1.000000	1.000000	1.000000	1.000000	1.000000	1.000000	0.000000	0.000000	0.000000	0.000000	0.000000	-7.373047E-9	-1.234199E-5
3729885375.843534	-18.501000	-0.000500	-1.000000	-4.020000	0.000000	15.000000	100.000000	100.000000	0.000000	4.480000	0.000000	0.000000	0.000000	0.000000	1	1	0.000000	1.000000	1.000000	1.000000	1.000000	1.000000	1.000000	0.000000	0.000000	0.000000	0.000000	0.000000	-7.617717E-9	-1.234199E-5
3729885377.721358	-18.401000	-0.000500	-1.000000	-4.020000	0.000000	15.000000	100.000000	100.000000	0.000000	4.480000	0.000000	0.000000	0.000000	0.000000	1	1	0.000000	1.000000	1.000000	1.000000	1.000000	1.000000	1.000000	0.000000	0.000000	0.000000	0.000000	0.000000	-7.872687E-9	-1.234199E-5
3729885379.592927	-18.301000	-0.000500	-1.000000	-4.020000	0.000000	15.000000	100.000000	100.000000	0.000000	4.480000	0.000000	0.000000	0.000000	0.000000	1	1	0.000000	1.000000	1.000000	1.000000	1.000000	1.000000	1.000000	0.000000	0.000000	0.000000	0.000000	0.000000	-8.147052E-9	-1.234199E-5
3729885381.467211	-18.201000	-0.000500	-1.000000	-4.020000	0.000000	15.000000	100.000000	100.000000	0.000000	4.480000	0.000000	0.000000	0.000000	0.000000	1	1	0.000000	1.000000	1.000000	1.000000	1.000000	1.000000	1.000000	0.000000	0.000000	0.000000	0.000000	0.000000	-8.430000E-9	-1.234199E-5
3729885383.345879	-18.101000	-0.000500	-1.000000	-4.020000	0.000000	15.000000	100.000000	100.000000	0.000000	4.480000	0.000000	0.000000	0.000000	0.000000	1	1	0.000000	1.000000	1.000000	1.000000	1.000000	1.000000	1.000000	0.000000	0.000000	0.000000	0.000000	0.000000	-8.718606E-9	-1.234199E-5
3729885385.227479	-18.001000	-0.000500	-1.000000	-4.020000	0.000000	15.000000	100.000000	100.000000	0.000000	4.480000	0.000000	0.000000	0.000000	0.000000	1	1	0.000000	1.000000	1.000000	1.000000	1.000000	1.000000	1.000000	0.000000	0.000000	0.000000	0.000000	0.000000	-9.020779E-9	-1.234199E-5
3729885387.105875	-17.901000	-0.000500	-1.000000	-4.020000	0.000000	15.000000	100.000000	100.000000	0.000000	4.480000	0.000000	0.000000	0.000000	0.000000	1	1	0.000000	1.000000	1.000000	1.000000	1.000000	1.000000	1.000000	0.000000	0.000000	0.000000	0.000000	0.000000	-9.325323E-9	-1.234199E-5
3729885388.980483	-17.801000	-0.000500	-1.000000	-4.020000	0.000000	15.000000	100.000000	100.000000	0.000000	4.480000	0.000000	0.000000	0.000000	0.000000	1	1	0.000000	1.000000	1.000000	1.000000	1.000000	1.000000	1.000000	0.000000	0.000000	0.000000	0.000000	0.000000	-9.642075E-9	-1.234199E-5
3729885390.855038	-17.701000	-0.000500	-1.000000	-4.020000	0.000000	15.000000	100.000000	100.000000	0.000000	4.480000	0.000000	0.000000	0.000000	0.000000	1	1	0.000000	1.000000	1.000000	1.000000	1.000000	1.000000	1.000000	0.000000	0.000000	0.000000	0.000000	0.000000	-9.959170E-9	-1.234199E-5
3729885392.737479	-17.601000	-0.000500	-1.000000	-4.020000	0.000000	15.000000	100.000000	100.000000	0.000000	4.480000	0.000000	0.000000	0.000000	0.000000	1	1	0.000000	1.000000	1.000000	1.000000	1.000000	1.000000	1.000000	0.000000	0.000000	0.000000	0.000000	0.000000	-1.029947E-8	-1.234199E-5
3729885394.622302	-17.501000	-0.000500	-1.000000	-4.020000	0.000000	15.000000	100.000000	100.000000	0.000000	4.480000	0.000000	0.000000	0.000000	0.000000	1	1	0.000000	1.000000	1.000000	1.000000	1.000000	1.000000	1.000000	0.000000	0.000000	0.000000	0.000000	0.000000	-1.065110E-8	-1.234199E-5
3729885396.508513	-17.401000	-0.000500	-1.000000	-4.020000	0.000000	15.000000	100.000000	100.000000	0.000000	4.480000	0.000000	0.000000	0.000000	0.000000	1	1	0.000000	1.000000	1.000000	1.000000	1.000000	1.000000	1.000000	0.000000	0.000000	0.000000	0.000000	0.000000	-1.102116E-8	-1.234199E-5
3729885398.387783	-17.301000	-0.000500	-1.000000	-4.020000	0.000000	15.000000	100.000000	100.000000	0.000000	4.480000	0.000000	0.000000	0.000000	0.000000	1	1	0.000000	1.000000	1.000000	1.000000	1.000000	1.000000	1.000000	0.000000	0.000000	0.000000	0.000000	0.000000	-1.140980E-8	-1.234199E-5
3729885400.269009	-17.201000	-0.000500	-1.000000	-4.020000	0.000000	15.000000	100.000000	100.000000	0.000000	4.480000	0.000000	0.000000	0.000000	0.000000	1	1	0.000000	1.000000	1.000000	1.000000	1.000000	1.000000	1.000000	0.000000	0.000000	0.000000	0.000000	0.000000	-1.182604E-8	-1.234199E-5
3729885402.144598	-17.101000	-0.000500	-1.000000	-4.020000	0.000000	15.000000	100.000000	100.000000	0.000000	4.480000	0.000000	0.000000	0.000000	0.000000	1	1	0.000000	1.000000	1.000000	1.000000	1.000000	1.000000	1.000000	0.000000	0.000000	0.000000	0.000000	0.000000	-1.224360E-8	-1.234199E-5
3729885404.015912	-17.001000	-0.000500	-1.000000	-4.020000	0.000000	15.000000	100.000000	100.000000	0.000000	4.480000	0.000000	0.000000	0.000000	0.000000	1	1	0.000000	1.000000	1.000000	1.000000	1.000000	1.000000	1.000000	0.000000	0.000000	0.000000	0.000000	0.000000	-1.268449E-8	-1.234199E-5
3729885405.890831	-16.900500	-0.000500	-1.000000	-4.020000	0.000000	15.000000	100.000000	100.000000	0.000000	4.480000	0.000000	0.000000	0.000000	0.000000	1	1	0.000000	1.000000	1.000000	1.000000	1.000000	1.000000	1.000000	0.000000	0.000000	0.000000	0.000000	0.000000	-1.312317E-8	-1.234199E-5
3729885407.766524	-16.801000	-0.000500	-1.000000	-4.020000	0.000000	15.000000	100.000000	100.000000	0.000000	4.480000	0.000000	0.000000	0.000000	0.000000	1	1	0.000000	1.000000	1.000000	1.000000	1.000000	1.000000	1.000000	0.000000	0.000000	0.000000	0.000000	0.000000	-1.358147E-8	-1.234199E-5
3729885409.641250	-16.701000	-0.000500	-1.000000	-4.020000	0.000000	15.000000	100.000000	100.000000	0.000000	4.480000	0.000000	0.000000	0.000000	0.000000	1	1	0.000000	1.000000	1.000000	1.000000	1.000000	1.000000	1.000000	0.000000	0.000000	0.000000	0.000000	0.000000	-1.405197E-8	-1.234199E-5
3729885411.509715	-16.601000	-0.000500	-1.000000	-4.020000	0.000000	15.000000	100.000000	100.000000	0.000000	4.480000	0.000000	0.000000	0.000000	0.000000	1	1	0.000000	1.000000	1.000000	1.000000	1.000000	1.000000	1.000000	0.000000	0.000000	0.000000	0.000000	0.000000	-1.455345E-8	-1.234199E-5
3729885413.388348	-16.501000	-0.000500	-1.000000	-4.020000	0.000000	15.000000	100.000000	100.000000	0.000000	4.480000	0.000000	0.000000	0.000000	0.000000	1	1	0.000000	1.000000	1.000000	1.000000	1.000000	1.000000	1.000000	0.000000	0.000000	0.000000	0.000000	0.000000	-1.506412E-8	-1.234199E-5
3729885415.267453	-16.401000	-0.000500	-1.000000	-4.020000	0.000000	15.000000	100.000000	100.000000	0.000000	4.480000	0.000000	0.000000	0.000000	0.000000	1	1	0.000000	1.000000	1.000000	1.000000	1.000000	1.000000	1.000000	0.000000	0.000000	0.000000	0.000000	0.000000	-1.562326E-8	-1.234199E-5
3729885417.145309	-16.301000	-0.000500	-1.000000	-4.020000	0.000000	15.000000	100.000000	100.000000	0.000000	4.480000	0.000000	0.000000	0.000000	0.000000	1	1	0.000000	1.000000	1.000000	1.000000	1.000000	1.000000	1.000000	0.000000	0.000000	0.000000	0.000000	0.000000	-1.622019E-8	-1.234199E-5
3729885419.022383	-16.201000	-0.000500	-1.000000	-4.020000	0.000000	15.000000	100.000000	100.000000	0.000000	4.480000	0.000000	0.000000	0.000000	0.000000	1	1	0.000000	1.000000	1.000000	1.000000	1.000000	1.000000	1.000000	0.000000	0.000000	0.000000	0.000000	0.000000	-1.683655E-8	-1.234199E-5
3729885420.897397	-16.100500	-0.000500	-1.000000	-4.020000	0.000000	15.000000	100.000000	100.000000	0.000000	4.480000	0.000000	0.000000	0.000000	0.000000	1	1	0.000000	1.000000	1.000000	1.000000	1.000000	1.000000	1.000000	0.000000	0.000000	0.000000	0.000000	0.000000	-1.748214E-8	-1.234199E-5
3729885422.781373	-16.000500	-0.000500	-1.000000	-4.020000	0.000000	15.000000	100.000000	100.000000	0.000000	4.480000	0.000000	0.000000	0.000000	0.000000	1	1	0.000000	1.000000	1.000000	1.000000	1.000000	1.000000	1.000000	0.000000	0.000000	0.000000	0.000000	0.000000	-1.815191E-8	-1.234199E-5
3729885424.661430	-15.901000	-0.000500	-1.000000	-4.020000	0.000000	15.000000	100.000000	100.000000	0.000000	4.480000	0.000000	0.000000	0.000000	0.000000	1	1	0.000000	1.000000	1.000000	1.000000	1.000000	1.000000	1.000000	0.000000	0.000000	0.000000	0.000000	0.000000	-1.884501E-8	-1.234199E-5
3729885426.534076	-15.801000	-0.000500	-1.000000	-4.020000	0.000000	15.000000	100.000000	100.000000	0.000000	4.480000	0.000000	0.000000	0.000000	0.000000	1	1	0.000000	1.000000	1.000000	1.000000	1.000000	1.000000	1.000000	0.000000	0.000000	0.000000	0.000000	0.000000	-1.965372E-8	-1.234199E-5
3729885429.187612	-15.701000	-0.000500	-1.000000	-4.020000	0.000000	15.000000	100.000000	100.000000	0.000000	4.480000	0.000000	0.000000	0.000000	0.000000	1	1	0.000000	1.000000	1.000000	1.000000	1.000000	1.000000	1.000000	0.000000	0.000000	0.000000	0.000000	0.000000	-2.099395E-8	-1.234199E-5
3729885431.067779	-15.601000	-0.000500	-1.000000	-4.020000	0.000000	15.000000	100.000000	100.000000	0.000000	4.480000	0.000000	0.000000	0.000000	0.000000	1	1	0.000000	1.000000	1.000000	1.000000	1.000000	1.000000	1.000000	0.000000	0.000000	0.000000	0.000000	0.000000	-2.347948E-8	-1.234199E-5
3729885432.949067	-15.501000	-0.000500	-1.000000	-4.020000	0.000000	15.000000	100.000000	100.000000	0.000000	4.480000	0.000000	0.000000	0.000000	0.000000	1	1	0.000000	1.000000	1.000000	1.000000	1.000000	1.000000	1.000000	0.000000	0.000000	0.000000	0.000000	0.000000	-2.734624E-8	-1.234199E-5
3729885434.831422	-15.401000	-0.000500	-1.000000	-4.020000	0.000000	15.000000	100.000000	100.000000	0.000000	4.480000	0.000000	0.000000	0.000000	0.000000	1	1	0.000000	1.000000	1.000000	1.000000	1.000000	1.000000	1.000000	0.000000	0.000000	0.000000	0.000000	0.000000	-3.313839E-8	-1.234199E-5
3729885436.711954	-15.301000	-0.000500	-1.000000	-4.020000	0.000000	15.000000	100.000000	100.000000	0.000000	4.480000	0.000000	0.000000	0.000000	0.000000	1	1	0.000000	1.000000	1.000000	1.000000	1.000000	1.000000	1.000000	0.000000	0.000000	0.000000	0.000000	0.000000	-4.092602E-8	-1.234199E-5
3729885438.588991	-15.201000	-0.000500	-1.000000	-4.020000	0.000000	15.000000	100.000000	100.000000	0.000000	4.480000	0.000000	0.000000	0.000000	0.000000	1	1	0.000000	1.000000	1.000000	1.000000	1.000000	1.000000	1.000000	0.000000	0.000000	0.000000	0.000000	0.000000	-5.093119E-8	-1.234199E-5
3729885440.467334	-15.100500	-0.000500	-1.000000	-4.020000	0.000000	15.000000	100.000000	100.000000	0.000000	4.480000	0.000000	0.000000	0.000000	0.000000	1	1	0.000000	1.000000	1.000000	1.000000	1.000000	1.000000	1.000000	0.000000	0.000000	0.000000	0.000000	0.000000	-6.349052E-8	-1.234199E-5
3729885442.358239	-15.000500	-0.000500	-1.000000	-4.020000	0.000000	15.000000	100.000000	100.000000	0.000000	4.480000	0.000000	0.000000	0.000000	0.000000	1	1	0.000000	1.000000	1.000000	1.000000	1.000000	1.000000	1.000000	0.000000	0.000000	0.000000	0.000000	0.000000	-7.848821E-8	-1.234199E-5
3729885444.235957	-14.900500	-0.000500	-1.000000	-4.020000	0.000000	15.000000	100.000000	100.000000	0.000000	4.480000	0.000000	0.000000	0.000000	0.000000	1	1	0.000000	1.000000	1.000000	1.000000	1.000000	1.000000	1.000000	0.000000	0.000000	0.000000	0.000000	0.000000	-9.609236E-8	-1.234199E-5
3729885446.131136	-14.801000	-0.000500	-1.000000	-4.020000	0.000000	15.000000	100.000000	100.000000	0.000000	4.480000	0.000000	0.000000	0.000000	0.000000	1	1	0.000000	1.000000	1.000000	1.000000	1.000000	1.000000	1.000000	0.000000	0.000000	0.000000	0.000000	0.000000	-1.167878E-7	-1.234199E-5
3729885448.013114	-14.701000	-0.000500	-1.000000	-4.020000	0.000000	15.000000	100.000000	100.000000	0.000000	4.480000	0.000000	0.000000	0.000000	0.000000	1	1	0.000000	1.000000	1.000000	1.000000	1.000000	1.000000	1.000000	0.000000	0.000000	0.000000	0.000000	0.000000	-1.403967E-7	-1.234199E-5
3729885449.895042	-14.601000	-0.000500	-1.000000	-4.020000	0.000000	15.000000	100.000000	100.000000	0.000000	4.480000	0.000000	0.000000	0.000000	0.000000	1	1	0.000000	1.000000	1.000000	1.000000	1.000000	1.000000	1.000000	0.000000	0.000000	0.000000	0.000000	0.000000	-1.672488E-7	-1.234199E-5
3729885451.767139	-14.501000	-0.000500	-1.000000	-4.020000	0.000000	15.000000	100.000000	100.000000	0.000000	4.480000	0.000000	0.000000	0.000000	0.000000	1	1	0.000000	1.000000	1.000000	1.000000	1.000000	1.000000	1.000000	0.000000	0.000000	0.000000	0.000000	0.000000	-1.974651E-7	-1.234199E-5
3729885454.408412	-14.401000	-0.000500	-1.000000	-4.020000	0.000000	15.000000	100.000000	100.000000	0.000000	4.480000	0.000000	0.000000	0.000000	0.000000	1	1	0.000000	1.000000	1.000000	1.000000	1.000000	1.000000	1.000000	0.000000	0.000000	0.000000	0.000000	0.000000	-2.316406E-7	-1.234199E-5
3729885456.288019	-14.301000	-0.000500	-1.000000	-4.020000	0.000000	15.000000	100.000000	100.000000	0.000000	4.480000	0.000000	0.000000	0.000000	0.000000	1	1	0.000000	1.000000	1.000000	1.000000	1.000000	1.000000	1.000000	0.000000	0.000000	0.000000	0.000000	0.000000	-2.683984E-7	-1.234199E-5
3729885458.168697	-14.201000	-0.000500	-1.000000	-4.020000	0.000000	15.000000	100.000000	100.000000	0.000000	4.480000	0.000000	0.000000	0.000000	0.000000	1	1	0.000000	1.000000	1.000000	1.000000	1.000000	1.000000	1.000000	0.000000	0.000000	0.000000	0.000000	0.000000	-3.081459E-7	-1.234199E-5
3729885460.041338	-14.100500	-0.000500	-1.000000	-4.020000	0.000000	15.000000	100.000000	100.000000	0.000000	4.480000	0.000000	0.000000	0.000000	0.000000	1	1	0.000000	1.000000	1.000000	1.000000	1.000000	1.000000	1.000000	0.000000	0.000000	0.000000	0.000000	0.000000	-3.496678E-7	-1.234199E-5
3729885461.918453	-14.000500	-0.000500	-1.000000	-4.020000	0.000000	15.000000	100.000000	100.000000	0.000000	4.480000	0.000000	0.000000	0.000000	0.000000	1	1	0.000000	1.000000	1.000000	1.000000	1.000000	1.000000	1.000000	0.000000	0.000000	0.000000	0.000000	0.000000	-3.928028E-7	-1.234199E-5
3729885463.794938	-13.900500	-0.000500	-1.000000	-4.020000	0.000000	15.000000	100.000000	100.000000	0.000000	4.480000	0.000000	0.000000	0.000000	0.000000	1	1	0.000000	1.000000	1.000000	1.000000	1.000000	1.000000	1.000000	0.000000	0.000000	0.000000	0.000000	0.000000	-4.362356E-7	-1.234199E-5
3729885465.672632	-13.801000	-0.000500	-1.000000	-4.020000	0.000000	15.000000	100.000000	100.000000	0.000000	4.480000	0.000000	0.000000	0.000000	0.000000	1	1	0.000000	1.000000	1.000000	1.000000	1.000000	1.000000	1.000000	0.000000	0.000000	0.000000	0.000000	0.000000	-4.816521E-7	-1.234199E-5
3729885467.547042	-13.700500	-0.000500	-1.000000	-4.020000	0.000000	15.000000	100.000000	100.000000	0.000000	4.480000	0.000000	0.000000	0.000000	0.000000	1	1	0.000000	1.000000	1.000000	1.000000	1.000000	1.000000	1.000000	0.000000	0.000000	0.000000	0.000000	0.000000	-5.284717E-7	-1.234199E-5
3729885469.423441	-13.601000	-0.000500	-1.000000	-4.020000	0.000000	15.000000	100.000000	100.000000	0.000000	4.480000	0.000000	0.000000	0.000000	0.000000	1	1	0.000000	1.000000	1.000000	1.000000	1.000000	1.000000	1.000000	0.000000	0.000000	0.000000	0.000000	0.000000	-5.769337E-7	-1.234199E-5
3729885471.302976	-13.501000	-0.000500	-1.000000	-4.020000	0.000000	15.000000	100.000000	100.000000	0.000000	4.480000	0.000000	0.000000	0.000000	0.000000	1	1	0.000000	1.000000	1.000000	1.000000	1.000000	1.000000	1.000000	0.000000	0.000000	0.000000	0.000000	0.000000	-6.265847E-7	-1.234199E-5
3729885473.177350	-13.401000	-0.000500	-1.000000	-4.020000	0.000000	15.000000	100.000000	100.000000	0.000000	4.480000	0.000000	0.000000	0.000000	0.000000	1	1	0.000000	1.000000	1.000000	1.000000	1.000000	1.000000	1.000000	0.000000	0.000000	0.000000	0.000000	0.000000	-6.784969E-7	-1.234199E-5
3729885475.056641	-13.300500	-0.000500	-1.000000	-4.020000	0.000000	15.000000	100.000000	100.000000	0.000000	4.480000	0.000000	0.000000	0.000000	0.000000	1	1	0.000000	1.000000	1.000000	1.000000	1.000000	1.000000	1.000000	0.000000	0.000000	0.000000	0.000000	0.000000	-7.321084E-7	-1.234199E-5
3729885476.927535	-13.200500	-0.000500	-1.000000	-4.020000	0.000000	15.000000	100.000000	100.000000	0.000000	4.480000	0.000000	0.000000	0.000000	0.000000	1	1	0.000000	1.000000	1.000000	1.000000	1.000000	1.000000	1.000000	0.000000	0.000000	0.000000	0.000000	0.000000	-7.872437E-7	-1.234199E-5
3729885478.810393	-13.100500	-0.000500	-1.000000	-4.020000	0.000000	15.000000	100.000000	100.000000	0.000000	4.480000	0.000000	0.000000	0.000000	0.000000	1	1	0.000000	1.000000	1.000000	1.000000	1.000000	1.000000	1.000000	0.000000	0.000000	0.000000	0.000000	0.000000	-8.428728E-7	-1.234199E-5
3729885480.694847	-13.000500	-0.000500	-1.000000	-4.020000	0.000000	15.000000	100.000000	100.000000	0.000000	4.480000	0.000000	0.000000	0.000000	0.000000	1	1	0.000000	1.000000	1.000000	1.000000	1.000000	1.000000	1.000000	0.000000	0.000000	0.000000	0.000000	0.000000	-8.980758E-7	-1.234199E-5
3729885482.575336	-12.900500	-0.000500	-1.000000	-4.020000	0.000000	15.000000	100.000000	100.000000	0.000000	4.480000	0.000000	0.000000	0.000000	0.000000	1	1	0.000000	1.000000	1.000000	1.000000	1.000000	1.000000	1.000000	0.000000	0.000000	0.000000	0.000000	0.000000	-9.515248E-7	-1.234199E-5
3729885484.453094	-12.800500	-0.000500	-1.000000	-4.020000	0.000000	15.000000	100.000000	100.000000	0.000000	4.480000	0.000000	0.000000	0.000000	0.000000	1	1	0.000000	1.000000	1.000000	1.000000	1.000000	1.000000	1.000000	0.000000	0.000000	0.000000	0.000000	0.000000	-1.004309E-6	-1.234199E-5
3729885486.333665	-12.700500	-0.000500	-1.000000	-4.020000	0.000000	15.000000	100.000000	100.000000	0.000000	4.480000	0.000000	0.000000	0.000000	0.000000	1	1	0.000000	1.000000	1.000000	1.000000	1.000000	1.000000	1.000000	0.000000	0.000000	0.000000	0.000000	0.000000	-1.056613E-6	-1.234199E-5
3729885488.210084	-12.601000	-0.000500	-1.000000	-4.020000	0.000000	15.000000	100.000000	100.000000	0.000000	4.480000	0.000000	0.000000	0.000000	0.000000	1	1	0.000000	1.000000	1.000000	1.000000	1.000000	1.000000	1.000000	0.000000	0.000000	0.000000	0.000000	0.000000	-1.107593E-6	-1.234199E-5
3729885490.088838	-12.501000	-0.000500	-1.000000	-4.020000	0.000000	15.000000	100.000000	100.000000	0.000000	4.480000	0.000000	0.000000	0.000000	0.000000	1	1	0.000000	1.000000	1.000000	1.000000	1.000000	1.000000	1.000000	0.000000	0.000000	0.000000	0.000000	0.000000	-1.157229E-6	-1.234199E-5
3729885491.971995	-12.401000	-0.000500	-1.000000	-4.020000	0.000000	15.000000	100.000000	100.000000	0.000000	4.480000	0.000000	0.000000	0.000000	0.000000	1	1	0.000000	1.000000	1.000000	1.000000	1.000000	1.000000	1.000000	0.000000	0.000000	0.000000	0.000000	0.000000	-1.206534E-6	-1.234199E-5
3729885493.856250	-12.300500	-0.000500	-1.000000	-4.020000	0.000000	15.000000	100.000000	100.000000	0.000000	4.480000	0.000000	0.000000	0.000000	0.000000	1	1	0.000000	1.000000	1.000000	1.000000	1.000000	1.000000	1.000000	0.000000	0.000000	0.000000	0.000000	0.000000	-1.253641E-6	-1.234199E-5
3729885495.738485	-12.200500	-0.000500	-1.000000	-4.020000	0.000000	15.000000	100.000000	100.000000	0.000000	4.480000	0.000000	0.000000	0.000000	0.000000	1	1	0.000000	1.000000	1.000000	1.000000	1.000000	1.000000	1.000000	0.000000	0.000000	0.000000	0.000000	0.000000	-1.298044E-6	-1.234199E-5
3729885497.616522	-12.100500	-0.000500	-1.000000	-4.020000	0.000000	15.000000	100.000000	100.000000	0.000000	4.480000	0.000000	0.000000	0.000000	0.000000	1	1	0.000000	1.000000	1.000000	1.000000	1.000000	1.000000	1.000000	0.000000	0.000000	0.000000	0.000000	0.000000	-1.339160E-6	-1.234199E-5
3729885499.488336	-12.000500	-0.000500	-1.000000	-4.020000	0.000000	15.000000	100.000000	100.000000	0.000000	4.480000	0.000000	0.000000	0.000000	0.000000	1	1	0.000000	1.000000	1.000000	1.000000	1.000000	1.000000	1.000000	0.000000	0.000000	0.000000	0.000000	0.000000	-1.376274E-6	-1.234199E-5
3729885501.364525	-11.900500	-0.000500	-1.000000	-4.020000	0.000000	15.000000	100.000000	100.000000	0.000000	4.480000	0.000000	0.000000	0.000000	0.000000	1	1	0.000000	1.000000	1.000000	1.000000	1.000000	1.000000	1.000000	0.000000	0.000000	0.000000	0.000000	0.000000	-1.409326E-6	-1.234199E-5
3729885503.235546	-11.801000	-0.000500	-1.000000	-4.020000	0.000000	15.000000	100.000000	100.000000	0.000000	4.480000	0.000000	0.000000	0.000000	0.000000	1	1	0.000000	1.000000	1.000000	1.000000	1.000000	1.000000	1.000000	0.000000	0.000000	0.000000	0.000000	0.000000	-1.439884E-6	-1.234199E-5
3729885505.105331	-11.700500	-0.000500	-1.000000	-4.020000	0.000000	15.000000	100.000000	100.000000	0.000000	4.480000	0.000000	0.000000	0.000000	0.000000	1	1	0.000000	1.000000	1.000000	1.000000	1.000000	1.000000	1.000000	0.000000	0.000000	0.000000	0.000000	0.000000	-1.467337E-6	-1.234199E-5
3729885506.985915	-11.601000	-0.000500	-1.000000	-4.020000	0.000000	15.000000	100.000000	100.000000	0.000000	4.480000	0.000000	0.000000	0.000000	0.000000	1	1	0.000000	1.000000	1.000000	1.000000	1.000000	1.000000	1.000000	0.000000	0.000000	0.000000	0.000000	0.000000	-1.491862E-6	-1.234199E-5
3729885508.858505	-11.501000	-0.000500	-1.000000	-4.020000	0.000000	15.000000	100.000000	100.000000	0.000000	4.480000	0.000000	0.000000	0.000000	0.000000	1	1	0.000000	1.000000	1.000000	1.000000	1.000000	1.000000	1.000000	0.000000	0.000000	0.000000	0.000000	0.000000	-1.513295E-6	-1.234199E-5
3729885510.734319	-11.401000	-0.000500	-1.000000	-4.020000	0.000000	15.000000	100.000000	100.000000	0.000000	4.480000	0.000000	0.000000	0.000000	0.000000	1	1	0.000000	1.000000	1.000000	1.000000	1.000000	1.000000	1.000000	0.000000	0.000000	0.000000	0.000000	0.000000	-1.532344E-6	-1.234199E-5
3729885512.611878	-11.300500	-0.000500	-1.000000	-4.020000	0.000000	15.000000	100.000000	100.000000	0.000000	4.480000	0.000000	0.000000	0.000000	0.000000	1	1	0.000000	1.000000	1.000000	1.000000	1.000000	1.000000	1.000000	0.000000	0.000000	0.000000	0.000000	0.000000	-1.548982E-6	-1.234199E-5
3729885514.492678	-11.200500	-0.000500	-1.000000	-4.020000	0.000000	15.000000	100.000000	100.000000	0.000000	4.480000	0.000000	0.000000	0.000000	0.000000	1	1	0.000000	1.000000	1.000000	1.000000	1.000000	1.000000	1.000000	0.000000	0.000000	0.000000	0.000000	0.000000	-1.563105E-6	-1.234199E-5
3729885516.381725	-11.100500	-0.000500	-1.000000	-4.020000	0.000000	15.000000	100.000000	100.000000	0.000000	4.480000	0.000000	0.000000	0.000000	0.000000	1	1	0.000000	1.000000	1.000000	1.000000	1.000000	1.000000	1.000000	0.000000	0.000000	0.000000	0.000000	0.000000	-1.574455E-6	-1.234199E-5
3729885518.259848	-11.000500	-0.000500	-1.000000	-4.020000	0.000000	15.000000	100.000000	100.000000	0.000000	4.480000	0.000000	0.000000	0.000000	0.000000	1	1	0.000000	1.000000	1.000000	1.000000	1.000000	1.000000	1.000000	0.000000	0.000000	0.000000	0.000000	0.000000	-1.583244E-6	-1.234199E-5
3729885520.135057	-10.900500	-0.000500	-1.000000	-4.020000	0.000000	15.000000	100.000000	100.000000	0.000000	4.480000	0.000000	0.000000	0.000000	0.000000	1	1	0.000000	1.000000	1.000000	1.000000	1.000000	1.000000	1.000000	0.000000	0.000000	0.000000	0.000000	0.000000	-1.588965E-6	-1.234199E-5
3729885522.008755	-10.801000	-0.000500	-1.000000	-4.020000	0.000000	15.000000	100.000000	100.000000	0.000000	4.480000	0.000000	0.000000	0.000000	0.000000	1	1	0.000000	1.000000	1.000000	1.000000	1.000000	1.000000	1.000000	0.000000	0.000000	0.000000	0.000000	0.000000	-1.592758E-6	-1.234199E-5
3729885523.883403	-10.700500	-0.000500	-1.000000	-4.020000	0.000000	15.000000	100.000000	100.000000	0.000000	4.480000	0.000000	0.000000	0.000000	0.000000	1	1	0.000000	1.000000	1.000000	1.000000	1.000000	1.000000	1.000000	0.000000	0.000000	0.000000	0.000000	0.000000	-1.594237E-6	-1.234199E-5
3729885525.757151	-10.601000	-0.000500	-1.000000	-4.020000	0.000000	15.000000	100.000000	100.000000	0.000000	4.480000	0.000000	0.000000	0.000000	0.000000	1	1	0.000000	1.000000	1.000000	1.000000	1.000000	1.000000	1.000000	0.000000	0.000000	0.000000	0.000000	0.000000	-1.593150E-6	-1.234199E-5
3729885527.627686	-10.501000	-0.000500	-1.000000	-4.020000	0.000000	15.000000	100.000000	100.000000	0.000000	4.480000	0.000000	0.000000	0.000000	0.000000	1	1	0.000000	1.000000	1.000000	1.000000	1.000000	1.000000	1.000000	0.000000	0.000000	0.000000	0.000000	0.000000	-1.590513E-6	-1.234199E-5
3729885529.503905	-10.401000	-0.000500	-1.000000	-4.020000	0.000000	15.000000	100.000000	100.000000	0.000000	4.480000	0.000000	0.000000	0.000000	0.000000	1	1	0.000000	1.000000	1.000000	1.000000	1.000000	1.000000	1.000000	0.000000	0.000000	0.000000	0.000000	0.000000	-1.585381E-6	-1.234199E-5
3729885531.379488	-10.300500	-0.000500	-1.000000	-4.020000	0.000000	15.000000	100.000000	100.000000	0.000000	4.480000	0.000000	0.000000	0.000000	0.000000	1	1	0.000000	1.000000	1.000000	1.000000	1.000000	1.000000	1.000000	0.000000	0.000000	0.000000	0.000000	0.000000	-1.577750E-6	-1.234199E-5
3729885533.255565	-10.200500	-0.000500	-1.000000	-4.020000	0.000000	15.000000	100.000000	100.000000	0.000000	4.480000	0.000000	0.000000	0.000000	0.000000	1	1	0.000000	1.000000	1.000000	1.000000	1.000000	1.000000	1.000000	0.000000	0.000000	0.000000	0.000000	0.000000	-1.569396E-6	-1.234199E-5
3729885535.132820	-10.100500	-0.000500	-1.000000	-4.020000	0.000000	15.000000	100.000000	100.000000	0.000000	4.480000	0.000000	0.000000	0.000000	0.000000	1	1	0.000000	1.000000	1.000000	1.000000	1.000000	1.000000	1.000000	0.000000	0.000000	0.000000	0.000000	0.000000	-1.558185E-6	-1.234199E-5
3729885537.011615	-10.000500	-0.000500	-1.000000	-4.020000	0.000000	15.000000	100.000000	100.000000	0.000000	4.480000	0.000000	0.000000	0.000000	0.000000	1	1	0.000000	1.000000	1.000000	1.000000	1.000000	1.000000	1.000000	0.000000	0.000000	0.000000	0.000000	0.000000	-1.544409E-6	-1.234199E-5
3729885538.888406	-9.900500	-0.000500	-1.000000	-4.020000	0.000000	15.000000	100.000000	100.000000	0.000000	4.480000	0.000000	0.000000	0.000000	0.000000	1	1	0.000000	1.000000	1.000000	1.000000	1.000000	1.000000	1.000000	0.000000	0.000000	0.000000	0.000000	0.000000	-1.529709E-6	-1.234199E-5
3729885540.765603	-9.801000	-0.000500	-1.000000	-4.020000	0.000000	15.000000	100.000000	100.000000	0.000000	4.480000	0.000000	0.000000	0.000000	0.000000	1	1	0.000000	1.000000	1.000000	1.000000	1.000000	1.000000	1.000000	0.000000	0.000000	0.000000	0.000000	0.000000	-1.513211E-6	-1.234199E-5
3729885542.659685	-9.701000	-0.000500	-1.000000	-4.020000	0.000000	15.000000	100.000000	100.000000	0.000000	4.480000	0.000000	0.000000	0.000000	0.000000	1	1	0.000000	1.000000	1.000000	1.000000	1.000000	1.000000	1.000000	0.000000	0.000000	0.000000	0.000000	0.000000	-1.496067E-6	-1.234199E-5
3729885544.539953	-9.601000	-0.000500	-1.000000	-4.020000	0.000000	15.000000	100.000000	100.000000	0.000000	4.480000	0.000000	0.000000	0.000000	0.000000	1	1	0.000000	1.000000	1.000000	1.000000	1.000000	1.000000	1.000000	0.000000	0.000000	0.000000	0.000000	0.000000	-1.479602E-6	-1.234199E-5
3729885546.418719	-9.501000	-0.000500	-1.000000	-4.020000	0.000000	15.000000	100.000000	100.000000	0.000000	4.480000	0.000000	0.000000	0.000000	0.000000	1	1	0.000000	1.000000	1.000000	1.000000	1.000000	1.000000	1.000000	0.000000	0.000000	0.000000	0.000000	0.000000	-1.459237E-6	-1.234199E-5
3729885548.295173	-9.401000	-0.000500	-1.000000	-4.020000	0.000000	15.000000	100.000000	100.000000	0.000000	4.480000	0.000000	0.000000	0.000000	0.000000	1	1	0.000000	1.000000	1.000000	1.000000	1.000000	1.000000	1.000000	0.000000	0.000000	0.000000	0.000000	0.000000	-1.437684E-6	-1.234199E-5
3729885550.169164	-9.300500	-0.000500	-1.000000	-4.020000	0.000000	15.000000	100.000000	100.000000	0.000000	4.480000	0.000000	0.000000	0.000000	0.000000	1	1	0.000000	1.000000	1.000000	1.000000	1.000000	1.000000	1.000000	0.000000	0.000000	0.000000	0.000000	0.000000	-1.578531E-6	-1.234199E-5
3729885552.044576	-9.200500	-0.000500	-1.000000	-4.020000	0.000000	15.000000	100.000000	100.000000	0.000000	4.480000	0.000000	0.000000	0.000000	0.000000	1	1	0.000000	1.000000	1.000000	1.000000	1.000000	1.000000	1.000000	0.000000	0.000000	0.000000	0.000000	0.000000	-1.569746E-6	-1.234199E-5
3729885553.926080	-9.100500	-0.000500	-1.000000	-4.020000	0.000000	15.000000	100.000000	100.000000	0.000000	4.480000	0.000000	0.000000	0.000000	0.000000	1	1	0.000000	1.000000	1.000000	1.000000	1.000000	1.000000	1.000000	0.000000	0.000000	0.000000	0.000000	0.000000	-1.558536E-6	-1.234199E-5
3729885555.801023	-9.000500	-0.000500	-1.000000	-4.020000	0.000000	15.000000	100.000000	100.000000	0.000000	4.480000	0.000000	0.000000	0.000000	0.000000	1	1	0.000000	1.000000	1.000000	1.000000	1.000000	1.000000	1.000000	0.000000	0.000000	0.000000	0.000000	0.000000	-1.545669E-6	-1.234199E-5
3729885557.716038	-8.900500	-0.000500	-1.000000	-4.020000	0.000000	15.000000	100.000000	100.000000	0.000000	4.480000	0.000000	0.000000	0.000000	0.000000	1	1	0.000000	1.000000	1.000000	1.000000	1.000000	1.000000	1.000000	0.000000	0.000000	0.000000	0.000000	0.000000	-1.531063E-6	-1.234199E-5
3729885559.590564	-8.801000	-0.000500	-1.000000	-4.020000	0.000000	15.000000	100.000000	100.000000	0.000000	4.480000	0.000000	0.000000	0.000000	0.000000	1	1	0.000000	1.000000	1.000000	1.000000	1.000000	1.000000	1.000000	0.000000	0.000000	0.000000	0.000000	0.000000	-1.515030E-6	-1.234199E-5
3729885561.474797	-8.701000	-0.000500	-1.000000	-4.020000	0.000000	15.000000	100.000000	100.000000	0.000000	4.480000	0.000000	0.000000	0.000000	0.000000	1	1	0.000000	1.000000	1.000000	1.000000	1.000000	1.000000	1.000000	0.000000	0.000000	0.000000	0.000000	0.000000	-1.498019E-6	-1.234199E-5
3729885563.348740	-8.601000	-0.000500	-1.000000	-4.020000	0.000000	15.000000	100.000000	100.000000	0.000000	4.480000	0.000000	0.000000	0.000000	0.000000	1	1	0.000000	1.000000	1.000000	1.000000	1.000000	1.000000	1.000000	0.000000	0.000000	0.000000	0.000000	0.000000	-1.479180E-6	-1.234199E-5
3729885565.233379	-8.501000	-0.000500	-1.000000	-4.020000	0.000000	15.000000	100.000000	100.000000	0.000000	4.480000	0.000000	0.000000	0.000000	0.000000	1	1	0.000000	1.000000	1.000000	1.000000	1.000000	1.000000	1.000000	0.000000	0.000000	0.000000	0.000000	0.000000	-1.459228E-6	-1.234199E-5
3729885567.108865	-8.401000	-0.000500	-1.000000	-4.020000	0.000000	15.000000	100.000000	100.000000	0.000000	4.480000	0.000000	0.000000	0.000000	0.000000	1	1	0.000000	1.000000	1.000000	1.000000	1.000000	1.000000	1.000000	0.000000	0.000000	0.000000	0.000000	0.000000	-1.437082E-6	-1.234199E-5
3729885568.993583	-8.300500	-0.000500	-1.000000	-4.020000	0.000000	15.000000	100.000000	100.000000	0.000000	4.480000	0.000000	0.000000	0.000000	0.000000	1	1	0.000000	1.000000	1.000000	1.000000	1.000000	1.000000	1.000000	0.000000	0.000000	0.000000	0.000000	0.000000	-1.493363E-6	-1.234199E-5
3729885570.868716	-8.200500	-0.000500	-1.000000	-4.020000	0.000000	15.000000	100.000000	100.000000	0.000000	4.480000	0.000000	0.000000	0.000000	0.000000	1	1	0.000000	1.000000	1.000000	1.000000	1.000000	1.000000	1.000000	0.000000	0.000000	0.000000	0.000000	0.000000	-1.475080E-6	-1.234199E-5
3729885572.752958	-8.100500	-0.000500	-1.000000	-4.020000	0.000000	15.000000	100.000000	100.000000	0.000000	4.480000	0.000000	0.000000	0.000000	0.000000	1	1	0.000000	1.000000	1.000000	1.000000	1.000000	1.000000	1.000000	0.000000	0.000000	0.000000	0.000000	0.000000	-1.453378E-6	-1.234199E-5
3729885574.623847	-8.000500	-0.000500	-1.000000	-4.020000	0.000000	15.000000	100.000000	100.000000	0.000000	4.480000	0.000000	0.000000	0.000000	0.000000	1	1	0.000000	1.000000	1.000000	1.000000	1.000000	1.000000	1.000000	0.000000	0.000000	0.000000	0.000000	0.000000	-1.432060E-6	-1.234199E-5
3729885576.497302	-7.900500	-0.000500	-1.000000	-4.020000	0.000000	15.000000	100.000000	100.000000	0.000000	4.480000	0.000000	0.000000	0.000000	0.000000	1	1	0.000000	1.000000	1.000000	1.000000	1.000000	1.000000	1.000000	0.000000	0.000000	0.000000	0.000000	0.000000	-1.409145E-6	-1.234199E-5
3729885578.375112	-7.801000	-0.000500	-1.000000	-4.020000	0.000000	15.000000	100.000000	100.000000	0.000000	4.480000	0.000000	0.000000	0.000000	0.000000	1	1	0.000000	1.000000	1.000000	1.000000	1.000000	1.000000	1.000000	0.000000	0.000000	0.000000	0.000000	0.000000	-1.385519E-6	-1.234199E-5
3729885580.256296	-7.700500	-0.000500	-1.000000	-4.020000	0.000000	15.000000	100.000000	100.000000	0.000000	4.480000	0.000000	0.000000	0.000000	0.000000	1	1	0.000000	1.000000	1.000000	1.000000	1.000000	1.000000	1.000000	0.000000	0.000000	0.000000	0.000000	0.000000	-1.362610E-6	-1.234199E-5
3729885582.129480	-7.601000	-0.000500	-1.000000	-4.020000	0.000000	15.000000	100.000000	100.000000	0.000000	4.480000	0.000000	0.000000	0.000000	0.000000	1	1	0.000000	1.000000	1.000000	1.000000	1.000000	1.000000	1.000000	0.000000	0.000000	0.000000	0.000000	0.000000	-1.337267E-6	-1.234199E-5
3729885584.013920	-7.500500	-0.000500	-1.000000	-4.020000	0.000000	15.000000	100.000000	100.000000	0.000000	4.480000	0.000000	0.000000	0.000000	0.000000	1	1	0.000000	1.000000	1.000000	1.000000	1.000000	1.000000	1.000000	0.000000	0.000000	0.000000	0.000000	0.000000	-1.311679E-6	-1.234199E-5
3729885585.899266	-7.401000	-0.000500	-1.000000	-4.020000	0.000000	15.000000	100.000000	100.000000	0.000000	4.480000	0.000000	0.000000	0.000000	0.000000	1	1	0.000000	1.000000	1.000000	1.000000	1.000000	1.000000	1.000000	0.000000	0.000000	0.000000	0.000000	0.000000	-1.285450E-6	-1.234199E-5
3729885587.777776	-7.301000	-0.000500	-1.000000	-4.020000	0.000000	15.000000	100.000000	100.000000	0.000000	4.480000	0.000000	0.000000	0.000000	0.000000	1	1	0.000000	1.000000	1.000000	1.000000	1.000000	1.000000	1.000000	0.000000	0.000000	0.000000	0.000000	0.000000	-1.258930E-6	-1.234199E-5
3729885589.654509	-7.201000	-0.000500	-1.000000	-4.020000	0.000000	15.000000	100.000000	100.000000	0.000000	4.480000	0.000000	0.000000	0.000000	0.000000	1	1	0.000000	1.000000	1.000000	1.000000	1.000000	1.000000	1.000000	0.000000	0.000000	0.000000	0.000000	0.000000	-1.231868E-6	-1.234199E-5
3729885591.532425	-7.100500	-0.000500	-1.000000	-4.020000	0.000000	15.000000	100.000000	100.000000	0.000000	4.480000	0.000000	0.000000	0.000000	0.000000	1	1	0.000000	1.000000	1.000000	1.000000	1.000000	1.000000	1.000000	0.000000	0.000000	0.000000	0.000000	0.000000	-1.205053E-6	-1.234199E-5
3729885593.411537	-7.000500	-0.000500	-1.000000	-4.020000	0.000000	15.000000	100.000000	100.000000	0.000000	4.480000	0.000000	0.000000	0.000000	0.000000	1	1	0.000000	1.000000	1.000000	1.000000	1.000000	1.000000	1.000000	0.000000	0.000000	0.000000	0.000000	0.000000	-1.178031E-6	-1.234199E-5
3729885595.284741	-6.900500	-0.000500	-1.000000	-4.020000	0.000000	15.000000	100.000000	100.000000	0.000000	4.480000	0.000000	0.000000	0.000000	0.000000	1	1	0.000000	1.000000	1.000000	1.000000	1.000000	1.000000	1.000000	0.000000	0.000000	0.000000	0.000000	0.000000	-1.151465E-6	-1.234199E-5
3729885597.155253	-6.801000	-0.000500	-1.000000	-4.020000	0.000000	15.000000	100.000000	100.000000	0.000000	4.480000	0.000000	0.000000	0.000000	0.000000	1	1	0.000000	1.000000	1.000000	1.000000	1.000000	1.000000	1.000000	0.000000	0.000000	0.000000	0.000000	0.000000	-1.124748E-6	-1.234199E-5
3729885599.026352	-6.701000	-0.000500	-1.000000	-4.020000	0.000000	15.000000	100.000000	100.000000	0.000000	4.480000	0.000000	0.000000	0.000000	0.000000	1	1	0.000000	1.000000	1.000000	1.000000	1.000000	1.000000	1.000000	0.000000	0.000000	0.000000	0.000000	0.000000	-1.098337E-6	-1.234199E-5
3729885600.897410	-6.601000	-0.000500	-1.000000	-4.020000	0.000000	15.000000	100.000000	100.000000	0.000000	4.480000	0.000000	0.000000	0.000000	0.000000	1	1	0.000000	1.000000	1.000000	1.000000	1.000000	1.000000	1.000000	0.000000	0.000000	0.000000	0.000000	0.000000	-1.070906E-6	-1.234199E-5
3729885602.772229	-6.501000	-0.000500	-1.000000	-4.020000	0.000000	15.000000	100.000000	100.000000	0.000000	4.480000	0.000000	0.000000	0.000000	0.000000	1	1	0.000000	1.000000	1.000000	1.000000	1.000000	1.000000	1.000000	0.000000	0.000000	0.000000	0.000000	0.000000	-1.043366E-6	-1.234199E-5
3729885604.646131	-6.401000	-0.000500	-1.000000	-4.020000	0.000000	15.000000	100.000000	100.000000	0.000000	4.480000	0.000000	0.000000	0.000000	0.000000	1	1	0.000000	1.000000	1.000000	1.000000	1.000000	1.000000	1.000000	0.000000	0.000000	0.000000	0.000000	0.000000	-1.014912E-6	-1.234199E-5
3729885606.525630	-6.300500	-0.000500	-1.000000	-4.020000	0.000000	15.000000	100.000000	100.000000	0.000000	4.480000	0.000000	0.000000	0.000000	0.000000	1	1	0.000000	1.000000	1.000000	1.000000	1.000000	1.000000	1.000000	0.000000	0.000000	0.000000	0.000000	0.000000	-9.859259E-7	-1.234199E-5
3729885608.399442	-6.201000	-0.000500	-1.000000	-4.020000	0.000000	15.000000	100.000000	100.000000	0.000000	4.480000	0.000000	0.000000	0.000000	0.000000	1	1	0.000000	1.000000	1.000000	1.000000	1.000000	1.000000	1.000000	0.000000	0.000000	0.000000	0.000000	0.000000	-9.560696E-7	-1.234199E-5
3729885610.277554	-6.100500	-0.000500	-1.000000	-4.020000	0.000000	15.000000	100.000000	100.000000	0.000000	4.480000	0.000000	0.000000	0.000000	0.000000	1	1	0.000000	1.000000	1.000000	1.000000	1.000000	1.000000	1.000000	0.000000	0.000000	0.000000	0.000000	0.000000	-9.256496E-7	-1.234199E-5
3729885612.155323	-6.000500	-0.000500	-1.000000	-4.020000	0.000000	15.000000	100.000000	100.000000	0.000000	4.480000	0.000000	0.000000	0.000000	0.000000	1	1	0.000000	1.000000	1.000000	1.000000	1.000000	1.000000	1.000000	0.000000	0.000000	0.000000	0.000000	0.000000	-8.938471E-7	-1.234199E-5
3729885614.046295	-5.900500	-0.000500	-1.000000	-4.020000	0.000000	15.000000	100.000000	100.000000	0.000000	4.480000	0.000000	0.000000	0.000000	0.000000	1	1	0.000000	1.000000	1.000000	1.000000	1.000000	1.000000	1.000000	0.000000	0.000000	0.000000	0.000000	0.000000	-8.615086E-7	-1.234199E-5
3729885615.927681	-5.801000	-0.000500	-1.000000	-4.020000	0.000000	15.000000	100.000000	100.000000	0.000000	4.480000	0.000000	0.000000	0.000000	0.000000	1	1	0.000000	1.000000	1.000000	1.000000	1.000000	1.000000	1.000000	0.000000	0.000000	0.000000	0.000000	0.000000	-8.281364E-7	-1.234199E-5
3729885617.810339	-5.701000	-0.000500	-1.000000	-4.020000	0.000000	15.000000	100.000000	100.000000	0.000000	4.480000	0.000000	0.000000	0.000000	0.000000	1	1	0.000000	1.000000	1.000000	1.000000	1.000000	1.000000	1.000000	0.000000	0.000000	0.000000	0.000000	0.000000	-7.931781E-7	-1.234199E-5
3729885619.683287	-5.601000	-0.000500	-1.000000	-4.020000	0.000000	15.000000	100.000000	100.000000	0.000000	4.480000	0.000000	0.000000	0.000000	0.000000	1	1	0.000000	1.000000	1.000000	1.000000	1.000000	1.000000	1.000000	0.000000	0.000000	0.000000	0.000000	0.000000	-7.562157E-7	-1.234199E-5
3729885621.554689	-5.501000	-0.000500	-1.000000	-4.020000	0.000000	15.000000	100.000000	100.000000	0.000000	4.480000	0.000000	0.000000	0.000000	0.000000	1	1	0.000000	1.000000	1.000000	1.000000	1.000000	1.000000	1.000000	0.000000	0.000000	0.000000	0.000000	0.000000	-7.174831E-7	-1.234199E-5
3729885623.419474	-5.401000	-0.000500	-1.000000	-4.020000	0.000000	15.000000	100.000000	100.000000	0.000000	4.480000	0.000000	0.000000	0.000000	0.000000	1	1	0.000000	1.000000	1.000000	1.000000	1.000000	1.000000	1.000000	0.000000	0.000000	0.000000	0.000000	0.000000	-6.768656E-7	-1.234199E-5
3729885625.289271	-5.301000	-0.000500	-1.000000	-4.020000	0.000000	15.000000	100.000000	100.000000	0.000000	4.480000	0.000000	0.000000	0.000000	0.000000	1	1	0.000000	1.000000	1.000000	1.000000	1.000000	1.000000	1.000000	0.000000	0.000000	0.000000	0.000000	0.000000	-6.352336E-7	-1.234199E-5
3729885627.167059	-5.201000	-0.000500	-1.000000	-4.020000	0.000000	15.000000	100.000000	100.000000	0.000000	4.480000	0.000000	0.000000	0.000000	0.000000	1	1	0.000000	1.000000	1.000000	1.000000	1.000000	1.000000	1.000000	0.000000	0.000000	0.000000	0.000000	0.000000	-5.932117E-7	-1.234199E-5
3729885629.044140	-5.100500	-0.000500	-1.000000	-4.020000	0.000000	15.000000	100.000000	100.000000	0.000000	4.480000	0.000000	0.000000	0.000000	0.000000	1	1	0.000000	1.000000	1.000000	1.000000	1.000000	1.000000	1.000000	0.000000	0.000000	0.000000	0.000000	0.000000	-5.499157E-7	-1.234199E-5
3729885630.921246	-5.001000	-0.000500	-1.000000	-4.020000	0.000000	15.000000	100.000000	100.000000	0.000000	4.480000	0.000000	0.000000	0.000000	0.000000	1	1	0.000000	1.000000	1.000000	1.000000	1.000000	1.000000	1.000000	0.000000	0.000000	0.000000	0.000000	0.000000	-5.067198E-7	-1.234199E-5
3729885632.799303	-4.900500	-0.000500	-1.000000	-4.020000	0.000000	15.000000	100.000000	100.000000	0.000000	4.480000	0.000000	0.000000	0.000000	0.000000	1	1	0.000000	1.000000	1.000000	1.000000	1.000000	1.000000	1.000000	0.000000	0.000000	0.000000	0.000000	0.000000	-4.637145E-7	-1.234199E-5
3729885634.682405	-4.801000	-0.000500	-1.000000	-4.020000	0.000000	15.000000	100.000000	100.000000	0.000000	4.480000	0.000000	0.000000	0.000000	0.000000	1	1	0.000000	1.000000	1.000000	1.000000	1.000000	1.000000	1.000000	0.000000	0.000000	0.000000	0.000000	0.000000	-4.206836E-7	-1.234199E-5
3729885636.325352	-4.701000	-0.000500	-1.000000	-4.020000	0.000000	15.000000	100.000000	100.000000	0.000000	4.480000	0.000000	0.000000	0.000000	0.000000	1	1	0.000000	1.000000	1.000000	1.000000	1.000000	1.000000	1.000000	0.000000	0.000000	0.000000	0.000000	0.000000	-3.784969E-7	-1.234199E-5
3729885638.204575	-4.601000	-0.000500	-1.000000	-4.020000	0.000000	15.000000	100.000000	100.000000	0.000000	4.480000	0.000000	0.000000	0.000000	0.000000	1	1	0.000000	1.000000	1.000000	1.000000	1.000000	1.000000	1.000000	0.000000	0.000000	0.000000	0.000000	0.000000	-3.367691E-7	-1.234199E-5
3729885640.082803	-4.501000	-0.000500	-1.000000	-4.020000	0.000000	15.000000	100.000000	100.000000	0.000000	4.480000	0.000000	0.000000	0.000000	0.000000	1	1	0.000000	1.000000	1.000000	1.000000	1.000000	1.000000	1.000000	0.000000	0.000000	0.000000	0.000000	0.000000	-2.964463E-7	-1.234199E-5
3729885641.960944	-4.401000	-0.000500	-1.000000	-4.020000	0.000000	15.000000	100.000000	100.000000	0.000000	4.480000	0.000000	0.000000	0.000000	0.000000	1	1	0.000000	1.000000	1.000000	1.000000	1.000000	1.000000	1.000000	0.000000	0.000000	0.000000	0.000000	0.000000	-2.570044E-7	-1.234199E-5
3729885643.833963	-4.301000	-0.000500	-1.000000	-4.020000	0.000000	15.000000	100.000000	100.000000	0.000000	4.480000	0.000000	0.000000	0.000000	0.000000	1	1	0.000000	1.000000	1.000000	1.000000	1.000000	1.000000	1.000000	0.000000	0.000000	0.000000	0.000000	0.000000	-2.204059E-7	-1.234199E-5
3729885646.124934	-4.201000	-0.000500	-1.000000	-4.020000	0.000000	15.000000	100.000000	100.000000	0.000000	4.480000	0.000000	0.000000	0.000000	0.000000	1	1	0.000000	1.000000	1.000000	1.000000	1.000000	1.000000	1.000000	0.000000	0.000000	0.000000	0.000000	0.000000	-1.869051E-7	-1.234199E-5
3729885647.998703	-4.100500	-0.000500	-1.000000	-4.020000	0.000000	15.000000	100.000000	100.000000	0.000000	4.480000	0.000000	0.000000	0.000000	0.000000	1	1	0.000000	1.000000	1.000000	1.000000	1.000000	1.000000	1.000000	0.000000	0.000000	0.000000	0.000000	0.000000	-1.561289E-7	-1.234199E-5
3729885649.880363	-4.001000	-0.000500	-1.000000	-4.020000	0.000000	15.000000	100.000000	100.000000	0.000000	4.480000	0.000000	0.000000	0.000000	0.000000	1	1	0.000000	1.000000	1.000000	1.000000	1.000000	1.000000	1.000000	0.000000	0.000000	0.000000	0.000000	0.000000	-1.290113E-7	-1.234199E-5
3729885651.754646	-3.900500	-0.000500	-1.000000	-4.020000	0.000000	15.000000	100.000000	100.000000	0.000000	4.480000	0.000000	0.000000	0.000000	0.000000	1	1	0.000000	1.000000	1.000000	1.000000	1.000000	1.000000	1.000000	0.000000	0.000000	0.000000	0.000000	0.000000	-1.052469E-7	-1.234199E-5
3729885653.631913	-3.801000	-0.000500	-1.000000	-4.020000	0.000000	15.000000	100.000000	100.000000	0.000000	4.480000	0.000000	0.000000	0.000000	0.000000	1	1	0.000000	1.000000	1.000000	1.000000	1.000000	1.000000	1.000000	0.000000	0.000000	0.000000	0.000000	0.000000	-8.398110E-8	-1.234199E-5
3729885655.509958	-3.701000	-0.000500	-1.000000	-4.020000	0.000000	15.000000	100.000000	100.000000	0.000000	4.480000	0.000000	0.000000	0.000000	0.000000	1	1	0.000000	1.000000	1.000000	1.000000	1.000000	1.000000	1.000000	0.000000	0.000000	0.000000	0.000000	0.000000	-6.502773E-8	-1.234199E-5
3729885657.390305	-3.601000	-0.000500	-1.000000	-4.020000	0.000000	15.000000	100.000000	100.000000	0.000000	4.480000	0.000000	0.000000	0.000000	0.000000	1	1	0.000000	1.000000	1.000000	1.000000	1.000000	1.000000	1.000000	0.000000	0.000000	0.000000	0.000000	0.000000	-4.932882E-8	-1.234199E-5
3729885659.273848	-3.501000	-0.000500	-1.000000	-4.020000	0.000000	15.000000	100.000000	100.000000	0.000000	4.480000	0.000000	0.000000	0.000000	0.000000	1	1	0.000000	1.000000	1.000000	1.000000	1.000000	1.000000	1.000000	0.000000	0.000000	0.000000	0.000000	0.000000	-3.645912E-8	-1.234199E-5
3729885661.150891	-3.401000	-0.000500	-1.000000	-4.020000	0.000000	15.000000	100.000000	100.000000	0.000000	4.480000	0.000000	0.000000	0.000000	0.000000	1	1	0.000000	1.000000	1.000000	1.000000	1.000000	1.000000	1.000000	0.000000	0.000000	0.000000	0.000000	0.000000	-2.589840E-8	-1.234199E-5
3729885663.440211	-3.301000	-0.000500	-1.000000	-4.020000	0.000000	15.000000	100.000000	100.000000	0.000000	4.480000	0.000000	0.000000	0.000000	0.000000	1	1	0.000000	1.000000	1.000000	1.000000	1.000000	1.000000	1.000000	0.000000	0.000000	0.000000	0.000000	0.000000	-1.792340E-8	-1.234199E-5
3729885665.316813	-3.201000	-0.000500	-1.000000	-4.020000	0.000000	15.000000	100.000000	100.000000	0.000000	4.480000	0.000000	0.000000	0.000000	0.000000	1	1	0.000000	1.000000	1.000000	1.000000	1.000000	1.000000	1.000000	0.000000	0.000000	0.000000	0.000000	0.000000	-1.217168E-8	-1.234199E-5
3729885667.195707	-3.101000	-0.000500	-1.000000	-4.020000	0.000000	15.000000	100.000000	100.000000	0.000000	4.480000	0.000000	0.000000	0.000000	0.000000	1	1	0.000000	1.000000	1.000000	1.000000	1.000000	1.000000	1.000000	0.000000	0.000000	0.000000	0.000000	0.000000	-8.306330E-9	-1.234199E-5
3729885669.065746	-3.001000	-0.000500	-1.000000	-4.020000	0.000000	15.000000	100.000000	100.000000	0.000000	4.480000	0.000000	0.000000	0.000000	0.000000	1	1	0.000000	1.000000	1.000000	1.000000	1.000000	1.000000	1.000000	0.000000	0.000000	0.000000	0.000000	0.000000	-6.082773E-9	-1.234199E-5
3729885670.947866	-2.901000	-0.000500	-1.000000	-4.020000	0.000000	15.000000	100.000000	100.000000	0.000000	4.480000	0.000000	0.000000	0.000000	0.000000	1	1	0.000000	1.000000	1.000000	1.000000	1.000000	1.000000	1.000000	0.000000	0.000000	0.000000	0.000000	0.000000	-4.964035E-9	-1.234199E-5
3729885672.824731	-2.801000	-0.000500	-1.000000	-4.020000	0.000000	15.000000	100.000000	100.000000	0.000000	4.480000	0.000000	0.000000	0.000000	0.000000	1	1	0.000000	1.000000	1.000000	1.000000	1.000000	1.000000	1.000000	0.000000	0.000000	0.000000	0.000000	0.000000	-4.447060E-9	-1.234199E-5
3729885674.703739	-2.701000	-0.000500	-1.000000	-4.020000	0.000000	15.000000	100.000000	100.000000	0.000000	4.480000	0.000000	0.000000	0.000000	0.000000	1	1	0.000000	1.000000	1.000000	1.000000	1.000000	1.000000	1.000000	0.000000	0.000000	0.000000	0.000000	0.000000	-4.209191E-9	-1.234199E-5
3729885676.574050	-2.601000	-0.000500	-1.000000	-4.020000	0.000000	15.000000	100.000000	100.000000	0.000000	4.480000	0.000000	0.000000	0.000000	0.000000	1	1	0.000000	1.000000	1.000000	1.000000	1.000000	1.000000	1.000000	0.000000	0.000000	0.000000	0.000000	0.000000	-4.048621E-9	-1.234199E-5
3729885678.447658	-2.501000	-0.000500	-1.000000	-4.020000	0.000000	15.000000	100.000000	100.000000	0.000000	4.480000	0.000000	0.000000	0.000000	0.000000	1	1	0.000000	1.000000	1.000000	1.000000	1.000000	1.000000	1.000000	0.000000	0.000000	0.000000	0.000000	0.000000	-3.902078E-9	-1.234199E-5
3729885680.327142	-2.401000	-0.000500	-1.000000	-4.020000	0.000000	15.000000	100.000000	100.000000	0.000000	4.480000	0.000000	0.000000	0.000000	0.000000	1	1	0.000000	1.000000	1.000000	1.000000	1.000000	1.000000	1.000000	0.000000	0.000000	0.000000	0.000000	0.000000	-3.760792E-9	-1.234199E-5
3729885682.204069	-2.301000	-0.000500	-1.000000	-4.020000	0.000000	15.000000	100.000000	100.000000	0.000000	4.480000	0.000000	0.000000	0.000000	0.000000	1	1	0.000000	1.000000	1.000000	1.000000	1.000000	1.000000	1.000000	0.000000	0.000000	0.000000	0.000000	0.000000	-3.628307E-9	-1.234199E-5
3729885684.081566	-2.201000	-0.000500	-1.000000	-4.020000	0.000000	15.000000	100.000000	100.000000	0.000000	4.480000	0.000000	0.000000	0.000000	0.000000	1	1	0.000000	1.000000	1.000000	1.000000	1.000000	1.000000	1.000000	0.000000	0.000000	0.000000	0.000000	0.000000	-3.502762E-9	-1.234199E-5
3729885685.957553	-2.101000	-0.000500	-1.000000	-4.020000	0.000000	15.000000	100.000000	100.000000	0.000000	4.480000	0.000000	0.000000	0.000000	0.000000	1	1	0.000000	1.000000	1.000000	1.000000	1.000000	1.000000	1.000000	0.000000	0.000000	0.000000	0.000000	0.000000	-3.383004E-9	-1.234199E-5
3729885687.841535	-2.001000	-0.000500	-1.000000	-4.020000	0.000000	15.000000	100.000000	100.000000	0.000000	4.480000	0.000000	0.000000	0.000000	0.000000	1	1	0.000000	1.000000	1.000000	1.000000	1.000000	1.000000	1.000000	0.000000	0.000000	0.000000	0.000000	0.000000	-3.266736E-9	-1.234199E-5
3729885689.720221	-1.901000	-0.000500	-1.000000	-4.020000	0.000000	15.000000	100.000000	100.000000	0.000000	4.480000	0.000000	0.000000	0.000000	0.000000	1	1	0.000000	1.000000	1.000000	1.000000	1.000000	1.000000	1.000000	0.000000	0.000000	0.000000	0.000000	0.000000	-3.161976E-9	-1.234199E-5
3729885691.599178	-1.801000	-0.000500	-1.000000	-4.020000	0.000000	15.000000	100.000000	100.000000	0.000000	4.480000	0.000000	0.000000	0.000000	0.000000	1	1	0.000000	1.000000	1.000000	1.000000	1.000000	1.000000	1.000000	0.000000	0.000000	0.000000	0.000000	0.000000	-3.055147E-9	-1.234199E-5
3729885693.479274	-1.701000	-0.000500	-1.000000	-4.020000	0.000000	15.000000	100.000000	100.000000	0.000000	4.480000	0.000000	0.000000	0.000000	0.000000	1	1	0.000000	1.000000	1.000000	1.000000	1.000000	1.000000	1.000000	0.000000	0.000000	0.000000	0.000000	0.000000	-2.958016E-9	-1.234199E-5
3729885695.354525	-1.601000	-0.000500	-1.000000	-4.020000	0.000000	15.000000	100.000000	100.000000	0.000000	4.480000	0.000000	0.000000	0.000000	0.000000	1	1	0.000000	1.000000	1.000000	1.000000	1.000000	1.000000	1.000000	0.000000	0.000000	0.000000	0.000000	0.000000	-2.864396E-9	-1.234199E-5
3729885697.224783	-1.501000	-0.000500	-1.000000	-4.020000	0.000000	15.000000	100.000000	100.000000	0.000000	4.480000	0.000000	0.000000	0.000000	0.000000	1	1	0.000000	1.000000	1.000000	1.000000	1.000000	1.000000	1.000000	0.000000	0.000000	0.000000	0.000000	0.000000	-2.773375E-9	-1.234199E-5
3729885699.101120	-1.401000	-0.000500	-1.000000	-4.020000	0.000000	15.000000	100.000000	100.000000	0.000000	4.480000	0.000000	0.000000	0.000000	0.000000	1	1	0.000000	1.000000	1.000000	1.000000	1.000000	1.000000	1.000000	0.000000	0.000000	0.000000	0.000000	0.000000	-2.685663E-9	-1.234199E-5
3729885700.981946	-1.301000	-0.000500	-1.000000	-4.020000	0.000000	15.000000	100.000000	100.000000	0.000000	4.480000	0.000000	0.000000	0.000000	0.000000	1	1	0.000000	1.000000	1.000000	1.000000	1.000000	1.000000	1.000000	0.000000	0.000000	0.000000	0.000000	0.000000	-2.602740E-9	-1.234199E-5
3729885702.858061	-1.201000	-0.000500	-1.000000	-4.020000	0.000000	15.000000	100.000000	100.000000	0.000000	4.480000	0.000000	0.000000	0.000000	0.000000	1	1	0.000000	1.000000	1.000000	1.000000	1.000000	1.000000	1.000000	0.000000	0.000000	0.000000	0.000000	0.000000	-2.521117E-9	-1.234199E-5
3729885704.736586	-1.101000	-0.000500	-1.000000	-4.020000	0.000000	15.000000	100.000000	100.000000	0.000000	4.480000	0.000000	0.000000	0.000000	0.000000	1	1	0.000000	1.000000	1.000000	1.000000	1.000000	1.000000	1.000000	0.000000	0.000000	0.000000	0.000000	0.000000	-2.442325E-9	-1.234199E-5
3729885706.618987	-1.001000	-0.000500	-1.000000	-4.020000	0.000000	15.000000	100.000000	100.000000	0.000000	4.480000	0.000000	0.000000	0.000000	0.000000	1	1	0.000000	1.000000	1.000000	1.000000	1.000000	1.000000	1.000000	0.000000	0.000000	0.000000	0.000000	0.000000	-2.367738E-9	-1.234199E-5
3729885708.497390	-0.901000	-0.000500	-1.000000	-4.020000	0.000000	15.000000	100.000000	100.000000	0.000000	4.480000	0.000000	0.000000	0.000000	0.000000	1	1	0.000000	1.000000	1.000000	1.000000	1.000000	1.000000	1.000000	0.000000	0.000000	0.000000	0.000000	0.000000	-2.296219E-9	-1.234199E-5
3729885710.374266	-0.801000	-0.000500	-1.000000	-4.020000	0.000000	15.000000	100.000000	100.000000	0.000000	4.480000	0.000000	0.000000	0.000000	0.000000	1	1	0.000000	1.000000	1.000000	1.000000	1.000000	1.000000	1.000000	0.000000	0.000000	0.000000	0.000000	0.000000	-2.226593E-9	-1.234199E-5
3729885712.250868	-0.701000	-0.000500	-1.000000	-4.020000	0.000000	15.000000	100.000000	100.000000	0.000000	4.480000	0.000000	0.000000	0.000000	0.000000	1	1	0.000000	1.000000	1.000000	1.000000	1.000000	1.000000	1.000000	0.000000	0.000000	0.000000	0.000000	0.000000	-2.159725E-9	-1.234199E-5
3729885714.132479	-0.601000	-0.000500	-1.000000	-4.020000	0.000000	15.000000	100.000000	100.000000	0.000000	4.480000	0.000000	0.000000	0.000000	0.000000	1	1	0.000000	1.000000	1.000000	1.000000	1.000000	1.000000	1.000000	0.000000	0.000000	0.000000	0.000000	0.000000	-2.094557E-9	-1.234199E-5
3729885716.008056	-0.501000	-0.000500	-1.000000	-4.020000	0.000000	15.000000	100.000000	100.000000	0.000000	4.480000	0.000000	0.000000	0.000000	0.000000	1	1	0.000000	1.000000	1.000000	1.000000	1.000000	1.000000	1.000000	0.000000	0.000000	0.000000	0.000000	0.000000	-2.031836E-9	-1.234199E-5
3729885718.288733	-0.401000	-0.000500	-1.000000	-4.020000	0.000000	15.000000	100.000000	100.000000	0.000000	4.480000	0.000000	0.000000	0.000000	0.000000	1	1	0.000000	1.000000	1.000000	1.000000	1.000000	1.000000	1.000000	0.000000	0.000000	0.000000	0.000000	0.000000	-1.968657E-9	-1.234199E-5
3729885720.154357	-0.301000	-0.000500	-1.000000	-4.020000	0.000000	15.000000	100.000000	100.000000	0.000000	4.480000	0.000000	0.000000	0.000000	0.000000	1	1	0.000000	1.000000	1.000000	1.000000	1.000000	1.000000	1.000000	0.000000	0.000000	0.000000	0.000000	0.000000	-1.909640E-9	-1.234199E-5
3729885722.023842	-0.201000	-0.000500	-1.000000	-4.020000	0.000000	15.000000	100.000000	100.000000	0.000000	4.480000	0.000000	0.000000	0.000000	0.000000	1	1	0.000000	1.000000	1.000000	1.000000	1.000000	1.000000	1.000000	0.000000	0.000000	0.000000	0.000000	0.000000	-1.851202E-9	-1.234199E-5
3729885723.900553	-0.101000	-0.000500	-1.000000	-4.020000	0.000000	15.000000	100.000000	100.000000	0.000000	4.480000	0.000000	0.000000	0.000000	0.000000	1	1	0.000000	1.000000	1.000000	1.000000	1.000000	1.000000	1.000000	0.000000	0.000000	0.000000	0.000000	0.000000	-1.794693E-9	-1.234199E-5
3729885725.771430	-0.001000	-0.000500	-1.000000	-4.020000	0.000000	15.000000	100.000000	100.000000	0.000000	4.480000	0.000000	0.000000	0.000000	0.000000	1	1	0.000000	1.000000	1.000000	1.000000	1.000000	1.000000	1.000000	0.000000	0.000000	0.000000	0.000000	0.000000	-1.741798E-9	-1.234199E-5
3729885727.648494	0.099000	-0.000500	-1.000000	-4.020000	0.000000	15.000000	100.000000	100.000000	0.000000	4.480000	0.000000	0.000000	0.000000	0.000000	1	1	0.000000	1.000000	1.000000	1.000000	1.000000	1.000000	1.000000	0.000000	0.000000	0.000000	0.000000	0.000000	-1.689909E-9	-1.234199E-5
3729885729.514691	0.199000	-0.000500	-1.000000	-4.020000	0.000000	15.000000	100.000000	100.000000	0.000000	4.480000	0.000000	0.000000	0.000000	0.000000	1	1	0.000000	1.000000	1.000000	1.000000	1.000000	1.000000	1.000000	0.000000	0.000000	0.000000	0.000000	0.000000	-1.640116E-9	-1.234199E-5
3729885731.387619	0.299000	-0.000500	-1.000000	-4.020000	0.000000	15.000000	100.000000	100.000000	0.000000	4.480000	0.000000	0.000000	0.000000	0.000000	1	1	0.000000	1.000000	1.000000	1.000000	1.000000	1.000000	1.000000	0.000000	0.000000	0.000000	0.000000	0.000000	-1.592770E-9	-1.234199E-5
3729885733.263378	0.399000	-0.000500	-1.000000	-4.020000	0.000000	15.000000	100.000000	100.000000	0.000000	4.480000	0.000000	0.000000	0.000000	0.000000	1	1	0.000000	1.000000	1.000000	1.000000	1.000000	1.000000	1.000000	0.000000	0.000000	0.000000	0.000000	0.000000	-1.545394E-9	-1.234199E-5
3729885735.139146	0.499000	-0.000500	-1.000000	-4.020000	0.000000	15.000000	100.000000	100.000000	0.000000	4.480000	0.000000	0.000000	0.000000	0.000000	1	1	0.000000	1.000000	1.000000	1.000000	1.000000	1.000000	1.000000	0.000000	0.000000	0.000000	0.000000	0.000000	-1.500093E-9	-1.234199E-5
3729885737.019522	0.599000	-0.000500	-1.000000	-4.020000	0.000000	15.000000	100.000000	100.000000	0.000000	4.480000	0.000000	0.000000	0.000000	0.000000	1	1	0.000000	1.000000	1.000000	1.000000	1.000000	1.000000	1.000000	0.000000	0.000000	0.000000	0.000000	0.000000	-1.453412E-9	-1.234199E-5
3729885738.900950	0.699000	-0.000500	-1.000000	-4.020000	0.000000	15.000000	100.000000	100.000000	0.000000	4.480000	0.000000	0.000000	0.000000	0.000000	1	1	0.000000	1.000000	1.000000	1.000000	1.000000	1.000000	1.000000	0.000000	0.000000	0.000000	0.000000	0.000000	-1.410294E-9	-1.234199E-5
3729885740.782700	0.799000	-0.000500	-1.000000	-4.020000	0.000000	15.000000	100.000000	100.000000	0.000000	4.480000	0.000000	0.000000	0.000000	0.000000	1	1	0.000000	1.000000	1.000000	1.000000	1.000000	1.000000	1.000000	0.000000	0.000000	0.000000	0.000000	0.000000	-1.368593E-9	-1.234199E-5
3729885742.657703	0.899000	-0.000500	-1.000000	-4.020000	0.000000	15.000000	100.000000	100.000000	0.000000	4.480000	0.000000	0.000000	0.000000	0.000000	1	1	0.000000	1.000000	1.000000	1.000000	1.000000	1.000000	1.000000	0.000000	0.000000	0.000000	0.000000	0.000000	-1.328737E-9	-1.234199E-5
3729885744.540793	0.999000	-0.000500	-1.000000	-4.020000	0.000000	15.000000	100.000000	100.000000	0.000000	4.480000	0.000000	0.000000	0.000000	0.000000	1	1	0.000000	1.000000	1.000000	1.000000	1.000000	1.000000	1.000000	0.000000	0.000000	0.000000	0.000000	0.000000	-1.289514E-9	-1.234199E-5
