#En5Fil4Ext100F1100F20G0_11.dat
#3/11/2022 6:05:50 PM
#X (mm)
#From -21 To 1 By 0.1
#Measure 6485c
#221 points
#Timestamp (sec)	X (mm)	Y (mm)	Z (mm)	Theta (deg)	EG Grid (V)	EG Energy (eV)	EG Extraction (V)	EG Focus 1 (V)	EG Focus 2 (V)	EG Filament (V)	EG X1 Alignment (V)	EG X2 Alignment (V)	EG Y1 Alignment (V)	EG Y2 Alignment (V)	6485 Samples	6487 Samples	6487 Voltage (V)	GM2 Dwell Time (s)	GM2 SCA Lower Limit (V)	GM2 SCA Upper Limit (V)	GM1 Dwell Time (s)	GM1 SCA Lower Limit (V)	GM1 SCA Upper Limit (V)	Voltage Supply A (V)	Voltage Supply B (V)	Dummy	GM2 Counts	GM1 Counts	Keithley6485 Current (A)	Keithley6487 Current (A)
#time	xpos	ypos	zpos	theta	grid	en	ext	f1	f2	fil	x1	x2	y1	y2	6485s	6487s	6487v	gm2dw	gm2ll	gm2ul	gm1dw	gm1ll	gm1ul	va	vb	dummy	gm2	gm1	6485c	6487c
3729884763.910080	-21.000500	-0.000500	-1.000000	-4.020000	0.000000	5.000000	100.000000	100.000000	0.000000	3.980000	0.000000	0.000000	0.000000	0.000000	1	1	0.000000	1.000000	1.000000	1.000000	1.000000	1.000000	1.000000	0.000000	0.000000	0.000000	0.000000	0.000000	-2.002878E-13	1.777370E-6
3729884765.783105	-20.901000	-0.000500	-1.000000	-4.020000	0.000000	5.000000	100.000000	100.000000	0.000000	3.980000	0.000000	0.000000	0.000000	0.000000	1	1	0.000000	1.000000	1.000000	1.000000	1.000000	1.000000	1.000000	0.000000	0.000000	0.000000	0.000000	0.000000	-1.318770E-13	1.777370E-6
3729884767.658271	-20.801000	-0.000500	-1.000000	-4.020000	0.000000	5.000000	100.000000	100.000000	0.000000	3.980000	0.000000	0.000000	0.000000	0.000000	1	1	0.000000	1.000000	1.000000	1.000000	1.000000	1.000000	1.000000	0.000000	0.000000	0.000000	0.000000	0.000000	-7.759907E-14	1.777370E-6
3729884769.526993	-20.701000	-0.000500	-1.000000	-4.020000	0.000000	5.000000	100.000000	100.000000	0.000000	3.980000	0.000000	0.000000	0.000000	0.000000	1	1	0.000000	1.000000	1.000000	1.000000	1.000000	1.000000	1.000000	0.000000	0.000000	0.000000	0.000000	0.000000	-2.158543E-13	1.777370E-6
3729884771.408069	-20.601000	-0.000500	-1.000000	-4.020000	0.000000	5.000000	100.000000	100.000000	0.000000	3.980000	0.000000	0.000000	0.000000	0.000000	1	1	0.000000	1.000000	1.000000	1.000000	1.000000	1.000000	1.000000	0.000000	0.000000	0.000000	0.000000	0.000000	-1.900466E-13	1.777370E-6
3729884773.281160	-20.501000	-0.000500	-1.000000	-4.020000	0.000000	5.000000	100.000000	100.000000	0.000000	3.980000	0.000000	0.000000	0.000000	0.000000	1	1	0.000000	1.000000	1.000000	1.000000	1.000000	1.000000	1.000000	0.000000	0.000000	0.000000	0.000000	0.000000	-1.339253E-13	1.777370E-6
3729884775.160970	-20.401000	-0.000500	-1.000000	-4.020000	0.000000	5.000000	100.000000	100.000000	0.000000	3.980000	0.000000	0.000000	0.000000	0.000000	1	1	0.000000	1.000000	1.000000	1.000000	1.000000	1.000000	1.000000	0.000000	0.000000	0.000000	0.000000	0.000000	-1.027923E-13	1.777370E-6
3729884777.039033	-20.301000	-0.000500	-1.000000	-4.020000	0.000000	5.000000	100.000000	100.000000	0.000000	3.980000	0.000000	0.000000	0.000000	0.000000	1	1	0.000000	1.000000	1.000000	1.000000	1.000000	1.000000	1.000000	0.000000	0.000000	0.000000	0.000000	0.000000	2.686218E-15	1.777370E-6
3729884778.910985	-20.201000	-0.000500	-1.000000	-4.020000	0.000000	5.000000	100.000000	100.000000	0.000000	3.980000	0.000000	0.000000	0.000000	0.000000	1	1	0.000000	1.000000	1.000000	1.000000	1.000000	1.000000	1.000000	0.000000	0.000000	0.000000	0.000000	0.000000	-5.670716E-14	1.777370E-6
3729884780.787764	-20.101000	-0.000500	-1.000000	-4.020000	0.000000	5.000000	100.000000	100.000000	0.000000	3.980000	0.000000	0.000000	0.000000	0.000000	1	1	0.000000	1.000000	1.000000	1.000000	1.000000	1.000000	1.000000	0.000000	0.000000	0.000000	0.000000	0.000000	-1.607571E-13	1.777370E-6
3729884782.663573	-20.001000	-0.000500	-1.000000	-4.020000	0.000000	5.000000	100.000000	100.000000	0.000000	3.980000	0.000000	0.000000	0.000000	0.000000	1	1	0.000000	1.000000	1.000000	1.000000	1.000000	1.000000	1.000000	0.000000	0.000000	0.000000	0.000000	0.000000	-7.288816E-14	1.777370E-6
3729884784.537588	-19.901000	-0.000500	-1.000000	-4.020000	0.000000	5.000000	100.000000	100.000000	0.000000	3.980000	0.000000	0.000000	0.000000	0.000000	1	1	0.000000	1.000000	1.000000	1.000000	1.000000	1.000000	1.000000	0.000000	0.000000	0.000000	0.000000	0.000000	-7.247849E-14	1.777370E-6
3729884786.407949	-19.801000	-0.000500	-1.000000	-4.020000	0.000000	5.000000	100.000000	100.000000	0.000000	3.980000	0.000000	0.000000	0.000000	0.000000	1	1	0.000000	1.000000	1.000000	1.000000	1.000000	1.000000	1.000000	0.000000	0.000000	0.000000	0.000000	0.000000	-3.417669E-14	1.777370E-6
3729884788.287210	-19.701000	-0.000500	-1.000000	-4.020000	0.000000	5.000000	100.000000	100.000000	0.000000	3.980000	0.000000	0.000000	0.000000	0.000000	1	1	0.000000	1.000000	1.000000	1.000000	1.000000	1.000000	1.000000	0.000000	0.000000	0.000000	0.000000	0.000000	-6.940616E-14	1.777370E-6
3729884790.161742	-19.601000	-0.000500	-1.000000	-4.020000	0.000000	5.000000	100.000000	100.000000	0.000000	3.980000	0.000000	0.000000	0.000000	0.000000	1	1	0.000000	1.000000	1.000000	1.000000	1.000000	1.000000	1.000000	0.000000	0.000000	0.000000	0.000000	0.000000	-7.288815E-14	1.777370E-6
3729884792.039241	-19.501000	-0.000500	-1.000000	-4.020000	0.000000	5.000000	100.000000	100.000000	0.000000	3.980000	0.000000	0.000000	0.000000	0.000000	1	1	0.000000	1.000000	1.000000	1.000000	1.000000	1.000000	1.000000	0.000000	0.000000	0.000000	0.000000	0.000000	-1.806248E-13	1.777370E-6
3729884793.914976	-19.401000	-0.000500	-1.000000	-4.020000	0.000000	5.000000	100.000000	100.000000	0.000000	3.980000	0.000000	0.000000	0.000000	0.000000	1	1	0.000000	1.000000	1.000000	1.000000	1.000000	1.000000	1.000000	0.000000	0.000000	0.000000	0.000000	0.000000	-1.820586E-13	1.777370E-6
3729884795.790365	-19.301000	-0.000500	-1.000000	-4.020000	0.000000	5.000000	100.000000	100.000000	0.000000	3.980000	0.000000	0.000000	0.000000	0.000000	1	1	0.000000	1.000000	1.000000	1.000000	1.000000	1.000000	1.000000	0.000000	0.000000	0.000000	0.000000	0.000000	-2.045357E-14	1.777370E-6
3729884797.678816	-19.201000	-0.000500	-1.000000	-4.020000	0.000000	5.000000	100.000000	100.000000	0.000000	3.980000	0.000000	0.000000	0.000000	0.000000	1	1	0.000000	1.000000	1.000000	1.000000	1.000000	1.000000	1.000000	0.000000	0.000000	0.000000	0.000000	0.000000	-1.150816E-13	1.777370E-6
3729884799.558723	-19.101000	-0.000500	-1.000000	-4.020000	0.000000	5.000000	100.000000	100.000000	0.000000	3.980000	0.000000	0.000000	0.000000	0.000000	1	1	0.000000	1.000000	1.000000	1.000000	1.000000	1.000000	1.000000	0.000000	0.000000	0.000000	0.000000	0.000000	-2.352591E-14	1.777370E-6
3729884801.438155	-19.001000	-0.000500	-1.000000	-4.020000	0.000000	5.000000	100.000000	100.000000	0.000000	3.980000	0.000000	0.000000	0.000000	0.000000	1	1	0.000000	1.000000	1.000000	1.000000	1.000000	1.000000	1.000000	0.000000	0.000000	0.000000	0.000000	0.000000	-2.684936E-13	1.777370E-6
3729884803.313926	-18.901000	-0.000500	-1.000000	-4.020000	0.000000	5.000000	100.000000	100.000000	0.000000	3.980000	0.000000	0.000000	0.000000	0.000000	1	1	0.000000	1.000000	1.000000	1.000000	1.000000	1.000000	1.000000	0.000000	0.000000	0.000000	0.000000	0.000000	-1.167201E-13	1.777370E-6
3729884805.185544	-18.801000	-0.000500	-1.000000	-4.020000	0.000000	5.000000	100.000000	100.000000	0.000000	3.980000	0.000000	0.000000	0.000000	0.000000	1	1	0.000000	1.000000	1.000000	1.000000	1.000000	1.000000	1.000000	0.000000	0.000000	0.000000	0.000000	0.000000	-1.312625E-13	1.777370E-6
3729884807.057618	-18.701000	-0.000500	-1.000000	-4.020000	0.000000	5.000000	100.000000	100.000000	0.000000	3.980000	0.000000	0.000000	0.000000	0.000000	1	1	0.000000	1.000000	1.000000	1.000000	1.000000	1.000000	1.000000	0.000000	0.000000	0.000000	0.000000	0.000000	-9.521375E-14	1.777370E-6
3729884808.930474	-18.601000	-0.000500	-1.000000	-4.020000	0.000000	5.000000	100.000000	100.000000	0.000000	3.980000	0.000000	0.000000	0.000000	0.000000	1	1	0.000000	1.000000	1.000000	1.000000	1.000000	1.000000	1.000000	0.000000	0.000000	0.000000	0.000000	0.000000	-1.462146E-13	1.777370E-6
3729884810.801802	-18.501000	-0.000500	-1.000000	-4.020000	0.000000	5.000000	100.000000	100.000000	0.000000	3.980000	0.000000	0.000000	0.000000	0.000000	1	1	0.000000	1.000000	1.000000	1.000000	1.000000	1.000000	1.000000	0.000000	0.000000	0.000000	0.000000	0.000000	-1.333108E-13	1.777370E-6
3729884812.676373	-18.401000	-0.000500	-1.000000	-4.020000	0.000000	5.000000	100.000000	100.000000	0.000000	3.980000	0.000000	0.000000	0.000000	0.000000	1	1	0.000000	1.000000	1.000000	1.000000	1.000000	1.000000	1.000000	0.000000	0.000000	0.000000	0.000000	0.000000	-2.316256E-13	1.777370E-6
3729884814.549123	-18.301000	-0.000500	-1.000000	-4.020000	0.000000	5.000000	100.000000	100.000000	0.000000	3.980000	0.000000	0.000000	0.000000	0.000000	1	1	0.000000	1.000000	1.000000	1.000000	1.000000	1.000000	1.000000	0.000000	0.000000	0.000000	0.000000	0.000000	-2.938915E-13	1.777370E-6
3729884816.422070	-18.201000	-0.000500	-1.000000	-4.020000	0.000000	5.000000	100.000000	100.000000	0.000000	3.980000	0.000000	0.000000	0.000000	0.000000	1	1	0.000000	1.000000	1.000000	1.000000	1.000000	1.000000	1.000000	0.000000	0.000000	0.000000	0.000000	0.000000	-2.611200E-13	1.777370E-6
3729884818.297189	-18.101000	-0.000500	-1.000000	-4.020000	0.000000	5.000000	100.000000	100.000000	0.000000	3.980000	0.000000	0.000000	0.000000	0.000000	1	1	0.000000	1.000000	1.000000	1.000000	1.000000	1.000000	1.000000	0.000000	0.000000	0.000000	0.000000	0.000000	-1.658775E-13	1.777370E-6
3729884820.179763	-18.001000	-0.000500	-1.000000	-4.020000	0.000000	5.000000	100.000000	100.000000	0.000000	3.980000	0.000000	0.000000	0.000000	0.000000	1	1	0.000000	1.000000	1.000000	1.000000	1.000000	1.000000	1.000000	0.000000	0.000000	0.000000	0.000000	0.000000	-2.469872E-13	1.777370E-6
3729884822.059942	-17.901000	-0.000500	-1.000000	-4.020000	0.000000	5.000000	100.000000	100.000000	0.000000	3.980000	0.000000	0.000000	0.000000	0.000000	1	1	0.000000	1.000000	1.000000	1.000000	1.000000	1.000000	1.000000	0.000000	0.000000	0.000000	0.000000	0.000000	-2.136011E-13	1.777370E-6
3729884823.933065	-17.801000	-0.000500	-1.000000	-4.020000	0.000000	5.000000	100.000000	100.000000	0.000000	3.980000	0.000000	0.000000	0.000000	0.000000	1	1	0.000000	1.000000	1.000000	1.000000	1.000000	1.000000	1.000000	0.000000	0.000000	0.000000	0.000000	0.000000	-2.004925E-13	1.777370E-6
3729884825.813348	-17.701000	-0.000500	-1.000000	-4.020000	0.000000	5.000000	100.000000	100.000000	0.000000	3.980000	0.000000	0.000000	0.000000	0.000000	1	1	0.000000	1.000000	1.000000	1.000000	1.000000	1.000000	1.000000	0.000000	0.000000	0.000000	0.000000	0.000000	-3.213377E-13	1.777370E-6
3729884827.685445	-17.601000	-0.000500	-1.000000	-4.020000	0.000000	5.000000	100.000000	100.000000	0.000000	3.980000	0.000000	0.000000	0.000000	0.000000	1	1	0.000000	1.000000	1.000000	1.000000	1.000000	1.000000	1.000000	0.000000	0.000000	0.000000	0.000000	0.000000	-2.785299E-13	1.777370E-6
3729884829.560539	-17.501000	-0.000500	-1.000000	-4.020000	0.000000	5.000000	100.000000	100.000000	0.000000	3.980000	0.000000	0.000000	0.000000	0.000000	1	1	0.000000	1.000000	1.000000	1.000000	1.000000	1.000000	1.000000	0.000000	0.000000	0.000000	0.000000	0.000000	-1.085273E-13	1.777370E-6
3729884831.435728	-17.401000	-0.000500	-1.000000	-4.020000	0.000000	5.000000	100.000000	100.000000	0.000000	3.980000	0.000000	0.000000	0.000000	0.000000	1	1	0.000000	1.000000	1.000000	1.000000	1.000000	1.000000	1.000000	0.000000	0.000000	0.000000	0.000000	0.000000	-3.360849E-13	1.777370E-6
3729884833.309009	-17.301000	-0.000500	-1.000000	-4.020000	0.000000	5.000000	100.000000	100.000000	0.000000	3.980000	0.000000	0.000000	0.000000	0.000000	1	1	0.000000	1.000000	1.000000	1.000000	1.000000	1.000000	1.000000	0.000000	0.000000	0.000000	0.000000	0.000000	-2.152397E-13	1.777370E-6
3729884835.192099	-17.201000	-0.000500	-1.000000	-4.020000	0.000000	5.000000	100.000000	100.000000	0.000000	3.980000	0.000000	0.000000	0.000000	0.000000	1	1	0.000000	1.000000	1.000000	1.000000	1.000000	1.000000	1.000000	0.000000	0.000000	0.000000	0.000000	0.000000	-1.113947E-13	1.777370E-6
3729884837.076427	-17.101000	-0.000500	-1.000000	-4.020000	0.000000	5.000000	100.000000	100.000000	0.000000	3.980000	0.000000	0.000000	0.000000	0.000000	1	1	0.000000	1.000000	1.000000	1.000000	1.000000	1.000000	1.000000	0.000000	0.000000	0.000000	0.000000	0.000000	-2.412522E-13	1.777370E-6
3729884838.953052	-17.001000	-0.000500	-1.000000	-4.020000	0.000000	5.000000	100.000000	100.000000	0.000000	3.980000	0.000000	0.000000	0.000000	0.000000	1	1	0.000000	1.000000	1.000000	1.000000	1.000000	1.000000	1.000000	0.000000	0.000000	0.000000	0.000000	0.000000	-3.874954E-13	1.777370E-6
3729884840.830751	-16.901000	-0.000500	-1.000000	-4.020000	0.000000	5.000000	100.000000	100.000000	0.000000	3.980000	0.000000	0.000000	0.000000	0.000000	1	1	0.000000	1.000000	1.000000	1.000000	1.000000	1.000000	1.000000	0.000000	0.000000	0.000000	0.000000	0.000000	-4.145319E-13	1.777370E-6
3729884842.717193	-16.801000	-0.000500	-1.000000	-4.020000	0.000000	5.000000	100.000000	100.000000	0.000000	3.980000	0.000000	0.000000	0.000000	0.000000	1	1	0.000000	1.000000	1.000000	1.000000	1.000000	1.000000	1.000000	0.000000	0.000000	0.000000	0.000000	0.000000	-2.459631E-13	1.777370E-6
3729884844.593381	-16.701000	-0.000500	-1.000000	-4.020000	0.000000	5.000000	100.000000	100.000000	0.000000	3.980000	0.000000	0.000000	0.000000	0.000000	1	1	0.000000	1.000000	1.000000	1.000000	1.000000	1.000000	1.000000	0.000000	0.000000	0.000000	0.000000	0.000000	-2.871324E-13	1.777370E-6
3729884846.481580	-16.601000	-0.000500	-1.000000	-4.020000	0.000000	5.000000	100.000000	100.000000	0.000000	3.980000	0.000000	0.000000	0.000000	0.000000	1	1	0.000000	1.000000	1.000000	1.000000	1.000000	1.000000	1.000000	0.000000	0.000000	0.000000	0.000000	0.000000	-2.586621E-13	1.777370E-6
3729884848.358701	-16.501000	-0.000500	-1.000000	-4.020000	0.000000	5.000000	100.000000	100.000000	0.000000	3.980000	0.000000	0.000000	0.000000	0.000000	1	1	0.000000	1.000000	1.000000	1.000000	1.000000	1.000000	1.000000	0.000000	0.000000	0.000000	0.000000	0.000000	-2.123723E-13	1.777370E-6
3729884850.237145	-16.401000	-0.000500	-1.000000	-4.020000	0.000000	5.000000	100.000000	100.000000	0.000000	3.980000	0.000000	0.000000	0.000000	0.000000	1	1	0.000000	1.000000	1.000000	1.000000	1.000000	1.000000	1.000000	0.000000	0.000000	0.000000	0.000000	0.000000	-3.645553E-13	1.777370E-6
3729884852.115829	-16.301000	-0.000500	-1.000000	-4.020000	0.000000	5.000000	100.000000	100.000000	0.000000	3.980000	0.000000	0.000000	0.000000	0.000000	1	1	0.000000	1.000000	1.000000	1.000000	1.000000	1.000000	1.000000	0.000000	0.000000	0.000000	0.000000	0.000000	-2.627586E-13	1.777370E-6
3729884853.984982	-16.200500	-0.000500	-1.000000	-4.020000	0.000000	5.000000	100.000000	100.000000	0.000000	3.980000	0.000000	0.000000	0.000000	0.000000	1	1	0.000000	1.000000	1.000000	1.000000	1.000000	1.000000	1.000000	0.000000	0.000000	0.000000	0.000000	0.000000	-3.724902E-14	1.777370E-6
3729884855.864321	-16.100500	-0.000500	-1.000000	-4.020000	0.000000	5.000000	100.000000	100.000000	0.000000	3.980000	0.000000	0.000000	0.000000	0.000000	1	1	0.000000	1.000000	1.000000	1.000000	1.000000	1.000000	1.000000	0.000000	0.000000	0.000000	0.000000	0.000000	-3.860616E-13	1.777370E-6
3729884857.742245	-16.000500	-0.000500	-1.000000	-4.020000	0.000000	5.000000	100.000000	100.000000	0.000000	3.980000	0.000000	0.000000	0.000000	0.000000	1	1	0.000000	1.000000	1.000000	1.000000	1.000000	1.000000	1.000000	0.000000	0.000000	0.000000	0.000000	0.000000	-3.063857E-13	1.777370E-6
3729884859.614364	-15.901000	-0.000500	-1.000000	-4.020000	0.000000	5.000000	100.000000	100.000000	0.000000	3.980000	0.000000	0.000000	0.000000	0.000000	1	1	0.000000	1.000000	1.000000	1.000000	1.000000	1.000000	1.000000	0.000000	0.000000	0.000000	0.000000	0.000000	-3.369043E-13	1.777370E-6
3729884861.488198	-15.801000	-0.000500	-1.000000	-4.020000	0.000000	5.000000	100.000000	100.000000	0.000000	3.980000	0.000000	0.000000	0.000000	0.000000	1	1	0.000000	1.000000	1.000000	1.000000	1.000000	1.000000	1.000000	0.000000	0.000000	0.000000	0.000000	0.000000	-1.204070E-13	1.777370E-6
3729884863.362618	-15.701000	-0.000500	-1.000000	-4.020000	0.000000	5.000000	100.000000	100.000000	0.000000	3.980000	0.000000	0.000000	0.000000	0.000000	1	1	0.000000	1.000000	1.000000	1.000000	1.000000	1.000000	1.000000	0.000000	0.000000	0.000000	0.000000	0.000000	-3.323983E-13	1.777370E-6
3729884865.242430	-15.601000	-0.000500	-1.000000	-4.020000	0.000000	5.000000	100.000000	100.000000	0.000000	3.980000	0.000000	0.000000	0.000000	0.000000	1	1	0.000000	1.000000	1.000000	1.000000	1.000000	1.000000	1.000000	0.000000	0.000000	0.000000	0.000000	0.000000	-4.393157E-13	1.777370E-6
3729884867.122485	-15.501000	-0.000500	-1.000000	-4.020000	0.000000	5.000000	100.000000	100.000000	0.000000	3.980000	0.000000	0.000000	0.000000	0.000000	1	1	0.000000	1.000000	1.000000	1.000000	1.000000	1.000000	1.000000	0.000000	0.000000	0.000000	0.000000	0.000000	-3.487840E-13	1.777370E-6
3729884869.002143	-15.401000	-0.000500	-1.000000	-4.020000	0.000000	5.000000	100.000000	100.000000	0.000000	3.980000	0.000000	0.000000	0.000000	0.000000	1	1	0.000000	1.000000	1.000000	1.000000	1.000000	1.000000	1.000000	0.000000	0.000000	0.000000	0.000000	0.000000	-3.965076E-13	1.777370E-6
3729884870.883518	-15.301000	-0.000500	-1.000000	-4.020000	0.000000	5.000000	100.000000	100.000000	0.000000	3.980000	0.000000	0.000000	0.000000	0.000000	1	1	0.000000	1.000000	1.000000	1.000000	1.000000	1.000000	1.000000	0.000000	0.000000	0.000000	0.000000	0.000000	-4.589784E-13	1.777370E-6
3729884872.766769	-15.201000	-0.000500	-1.000000	-4.020000	0.000000	5.000000	100.000000	100.000000	0.000000	3.980000	0.000000	0.000000	0.000000	0.000000	1	1	0.000000	1.000000	1.000000	1.000000	1.000000	1.000000	1.000000	0.000000	0.000000	0.000000	0.000000	0.000000	-2.959397E-13	1.777370E-6
3729884874.636112	-15.100500	-0.000500	-1.000000	-4.020000	0.000000	5.000000	100.000000	100.000000	0.000000	3.980000	0.000000	0.000000	0.000000	0.000000	1	1	0.000000	1.000000	1.000000	1.000000	1.000000	1.000000	1.000000	0.000000	0.000000	0.000000	0.000000	0.000000	-3.070002E-13	1.777370E-6
3729884876.507236	-15.000500	-0.000500	-1.000000	-4.020000	0.000000	5.000000	100.000000	100.000000	0.000000	3.980000	0.000000	0.000000	0.000000	0.000000	1	1	0.000000	1.000000	1.000000	1.000000	1.000000	1.000000	1.000000	0.000000	0.000000	0.000000	0.000000	0.000000	-5.132563E-13	1.777370E-6
3729884878.376362	-14.900500	-0.000500	-1.000000	-4.020000	0.000000	5.000000	100.000000	100.000000	0.000000	3.980000	0.000000	0.000000	0.000000	0.000000	1	1	0.000000	1.000000	1.000000	1.000000	1.000000	1.000000	1.000000	0.000000	0.000000	0.000000	0.000000	0.000000	-4.470985E-13	1.777370E-6
3729884880.245486	-14.801000	-0.000500	-1.000000	-4.020000	0.000000	5.000000	100.000000	100.000000	0.000000	3.980000	0.000000	0.000000	0.000000	0.000000	1	1	0.000000	1.000000	1.000000	1.000000	1.000000	1.000000	1.000000	0.000000	0.000000	0.000000	0.000000	0.000000	-2.893854E-13	1.777370E-6
3729884882.121939	-14.701000	-0.000500	-1.000000	-4.020000	0.000000	5.000000	100.000000	100.000000	0.000000	3.980000	0.000000	0.000000	0.000000	0.000000	1	1	0.000000	1.000000	1.000000	1.000000	1.000000	1.000000	1.000000	0.000000	0.000000	0.000000	0.000000	0.000000	-3.274823E-13	1.777370E-6
3729884883.991490	-14.601000	-0.000500	-1.000000	-4.020000	0.000000	5.000000	100.000000	100.000000	0.000000	3.980000	0.000000	0.000000	0.000000	0.000000	1	1	0.000000	1.000000	1.000000	1.000000	1.000000	1.000000	1.000000	0.000000	0.000000	0.000000	0.000000	0.000000	-3.838085E-13	1.777370E-6
3729884885.869098	-14.501000	-0.000500	-1.000000	-4.020000	0.000000	5.000000	100.000000	100.000000	0.000000	3.980000	0.000000	0.000000	0.000000	0.000000	1	1	0.000000	1.000000	1.000000	1.000000	1.000000	1.000000	1.000000	0.000000	0.000000	0.000000	0.000000	0.000000	-4.438216E-13	1.777370E-6
3729884887.741594	-14.401000	-0.000500	-1.000000	-4.020000	0.000000	5.000000	100.000000	100.000000	0.000000	3.980000	0.000000	0.000000	0.000000	0.000000	1	1	0.000000	1.000000	1.000000	1.000000	1.000000	1.000000	1.000000	0.000000	0.000000	0.000000	0.000000	0.000000	-3.301450E-13	1.777370E-6
3729884889.619885	-14.300500	-0.000500	-1.000000	-4.020000	0.000000	5.000000	100.000000	100.000000	0.000000	3.980000	0.000000	0.000000	0.000000	0.000000	1	1	0.000000	1.000000	1.000000	1.000000	1.000000	1.000000	1.000000	0.000000	0.000000	0.000000	0.000000	0.000000	-3.879050E-13	1.777370E-6
3729884891.493742	-14.201000	-0.000500	-1.000000	-4.020000	0.000000	5.000000	100.000000	100.000000	0.000000	3.980000	0.000000	0.000000	0.000000	0.000000	1	1	0.000000	1.000000	1.000000	1.000000	1.000000	1.000000	1.000000	0.000000	0.000000	0.000000	0.000000	0.000000	-4.030618E-13	1.777370E-6
3729884893.373044	-14.100500	-0.000500	-1.000000	-4.020000	0.000000	5.000000	100.000000	100.000000	0.000000	3.980000	0.000000	0.000000	0.000000	0.000000	1	1	0.000000	1.000000	1.000000	1.000000	1.000000	1.000000	1.000000	0.000000	0.000000	0.000000	0.000000	0.000000	-3.696758E-13	1.777370E-6
3729884895.250995	-14.000500	-0.000500	-1.000000	-4.020000	0.000000	5.000000	100.000000	100.000000	0.000000	3.980000	0.000000	0.000000	0.000000	0.000000	1	1	0.000000	1.000000	1.000000	1.000000	1.000000	1.000000	1.000000	0.000000	0.000000	0.000000	0.000000	0.000000	-4.155561E-13	1.777370E-6
3729884897.128343	-13.900500	-0.000500	-1.000000	-4.020000	0.000000	5.000000	100.000000	100.000000	0.000000	3.980000	0.000000	0.000000	0.000000	0.000000	1	1	0.000000	1.000000	1.000000	1.000000	1.000000	1.000000	1.000000	0.000000	0.000000	0.000000	0.000000	0.000000	-4.485324E-13	1.777370E-6
3729884899.004879	-13.801000	-0.000500	-1.000000	-4.020000	0.000000	5.000000	100.000000	100.000000	0.000000	3.980000	0.000000	0.000000	0.000000	0.000000	1	1	0.000000	1.000000	1.000000	1.000000	1.000000	1.000000	1.000000	0.000000	0.000000	0.000000	0.000000	0.000000	-3.766398E-13	1.777370E-6
3729884900.871493	-13.700500	-0.000500	-1.000000	-4.020000	0.000000	5.000000	100.000000	100.000000	0.000000	3.980000	0.000000	0.000000	0.000000	0.000000	1	1	0.000000	1.000000	1.000000	1.000000	1.000000	1.000000	1.000000	0.000000	0.000000	0.000000	0.000000	0.000000	-4.212910E-13	1.777370E-6
3729884902.741174	-13.601000	-0.000500	-1.000000	-4.020000	0.000000	5.000000	100.000000	100.000000	0.000000	3.980000	0.000000	0.000000	0.000000	0.000000	1	1	0.000000	1.000000	1.000000	1.000000	1.000000	1.000000	1.000000	0.000000	0.000000	0.000000	0.000000	0.000000	-3.831941E-13	1.777370E-6
3729884904.610993	-13.501000	-0.000500	-1.000000	-4.020000	0.000000	5.000000	100.000000	100.000000	0.000000	3.980000	0.000000	0.000000	0.000000	0.000000	1	1	0.000000	1.000000	1.000000	1.000000	1.000000	1.000000	1.000000	0.000000	0.000000	0.000000	0.000000	0.000000	-6.089083E-13	1.777370E-6
3729884906.479160	-13.401000	-0.000500	-1.000000	-4.020000	0.000000	5.000000	100.000000	100.000000	0.000000	3.980000	0.000000	0.000000	0.000000	0.000000	1	1	0.000000	1.000000	1.000000	1.000000	1.000000	1.000000	1.000000	0.000000	0.000000	0.000000	0.000000	0.000000	-4.688098E-13	1.777370E-6
3729884908.351320	-13.300500	-0.000500	-1.000000	-4.020000	0.000000	5.000000	100.000000	100.000000	0.000000	3.980000	0.000000	0.000000	0.000000	0.000000	1	1	0.000000	1.000000	1.000000	1.000000	1.000000	1.000000	1.000000	0.000000	0.000000	0.000000	0.000000	0.000000	-4.649182E-13	1.777370E-6
3729884910.232443	-13.200500	-0.000500	-1.000000	-4.020000	0.000000	5.000000	100.000000	100.000000	0.000000	3.980000	0.000000	0.000000	0.000000	0.000000	1	1	0.000000	1.000000	1.000000	1.000000	1.000000	1.000000	1.000000	0.000000	0.000000	0.000000	0.000000	0.000000	-5.120274E-13	1.777370E-6
3729884912.110152	-13.100500	-0.000500	-1.000000	-4.020000	0.000000	5.000000	100.000000	100.000000	0.000000	3.980000	0.000000	0.000000	0.000000	0.000000	1	1	0.000000	1.000000	1.000000	1.000000	1.000000	1.000000	1.000000	0.000000	0.000000	0.000000	0.000000	0.000000	-4.991237E-13	1.777370E-6
3729884913.992393	-13.000500	-0.000500	-1.000000	-4.020000	0.000000	5.000000	100.000000	100.000000	0.000000	3.980000	0.000000	0.000000	0.000000	0.000000	1	1	0.000000	1.000000	1.000000	1.000000	1.000000	1.000000	1.000000	0.000000	0.000000	0.000000	0.000000	0.000000	-4.882681E-13	1.777370E-6
3729884915.870919	-12.900500	-0.000500	-1.000000	-4.020000	0.000000	5.000000	100.000000	100.000000	0.000000	3.980000	0.000000	0.000000	0.000000	0.000000	1	1	0.000000	1.000000	1.000000	1.000000	1.000000	1.000000	1.000000	0.000000	0.000000	0.000000	0.000000	0.000000	-4.686051E-13	1.777370E-6
3729884917.749396	-12.801000	-0.000500	-1.000000	-4.020000	0.000000	5.000000	100.000000	100.000000	0.000000	3.980000	0.000000	0.000000	0.000000	0.000000	1	1	0.000000	1.000000	1.000000	1.000000	1.000000	1.000000	1.000000	0.000000	0.000000	0.000000	0.000000	0.000000	-5.261600E-13	1.777370E-6
3729884919.630583	-12.700500	-0.000500	-1.000000	-4.020000	0.000000	5.000000	100.000000	100.000000	0.000000	3.980000	0.000000	0.000000	0.000000	0.000000	1	1	0.000000	1.000000	1.000000	1.000000	1.000000	1.000000	1.000000	0.000000	0.000000	0.000000	0.000000	0.000000	-4.485324E-13	1.777370E-6
3729884921.507473	-12.601000	-0.000500	-1.000000	-4.020000	0.000000	5.000000	100.000000	100.000000	0.000000	3.980000	0.000000	0.000000	0.000000	0.000000	1	1	0.000000	1.000000	1.000000	1.000000	1.000000	1.000000	1.000000	0.000000	0.000000	0.000000	0.000000	0.000000	-3.739771E-13	1.777370E-6
3729884923.377635	-12.501000	-0.000500	-1.000000	-4.020000	0.000000	5.000000	100.000000	100.000000	0.000000	3.980000	0.000000	0.000000	0.000000	0.000000	1	1	0.000000	1.000000	1.000000	1.000000	1.000000	1.000000	1.000000	0.000000	0.000000	0.000000	0.000000	0.000000	-5.316903E-13	1.777370E-6
3729884925.248357	-12.401000	-0.000500	-1.000000	-4.020000	0.000000	5.000000	100.000000	100.000000	0.000000	3.980000	0.000000	0.000000	0.000000	0.000000	1	1	0.000000	1.000000	1.000000	1.000000	1.000000	1.000000	1.000000	0.000000	0.000000	0.000000	0.000000	0.000000	-5.028103E-13	1.777370E-6
3729884927.124945	-12.300500	-0.000500	-1.000000	-4.020000	0.000000	5.000000	100.000000	100.000000	0.000000	3.980000	0.000000	0.000000	0.000000	0.000000	1	1	0.000000	1.000000	1.000000	1.000000	1.000000	1.000000	1.000000	0.000000	0.000000	0.000000	0.000000	0.000000	-6.386075E-13	1.777370E-6
3729884928.995225	-12.200500	-0.000500	-1.000000	-4.020000	0.000000	5.000000	100.000000	100.000000	0.000000	3.980000	0.000000	0.000000	0.000000	0.000000	1	1	0.000000	1.000000	1.000000	1.000000	1.000000	1.000000	1.000000	0.000000	0.000000	0.000000	0.000000	0.000000	-6.490537E-13	1.777370E-6
3729884930.866013	-12.100500	-0.000500	-1.000000	-4.020000	0.000000	5.000000	100.000000	100.000000	0.000000	3.980000	0.000000	0.000000	0.000000	0.000000	1	1	0.000000	1.000000	1.000000	1.000000	1.000000	1.000000	1.000000	0.000000	0.000000	0.000000	0.000000	0.000000	-4.309177E-13	1.777370E-6
3729884932.735591	-12.001000	-0.000500	-1.000000	-4.020000	0.000000	5.000000	100.000000	100.000000	0.000000	3.980000	0.000000	0.000000	0.000000	0.000000	1	1	0.000000	1.000000	1.000000	1.000000	1.000000	1.000000	1.000000	0.000000	0.000000	0.000000	0.000000	0.000000	-6.119807E-13	1.777370E-6
3729884934.614313	-11.900500	-0.000500	-1.000000	-4.020000	0.000000	5.000000	100.000000	100.000000	0.000000	3.980000	0.000000	0.000000	0.000000	0.000000	1	1	0.000000	1.000000	1.000000	1.000000	1.000000	1.000000	1.000000	0.000000	0.000000	0.000000	0.000000	0.000000	-5.724500E-13	1.777370E-6
3729884936.489513	-11.801000	-0.000500	-1.000000	-4.020000	0.000000	5.000000	100.000000	100.000000	0.000000	3.980000	0.000000	0.000000	0.000000	0.000000	1	1	0.000000	1.000000	1.000000	1.000000	1.000000	1.000000	1.000000	0.000000	0.000000	0.000000	0.000000	0.000000	-6.435233E-13	1.777370E-6
3729884938.366378	-11.700500	-0.000500	-1.000000	-4.020000	0.000000	5.000000	100.000000	100.000000	0.000000	3.980000	0.000000	0.000000	0.000000	0.000000	1	1	0.000000	1.000000	1.000000	1.000000	1.000000	1.000000	1.000000	0.000000	0.000000	0.000000	0.000000	0.000000	-5.755223E-13	1.777370E-6
3729884940.249691	-11.601000	-0.000500	-1.000000	-4.020000	0.000000	5.000000	100.000000	100.000000	0.000000	3.980000	0.000000	0.000000	0.000000	0.000000	1	1	0.000000	1.000000	1.000000	1.000000	1.000000	1.000000	1.000000	0.000000	0.000000	0.000000	0.000000	0.000000	-4.417733E-13	1.777370E-6
3729884942.126513	-11.501000	-0.000500	-1.000000	-4.020000	0.000000	5.000000	100.000000	100.000000	0.000000	3.980000	0.000000	0.000000	0.000000	0.000000	1	1	0.000000	1.000000	1.000000	1.000000	1.000000	1.000000	1.000000	0.000000	0.000000	0.000000	0.000000	0.000000	-4.864246E-13	1.777370E-6
3729884944.000105	-11.401000	-0.000500	-1.000000	-4.020000	0.000000	5.000000	100.000000	100.000000	0.000000	3.980000	0.000000	0.000000	0.000000	0.000000	1	1	0.000000	1.000000	1.000000	1.000000	1.000000	1.000000	1.000000	0.000000	0.000000	0.000000	0.000000	0.000000	-6.586802E-13	1.777370E-6
3729884945.881974	-11.300500	-0.000500	-1.000000	-4.020000	0.000000	5.000000	100.000000	100.000000	0.000000	3.980000	0.000000	0.000000	0.000000	0.000000	1	1	0.000000	1.000000	1.000000	1.000000	1.000000	1.000000	1.000000	0.000000	0.000000	0.000000	0.000000	0.000000	-4.794607E-13	1.777370E-6
3729884947.753787	-11.200500	-0.000500	-1.000000	-4.020000	0.000000	5.000000	100.000000	100.000000	0.000000	3.980000	0.000000	0.000000	0.000000	0.000000	1	1	0.000000	1.000000	1.000000	1.000000	1.000000	1.000000	1.000000	0.000000	0.000000	0.000000	0.000000	0.000000	-6.728132E-13	1.777370E-6
3729884949.625381	-11.100500	-0.000500	-1.000000	-4.020000	0.000000	5.000000	100.000000	100.000000	0.000000	3.980000	0.000000	0.000000	0.000000	0.000000	1	1	0.000000	1.000000	1.000000	1.000000	1.000000	1.000000	1.000000	0.000000	0.000000	0.000000	0.000000	0.000000	-5.341484E-13	1.777370E-6
3729884951.498259	-11.000500	-0.000500	-1.000000	-4.020000	0.000000	5.000000	100.000000	100.000000	0.000000	3.980000	0.000000	0.000000	0.000000	0.000000	1	1	0.000000	1.000000	1.000000	1.000000	1.000000	1.000000	1.000000	0.000000	0.000000	0.000000	0.000000	0.000000	-7.854655E-13	1.777370E-6
3729884953.376903	-10.900500	-0.000500	-1.000000	-4.020000	0.000000	5.000000	100.000000	100.000000	0.000000	3.980000	0.000000	0.000000	0.000000	0.000000	1	1	0.000000	1.000000	1.000000	1.000000	1.000000	1.000000	1.000000	0.000000	0.000000	0.000000	0.000000	0.000000	-6.449572E-13	1.777370E-6
3729884955.255956	-10.801000	-0.000500	-1.000000	-4.020000	0.000000	5.000000	100.000000	100.000000	0.000000	3.980000	0.000000	0.000000	0.000000	0.000000	1	1	0.000000	1.000000	1.000000	1.000000	1.000000	1.000000	1.000000	0.000000	0.000000	0.000000	0.000000	0.000000	-4.012184E-13	1.777370E-6
3729884957.135276	-10.700500	-0.000500	-1.000000	-4.020000	0.000000	5.000000	100.000000	100.000000	0.000000	3.980000	0.000000	0.000000	0.000000	0.000000	1	1	0.000000	1.000000	1.000000	1.000000	1.000000	1.000000	1.000000	0.000000	0.000000	0.000000	0.000000	0.000000	-7.285247E-13	1.777370E-6
3729884959.018175	-10.601000	-0.000500	-1.000000	-4.020000	0.000000	5.000000	100.000000	100.000000	0.000000	3.980000	0.000000	0.000000	0.000000	0.000000	1	1	0.000000	1.000000	1.000000	1.000000	1.000000	1.000000	1.000000	0.000000	0.000000	0.000000	0.000000	0.000000	-3.762301E-13	1.777370E-6
3729884960.894513	-10.501000	-0.000500	-1.000000	-4.020000	0.000000	5.000000	100.000000	100.000000	0.000000	3.980000	0.000000	0.000000	0.000000	0.000000	1	1	0.000000	1.000000	1.000000	1.000000	1.000000	1.000000	1.000000	0.000000	0.000000	0.000000	0.000000	0.000000	-4.884729E-13	1.777370E-6
3729884962.776831	-10.401000	-0.000500	-1.000000	-4.020000	0.000000	5.000000	100.000000	100.000000	0.000000	3.980000	0.000000	0.000000	0.000000	0.000000	1	1	0.000000	1.000000	1.000000	1.000000	1.000000	1.000000	1.000000	0.000000	0.000000	0.000000	0.000000	0.000000	-2.334690E-13	1.777370E-6
3729884964.656811	-10.300500	-0.000500	-1.000000	-4.020000	0.000000	5.000000	100.000000	100.000000	0.000000	3.980000	0.000000	0.000000	0.000000	0.000000	1	1	0.000000	1.000000	1.000000	1.000000	1.000000	1.000000	1.000000	0.000000	0.000000	0.000000	0.000000	0.000000	-6.316438E-13	1.777370E-6
3729884966.538041	-10.200500	-0.000500	-1.000000	-4.020000	0.000000	5.000000	100.000000	100.000000	0.000000	3.980000	0.000000	0.000000	0.000000	0.000000	1	1	0.000000	1.000000	1.000000	1.000000	1.000000	1.000000	1.000000	0.000000	0.000000	0.000000	0.000000	0.000000	-4.257973E-13	1.777370E-6
3729884968.411503	-10.100500	-0.000500	-1.000000	-4.020000	0.000000	5.000000	100.000000	100.000000	0.000000	3.980000	0.000000	0.000000	0.000000	0.000000	1	1	0.000000	1.000000	1.000000	1.000000	1.000000	1.000000	1.000000	0.000000	0.000000	0.000000	0.000000	0.000000	-6.592950E-13	1.777370E-6
3729884970.289428	-10.000500	-0.000500	-1.000000	-4.020000	0.000000	5.000000	100.000000	100.000000	0.000000	3.980000	0.000000	0.000000	0.000000	0.000000	1	1	0.000000	1.000000	1.000000	1.000000	1.000000	1.000000	1.000000	0.000000	0.000000	0.000000	0.000000	0.000000	-5.366062E-13	1.777370E-6
3729884972.163598	-9.900500	-0.000500	-1.000000	-4.020000	0.000000	5.000000	100.000000	100.000000	0.000000	3.980000	0.000000	0.000000	0.000000	0.000000	1	1	0.000000	1.000000	1.000000	1.000000	1.000000	1.000000	1.000000	0.000000	0.000000	0.000000	0.000000	0.000000	-5.374254E-13	1.777370E-6
3729884974.038306	-9.801000	-0.000500	-1.000000	-4.020000	0.000000	5.000000	100.000000	100.000000	0.000000	3.980000	0.000000	0.000000	0.000000	0.000000	1	1	0.000000	1.000000	1.000000	1.000000	1.000000	1.000000	1.000000	0.000000	0.000000	0.000000	0.000000	0.000000	-6.146436E-13	1.777370E-6
3729884975.915394	-9.701000	-0.000500	-1.000000	-4.020000	0.000000	5.000000	100.000000	100.000000	0.000000	3.980000	0.000000	0.000000	0.000000	0.000000	1	1	0.000000	1.000000	1.000000	1.000000	1.000000	1.000000	1.000000	0.000000	0.000000	0.000000	0.000000	0.000000	-6.074748E-13	1.777370E-6
3729884977.785458	-9.601000	-0.000500	-1.000000	-4.020000	0.000000	5.000000	100.000000	100.000000	0.000000	3.980000	0.000000	0.000000	0.000000	0.000000	1	1	0.000000	1.000000	1.000000	1.000000	1.000000	1.000000	1.000000	0.000000	0.000000	0.000000	0.000000	0.000000	-5.538114E-13	1.777370E-6
3729884979.660545	-9.501000	-0.000500	-1.000000	-4.020000	0.000000	5.000000	100.000000	100.000000	0.000000	3.980000	0.000000	0.000000	0.000000	0.000000	1	1	0.000000	1.000000	1.000000	1.000000	1.000000	1.000000	1.000000	0.000000	0.000000	0.000000	0.000000	0.000000	-7.164404E-13	1.777370E-6
3729884981.542810	-9.401000	-0.000500	-1.000000	-4.020000	0.000000	5.000000	100.000000	100.000000	0.000000	3.980000	0.000000	0.000000	0.000000	0.000000	1	1	0.000000	1.000000	1.000000	1.000000	1.000000	1.000000	1.000000	0.000000	0.000000	0.000000	0.000000	0.000000	-6.502827E-13	1.777370E-6
3729884983.414916	-9.300500	-0.000500	-1.000000	-4.020000	0.000000	5.000000	100.000000	100.000000	0.000000	3.980000	0.000000	0.000000	0.000000	0.000000	1	1	0.000000	1.000000	1.000000	1.000000	1.000000	1.000000	1.000000	0.000000	0.000000	0.000000	0.000000	0.000000	-6.291859E-13	1.777370E-6
3729884985.290189	-9.201000	-0.000500	-1.000000	-4.020000	0.000000	5.000000	100.000000	100.000000	0.000000	3.980000	0.000000	0.000000	0.000000	0.000000	1	1	0.000000	1.000000	1.000000	1.000000	1.000000	1.000000	1.000000	0.000000	0.000000	0.000000	0.000000	0.000000	-6.259088E-13	1.777370E-6
3729884987.167564	-9.100500	-0.000500	-1.000000	-4.020000	0.000000	5.000000	100.000000	100.000000	0.000000	3.980000	0.000000	0.000000	0.000000	0.000000	1	1	0.000000	1.000000	1.000000	1.000000	1.000000	1.000000	1.000000	0.000000	0.000000	0.000000	0.000000	0.000000	-6.848977E-13	1.777370E-6
3729884989.052158	-9.000500	-0.000500	-1.000000	-4.020000	0.000000	5.000000	100.000000	100.000000	0.000000	3.980000	0.000000	0.000000	0.000000	0.000000	1	1	0.000000	1.000000	1.000000	1.000000	1.000000	1.000000	1.000000	0.000000	0.000000	0.000000	0.000000	0.000000	-7.612965E-13	1.777370E-6
3729884990.938379	-8.900500	-0.000500	-1.000000	-4.020000	0.000000	5.000000	100.000000	100.000000	0.000000	3.980000	0.000000	0.000000	0.000000	0.000000	1	1	0.000000	1.000000	1.000000	1.000000	1.000000	1.000000	1.000000	0.000000	0.000000	0.000000	0.000000	0.000000	-5.296424E-13	1.777370E-6
3729884992.816082	-8.801000	-0.000500	-1.000000	-4.020000	0.000000	5.000000	100.000000	100.000000	0.000000	3.980000	0.000000	0.000000	0.000000	0.000000	1	1	0.000000	1.000000	1.000000	1.000000	1.000000	1.000000	1.000000	0.000000	0.000000	0.000000	0.000000	0.000000	-6.511020E-13	1.777370E-6
3729884994.691470	-8.701000	-0.000500	-1.000000	-4.020000	0.000000	5.000000	100.000000	100.000000	0.000000	3.980000	0.000000	0.000000	0.000000	0.000000	1	1	0.000000	1.000000	1.000000	1.000000	1.000000	1.000000	1.000000	0.000000	0.000000	0.000000	0.000000	0.000000	-6.508973E-13	1.777370E-6
3729884996.567710	-8.601000	-0.000500	-1.000000	-4.020000	0.000000	5.000000	100.000000	100.000000	0.000000	3.980000	0.000000	0.000000	0.000000	0.000000	1	1	0.000000	1.000000	1.000000	1.000000	1.000000	1.000000	1.000000	0.000000	0.000000	0.000000	0.000000	0.000000	-5.138709E-13	1.777370E-6
3729884998.446108	-8.501000	-0.000500	-1.000000	-4.020000	0.000000	5.000000	100.000000	100.000000	0.000000	3.980000	0.000000	0.000000	0.000000	0.000000	1	1	0.000000	1.000000	1.000000	1.000000	1.000000	1.000000	1.000000	0.000000	0.000000	0.000000	0.000000	0.000000	-4.892923E-13	1.777370E-6
3729885000.314826	-8.401000	-0.000500	-1.000000	-4.020000	0.000000	5.000000	100.000000	100.000000	0.000000	3.980000	0.000000	0.000000	0.000000	0.000000	1	1	0.000000	1.000000	1.000000	1.000000	1.000000	1.000000	1.000000	0.000000	0.000000	0.000000	0.000000	0.000000	-7.600675E-13	1.777370E-6
3729885002.190658	-8.300500	-0.000500	-1.000000	-4.020000	0.000000	5.000000	100.000000	100.000000	0.000000	3.980000	0.000000	0.000000	0.000000	0.000000	1	1	0.000000	1.000000	1.000000	1.000000	1.000000	1.000000	1.000000	0.000000	0.000000	0.000000	0.000000	0.000000	-5.296424E-13	1.777370E-6
3729885004.066514	-8.200500	-0.000500	-1.000000	-4.020000	0.000000	5.000000	100.000000	100.000000	0.000000	3.980000	0.000000	0.000000	0.000000	0.000000	1	1	0.000000	1.000000	1.000000	1.000000	1.000000	1.000000	1.000000	0.000000	0.000000	0.000000	0.000000	0.000000	-5.376305E-13	1.777370E-6
3729885005.945957	-8.100500	-0.000500	-1.000000	-4.020000	0.000000	5.000000	100.000000	100.000000	0.000000	3.980000	0.000000	0.000000	0.000000	0.000000	1	1	0.000000	1.000000	1.000000	1.000000	1.000000	1.000000	1.000000	0.000000	0.000000	0.000000	0.000000	0.000000	-7.789113E-13	1.777370E-6
3729885007.823806	-8.000500	-0.000500	-1.000000	-4.020000	0.000000	5.000000	100.000000	100.000000	0.000000	3.980000	0.000000	0.000000	0.000000	0.000000	1	1	0.000000	1.000000	1.000000	1.000000	1.000000	1.000000	1.000000	0.000000	0.000000	0.000000	0.000000	0.000000	-6.851027E-13	1.777370E-6
3729885009.702457	-7.900500	-0.000500	-1.000000	-4.020000	0.000000	5.000000	100.000000	100.000000	0.000000	3.980000	0.000000	0.000000	0.000000	0.000000	1	1	0.000000	1.000000	1.000000	1.000000	1.000000	1.000000	1.000000	0.000000	0.000000	0.000000	0.000000	0.000000	-5.552451E-13	1.777370E-6
3729885011.580677	-7.801000	-0.000500	-1.000000	-4.020000	0.000000	5.000000	100.000000	100.000000	0.000000	3.980000	0.000000	0.000000	0.000000	0.000000	1	1	0.000000	1.000000	1.000000	1.000000	1.000000	1.000000	1.000000	0.000000	0.000000	0.000000	0.000000	0.000000	-4.987144E-13	1.777370E-6
3729885013.454810	-7.700500	-0.000500	-1.000000	-4.020000	0.000000	5.000000	100.000000	100.000000	0.000000	3.980000	0.000000	0.000000	0.000000	0.000000	1	1	0.000000	1.000000	1.000000	1.000000	1.000000	1.000000	1.000000	0.000000	0.000000	0.000000	0.000000	0.000000	-5.646670E-13	1.777370E-6
3729885015.336676	-7.601000	-0.000500	-1.000000	-4.020000	0.000000	5.000000	100.000000	100.000000	0.000000	3.980000	0.000000	0.000000	0.000000	0.000000	1	1	0.000000	1.000000	1.000000	1.000000	1.000000	1.000000	1.000000	0.000000	0.000000	0.000000	0.000000	0.000000	-4.585688E-13	1.777370E-6
3729885017.215948	-7.501000	-0.000500	-1.000000	-4.020000	0.000000	5.000000	100.000000	100.000000	0.000000	3.980000	0.000000	0.000000	0.000000	0.000000	1	1	0.000000	1.000000	1.000000	1.000000	1.000000	1.000000	1.000000	0.000000	0.000000	0.000000	0.000000	0.000000	-6.443430E-13	1.777370E-6
3729885019.090077	-7.401000	-0.000500	-1.000000	-4.020000	0.000000	5.000000	100.000000	100.000000	0.000000	3.980000	0.000000	0.000000	0.000000	0.000000	1	1	0.000000	1.000000	1.000000	1.000000	1.000000	1.000000	1.000000	0.000000	0.000000	0.000000	0.000000	0.000000	-6.621627E-13	1.777370E-6
3729885020.963069	-7.300500	-0.000500	-1.000000	-4.020000	0.000000	5.000000	100.000000	100.000000	0.000000	3.980000	0.000000	0.000000	0.000000	0.000000	1	1	0.000000	1.000000	1.000000	1.000000	1.000000	1.000000	1.000000	0.000000	0.000000	0.000000	0.000000	0.000000	-6.336922E-13	1.777370E-6
3729885022.833309	-7.201000	-0.000500	-1.000000	-4.020000	0.000000	5.000000	100.000000	100.000000	0.000000	3.980000	0.000000	0.000000	0.000000	0.000000	1	1	0.000000	1.000000	1.000000	1.000000	1.000000	1.000000	1.000000	0.000000	0.000000	0.000000	0.000000	0.000000	-5.314859E-13	1.777370E-6
3729885024.704823	-7.100500	-0.000500	-1.000000	-4.020000	0.000000	5.000000	100.000000	100.000000	0.000000	3.980000	0.000000	0.000000	0.000000	0.000000	1	1	0.000000	1.000000	1.000000	1.000000	1.000000	1.000000	1.000000	0.000000	0.000000	0.000000	0.000000	0.000000	-6.277524E-13	1.777370E-6
3729885026.576339	-7.000500	-0.000500	-1.000000	-4.020000	0.000000	5.000000	100.000000	100.000000	0.000000	3.980000	0.000000	0.000000	0.000000	0.000000	1	1	0.000000	1.000000	1.000000	1.000000	1.000000	1.000000	1.000000	0.000000	0.000000	0.000000	0.000000	0.000000	-4.608220E-13	1.777370E-6
3729885028.454995	-6.900500	-0.000500	-1.000000	-4.020000	0.000000	5.000000	100.000000	100.000000	0.000000	3.980000	0.000000	0.000000	0.000000	0.000000	1	1	0.000000	1.000000	1.000000	1.000000	1.000000	1.000000	1.000000	0.000000	0.000000	0.000000	0.000000	0.000000	-6.459816E-13	1.777370E-6
3729885030.326414	-6.801000	-0.000500	-1.000000	-4.020000	0.000000	5.000000	100.000000	100.000000	0.000000	3.980000	0.000000	0.000000	0.000000	0.000000	1	1	0.000000	1.000000	1.000000	1.000000	1.000000	1.000000	1.000000	0.000000	0.000000	0.000000	0.000000	0.000000	-4.094116E-13	1.777370E-6
3729885032.199091	-6.701000	-0.000500	-1.000000	-4.020000	0.000000	5.000000	100.000000	100.000000	0.000000	3.980000	0.000000	0.000000	0.000000	0.000000	1	1	0.000000	1.000000	1.000000	1.000000	1.000000	1.000000	1.000000	0.000000	0.000000	0.000000	0.000000	0.000000	-5.701973E-13	1.777370E-6
3729885034.079642	-6.601000	-0.000500	-1.000000	-4.020000	0.000000	5.000000	100.000000	100.000000	0.000000	3.980000	0.000000	0.000000	0.000000	0.000000	1	1	0.000000	1.000000	1.000000	1.000000	1.000000	1.000000	1.000000	0.000000	0.000000	0.000000	0.000000	0.000000	-5.232928E-13	1.777370E-6
3729885035.958249	-6.501000	-0.000500	-1.000000	-4.020000	0.000000	5.000000	100.000000	100.000000	0.000000	3.980000	0.000000	0.000000	0.000000	0.000000	1	1	0.000000	1.000000	1.000000	1.000000	1.000000	1.000000	1.000000	0.000000	0.000000	0.000000	0.000000	0.000000	-4.942081E-13	1.777370E-6
3729885037.840124	-6.401000	-0.000500	-1.000000	-4.020000	0.000000	5.000000	100.000000	100.000000	0.000000	3.980000	0.000000	0.000000	0.000000	0.000000	1	1	0.000000	1.000000	1.000000	1.000000	1.000000	1.000000	1.000000	0.000000	0.000000	0.000000	0.000000	0.000000	-6.187402E-13	1.777370E-6
3729885039.730004	-6.300500	-0.000500	-1.000000	-4.020000	0.000000	5.000000	100.000000	100.000000	0.000000	3.980000	0.000000	0.000000	0.000000	0.000000	1	1	0.000000	1.000000	1.000000	1.000000	1.000000	1.000000	1.000000	0.000000	0.000000	0.000000	0.000000	0.000000	-4.442313E-13	1.777370E-6
3729885041.603151	-6.201000	-0.000500	-1.000000	-4.020000	0.000000	5.000000	100.000000	100.000000	0.000000	3.980000	0.000000	0.000000	0.000000	0.000000	1	1	0.000000	1.000000	1.000000	1.000000	1.000000	1.000000	1.000000	0.000000	0.000000	0.000000	0.000000	0.000000	-4.993287E-13	1.777370E-6
3729885043.486579	-6.100500	-0.000500	-1.000000	-4.020000	0.000000	5.000000	100.000000	100.000000	0.000000	3.980000	0.000000	0.000000	0.000000	0.000000	1	1	0.000000	1.000000	1.000000	1.000000	1.000000	1.000000	1.000000	0.000000	0.000000	0.000000	0.000000	0.000000	-5.013768E-13	1.777370E-6
3729885045.364622	-6.000500	-0.000500	-1.000000	-4.020000	0.000000	5.000000	100.000000	100.000000	0.000000	3.980000	0.000000	0.000000	0.000000	0.000000	1	1	0.000000	1.000000	1.000000	1.000000	1.000000	1.000000	1.000000	0.000000	0.000000	0.000000	0.000000	0.000000	-6.578610E-13	1.777370E-6
3729885047.234007	-5.900500	-0.000500	-1.000000	-4.020000	0.000000	5.000000	100.000000	100.000000	0.000000	3.980000	0.000000	0.000000	0.000000	0.000000	1	1	0.000000	1.000000	1.000000	1.000000	1.000000	1.000000	1.000000	0.000000	0.000000	0.000000	0.000000	0.000000	-5.722453E-13	1.777370E-6
3729885049.105828	-5.801000	-0.000500	-1.000000	-4.020000	0.000000	5.000000	100.000000	100.000000	0.000000	3.980000	0.000000	0.000000	0.000000	0.000000	1	1	0.000000	1.000000	1.000000	1.000000	1.000000	1.000000	1.000000	0.000000	0.000000	0.000000	0.000000	0.000000	-4.536532E-13	1.777370E-6
3729885050.985669	-5.701000	-0.000500	-1.000000	-4.020000	0.000000	5.000000	100.000000	100.000000	0.000000	3.980000	0.000000	0.000000	0.000000	0.000000	1	1	0.000000	1.000000	1.000000	1.000000	1.000000	1.000000	1.000000	0.000000	0.000000	0.000000	0.000000	0.000000	-7.275009E-13	1.777370E-6
3729885052.860756	-5.601000	-0.000500	-1.000000	-4.020000	0.000000	5.000000	100.000000	100.000000	0.000000	3.980000	0.000000	0.000000	0.000000	0.000000	1	1	0.000000	1.000000	1.000000	1.000000	1.000000	1.000000	1.000000	0.000000	0.000000	0.000000	0.000000	0.000000	-6.416802E-13	1.777370E-6
3729885054.742140	-5.501000	-0.000500	-1.000000	-4.020000	0.000000	5.000000	100.000000	100.000000	0.000000	3.980000	0.000000	0.000000	0.000000	0.000000	1	1	0.000000	1.000000	1.000000	1.000000	1.000000	1.000000	1.000000	0.000000	0.000000	0.000000	0.000000	0.000000	-5.124375E-13	1.777370E-6
3729885056.626275	-5.401000	-0.000500	-1.000000	-4.020000	0.000000	5.000000	100.000000	100.000000	0.000000	3.980000	0.000000	0.000000	0.000000	0.000000	1	1	0.000000	1.000000	1.000000	1.000000	1.000000	1.000000	1.000000	0.000000	0.000000	0.000000	0.000000	0.000000	-3.825798E-13	1.777370E-6
3729885058.502017	-5.301000	-0.000500	-1.000000	-4.020000	0.000000	5.000000	100.000000	100.000000	0.000000	3.980000	0.000000	0.000000	0.000000	0.000000	1	1	0.000000	1.000000	1.000000	1.000000	1.000000	1.000000	1.000000	0.000000	0.000000	0.000000	0.000000	0.000000	-4.815090E-13	1.777370E-6
3729885060.378152	-5.201000	-0.000500	-1.000000	-4.020000	0.000000	5.000000	100.000000	100.000000	0.000000	3.980000	0.000000	0.000000	0.000000	0.000000	1	1	0.000000	1.000000	1.000000	1.000000	1.000000	1.000000	1.000000	0.000000	0.000000	0.000000	0.000000	0.000000	-4.446410E-13	1.777370E-6
3729885062.252421	-5.100500	-0.000500	-1.000000	-4.020000	0.000000	5.000000	100.000000	100.000000	0.000000	3.980000	0.000000	0.000000	0.000000	0.000000	1	1	0.000000	1.000000	1.000000	1.000000	1.000000	1.000000	1.000000	0.000000	0.000000	0.000000	0.000000	0.000000	-5.316905E-13	1.777370E-6
3729885064.128553	-5.001000	-0.000500	-1.000000	-4.020000	0.000000	5.000000	100.000000	100.000000	0.000000	3.980000	0.000000	0.000000	0.000000	0.000000	1	1	0.000000	1.000000	1.000000	1.000000	1.000000	1.000000	1.000000	0.000000	0.000000	0.000000	0.000000	0.000000	-4.810994E-13	1.777370E-6
3729885066.000965	-4.900500	-0.000500	-1.000000	-4.020000	0.000000	5.000000	100.000000	100.000000	0.000000	3.980000	0.000000	0.000000	0.000000	0.000000	1	1	0.000000	1.000000	1.000000	1.000000	1.000000	1.000000	1.000000	0.000000	0.000000	0.000000	0.000000	0.000000	-5.464377E-13	1.777370E-6
3729885067.869805	-4.801000	-0.000500	-1.000000	-4.020000	0.000000	5.000000	100.000000	100.000000	0.000000	3.980000	0.000000	0.000000	0.000000	0.000000	1	1	0.000000	1.000000	1.000000	1.000000	1.000000	1.000000	1.000000	0.000000	0.000000	0.000000	0.000000	0.000000	-3.571817E-13	1.777370E-6
3729885069.739243	-4.701000	-0.000500	-1.000000	-4.020000	0.000000	5.000000	100.000000	100.000000	0.000000	3.980000	0.000000	0.000000	0.000000	0.000000	1	1	0.000000	1.000000	1.000000	1.000000	1.000000	1.000000	1.000000	0.000000	0.000000	0.000000	0.000000	0.000000	-5.556547E-13	1.777370E-6
3729885071.602354	-4.601000	-0.000500	-1.000000	-4.020000	0.000000	5.000000	100.000000	100.000000	0.000000	3.980000	0.000000	0.000000	0.000000	0.000000	1	1	0.000000	1.000000	1.000000	1.000000	1.000000	1.000000	1.000000	0.000000	0.000000	0.000000	0.000000	0.000000	-3.369043E-13	1.777370E-6
3729885073.471801	-4.501000	-0.000500	-1.000000	-4.020000	0.000000	5.000000	100.000000	100.000000	0.000000	3.980000	0.000000	0.000000	0.000000	0.000000	1	1	0.000000	1.000000	1.000000	1.000000	1.000000	1.000000	1.000000	0.000000	0.000000	0.000000	0.000000	0.000000	-3.874953E-13	1.777370E-6
3729885075.341857	-4.401000	-0.000500	-1.000000	-4.020000	0.000000	5.000000	100.000000	100.000000	0.000000	3.980000	0.000000	0.000000	0.000000	0.000000	1	1	0.000000	1.000000	1.000000	1.000000	1.000000	1.000000	1.000000	0.000000	0.000000	0.000000	0.000000	0.000000	-5.122322E-13	1.777370E-6
3729885077.213729	-4.301000	-0.000500	-1.000000	-4.020000	0.000000	5.000000	100.000000	100.000000	0.000000	3.980000	0.000000	0.000000	0.000000	0.000000	1	1	0.000000	1.000000	1.000000	1.000000	1.000000	1.000000	1.000000	0.000000	0.000000	0.000000	0.000000	0.000000	-4.536531E-13	1.777370E-6
3729885079.084861	-4.201000	-0.000500	-1.000000	-4.020000	0.000000	5.000000	100.000000	100.000000	0.000000	3.980000	0.000000	0.000000	0.000000	0.000000	1	1	0.000000	1.000000	1.000000	1.000000	1.000000	1.000000	1.000000	0.000000	0.000000	0.000000	0.000000	0.000000	-4.161706E-13	1.777370E-6
3729885080.958855	-4.100500	-0.000500	-1.000000	-4.020000	0.000000	5.000000	100.000000	100.000000	0.000000	3.980000	0.000000	0.000000	0.000000	0.000000	1	1	0.000000	1.000000	1.000000	1.000000	1.000000	1.000000	1.000000	0.000000	0.000000	0.000000	0.000000	0.000000	-4.235443E-13	1.777370E-6
3729885082.835885	-4.001000	-0.000500	-1.000000	-4.020000	0.000000	5.000000	100.000000	100.000000	0.000000	3.980000	0.000000	0.000000	0.000000	0.000000	1	1	0.000000	1.000000	1.000000	1.000000	1.000000	1.000000	1.000000	0.000000	0.000000	0.000000	0.000000	0.000000	-4.884729E-13	1.777370E-6
3729885084.715197	-3.900500	-0.000500	-1.000000	-4.020000	0.000000	5.000000	100.000000	100.000000	0.000000	3.980000	0.000000	0.000000	0.000000	0.000000	1	1	0.000000	1.000000	1.000000	1.000000	1.000000	1.000000	1.000000	0.000000	0.000000	0.000000	0.000000	0.000000	-4.182187E-13	1.777370E-6
3729885086.591648	-3.801000	-0.000500	-1.000000	-4.020000	0.000000	5.000000	100.000000	100.000000	0.000000	3.980000	0.000000	0.000000	0.000000	0.000000	1	1	0.000000	1.000000	1.000000	1.000000	1.000000	1.000000	1.000000	0.000000	0.000000	0.000000	0.000000	0.000000	-4.854005E-13	1.777370E-6
3729885088.465551	-3.701000	-0.000500	-1.000000	-4.020000	0.000000	5.000000	100.000000	100.000000	0.000000	3.980000	0.000000	0.000000	0.000000	0.000000	1	1	0.000000	1.000000	1.000000	1.000000	1.000000	1.000000	1.000000	0.000000	0.000000	0.000000	0.000000	0.000000	-3.532901E-13	1.777370E-6
3729885090.338830	-3.601000	-0.000500	-1.000000	-4.020000	0.000000	5.000000	100.000000	100.000000	0.000000	3.980000	0.000000	0.000000	0.000000	0.000000	1	1	0.000000	1.000000	1.000000	1.000000	1.000000	1.000000	1.000000	0.000000	0.000000	0.000000	0.000000	0.000000	-4.024473E-13	1.777370E-6
3729885092.218154	-3.501000	-0.000500	-1.000000	-4.020000	0.000000	5.000000	100.000000	100.000000	0.000000	3.980000	0.000000	0.000000	0.000000	0.000000	1	1	0.000000	1.000000	1.000000	1.000000	1.000000	1.000000	1.000000	0.000000	0.000000	0.000000	0.000000	0.000000	-2.480114E-13	1.777370E-6
3729885094.096984	-3.401000	-0.000500	-1.000000	-4.020000	0.000000	5.000000	100.000000	100.000000	0.000000	3.980000	0.000000	0.000000	0.000000	0.000000	1	1	0.000000	1.000000	1.000000	1.000000	1.000000	1.000000	1.000000	0.000000	0.000000	0.000000	0.000000	0.000000	-2.269146E-13	1.777370E-6
3729885095.975571	-3.301000	-0.000500	-1.000000	-4.020000	0.000000	5.000000	100.000000	100.000000	0.000000	3.980000	0.000000	0.000000	0.000000	0.000000	1	1	0.000000	1.000000	1.000000	1.000000	1.000000	1.000000	1.000000	0.000000	0.000000	0.000000	0.000000	0.000000	-3.178558E-13	1.777370E-6
3729885097.854051	-3.201000	-0.000500	-1.000000	-4.020000	0.000000	5.000000	100.000000	100.000000	0.000000	3.980000	0.000000	0.000000	0.000000	0.000000	1	1	0.000000	1.000000	1.000000	1.000000	1.000000	1.000000	1.000000	0.000000	0.000000	0.000000	0.000000	0.000000	-3.139642E-13	1.777370E-6
3729885099.734302	-3.101000	-0.000500	-1.000000	-4.020000	0.000000	5.000000	100.000000	100.000000	0.000000	3.980000	0.000000	0.000000	0.000000	0.000000	1	1	0.000000	1.000000	1.000000	1.000000	1.000000	1.000000	1.000000	0.000000	0.000000	0.000000	0.000000	0.000000	-3.098677E-13	1.777370E-6
3729885101.605635	-3.001000	-0.000500	-1.000000	-4.020000	0.000000	5.000000	100.000000	100.000000	0.000000	3.980000	0.000000	0.000000	0.000000	0.000000	1	1	0.000000	1.000000	1.000000	1.000000	1.000000	1.000000	1.000000	0.000000	0.000000	0.000000	0.000000	0.000000	-3.711097E-13	1.777370E-6
3729885103.485332	-2.901000	-0.000500	-1.000000	-4.020000	0.000000	5.000000	100.000000	100.000000	0.000000	3.980000	0.000000	0.000000	0.000000	0.000000	1	1	0.000000	1.000000	1.000000	1.000000	1.000000	1.000000	1.000000	0.000000	0.000000	0.000000	0.000000	0.000000	-4.376769E-13	1.777370E-6
3729885105.361522	-2.801000	-0.000500	-1.000000	-4.020000	0.000000	5.000000	100.000000	100.000000	0.000000	3.980000	0.000000	0.000000	0.000000	0.000000	1	1	0.000000	1.000000	1.000000	1.000000	1.000000	1.000000	1.000000	0.000000	0.000000	0.000000	0.000000	0.000000	-2.164687E-13	1.777370E-6
3729885107.249753	-2.701000	-0.000500	-1.000000	-4.020000	0.000000	5.000000	100.000000	100.000000	0.000000	3.980000	0.000000	0.000000	0.000000	0.000000	1	1	0.000000	1.000000	1.000000	1.000000	1.000000	1.000000	1.000000	0.000000	0.000000	0.000000	0.000000	0.000000	-3.412056E-13	1.777370E-6
3729885109.138011	-2.601000	-0.000500	-1.000000	-4.020000	0.000000	5.000000	100.000000	100.000000	0.000000	3.980000	0.000000	0.000000	0.000000	0.000000	1	1	0.000000	1.000000	1.000000	1.000000	1.000000	1.000000	1.000000	0.000000	0.000000	0.000000	0.000000	0.000000	-3.350609E-13	1.777370E-6
3729885111.024987	-2.501000	-0.000500	-1.000000	-4.020000	0.000000	5.000000	100.000000	100.000000	0.000000	3.980000	0.000000	0.000000	0.000000	0.000000	1	1	0.000000	1.000000	1.000000	1.000000	1.000000	1.000000	1.000000	0.000000	0.000000	0.000000	0.000000	0.000000	-3.223619E-13	1.777370E-6
3729885112.901155	-2.401000	-0.000500	-1.000000	-4.020000	0.000000	5.000000	100.000000	100.000000	0.000000	3.980000	0.000000	0.000000	0.000000	0.000000	1	1	0.000000	1.000000	1.000000	1.000000	1.000000	1.000000	1.000000	0.000000	0.000000	0.000000	0.000000	0.000000	-2.986025E-13	1.777370E-6
3729885114.779131	-2.301000	-0.000500	-1.000000	-4.020000	0.000000	5.000000	100.000000	100.000000	0.000000	3.980000	0.000000	0.000000	0.000000	0.000000	1	1	0.000000	1.000000	1.000000	1.000000	1.000000	1.000000	1.000000	0.000000	0.000000	0.000000	0.000000	0.000000	-2.361317E-13	1.777370E-6
3729885116.656758	-2.201000	-0.000500	-1.000000	-4.020000	0.000000	5.000000	100.000000	100.000000	0.000000	3.980000	0.000000	0.000000	0.000000	0.000000	1	1	0.000000	1.000000	1.000000	1.000000	1.000000	1.000000	1.000000	0.000000	0.000000	0.000000	0.000000	0.000000	-2.588669E-13	1.777370E-6
3729885118.525531	-2.101000	-0.000500	-1.000000	-4.020000	0.000000	5.000000	100.000000	100.000000	0.000000	3.980000	0.000000	0.000000	0.000000	0.000000	1	1	0.000000	1.000000	1.000000	1.000000	1.000000	1.000000	1.000000	0.000000	0.000000	0.000000	0.000000	0.000000	-9.951506E-14	1.777370E-6
3729885120.394421	-2.001000	-0.000500	-1.000000	-4.020000	0.000000	5.000000	100.000000	100.000000	0.000000	3.980000	0.000000	0.000000	0.000000	0.000000	1	1	0.000000	1.000000	1.000000	1.000000	1.000000	1.000000	1.000000	0.000000	0.000000	0.000000	0.000000	0.000000	-9.644274E-14	1.777370E-6
3729885122.265222	-1.901000	-0.000500	-1.000000	-4.020000	0.000000	5.000000	100.000000	100.000000	0.000000	3.980000	0.000000	0.000000	0.000000	0.000000	1	1	0.000000	1.000000	1.000000	1.000000	1.000000	1.000000	1.000000	0.000000	0.000000	0.000000	0.000000	0.000000	-1.689499E-13	1.777370E-6
3729885124.136167	-1.801000	-0.000500	-1.000000	-4.020000	0.000000	5.000000	100.000000	100.000000	0.000000	3.980000	0.000000	0.000000	0.000000	0.000000	1	1	0.000000	1.000000	1.000000	1.000000	1.000000	1.000000	1.000000	0.000000	0.000000	0.000000	0.000000	0.000000	-2.265050E-13	1.777370E-6
3729885126.007962	-1.701000	-0.000500	-1.000000	-4.020000	0.000000	5.000000	100.000000	100.000000	0.000000	3.980000	0.000000	0.000000	0.000000	0.000000	1	1	0.000000	1.000000	1.000000	1.000000	1.000000	1.000000	1.000000	0.000000	0.000000	0.000000	0.000000	0.000000	-1.922997E-13	1.777370E-6
3729885127.886511	-1.601000	-0.000500	-1.000000	-4.020000	0.000000	5.000000	100.000000	100.000000	0.000000	3.980000	0.000000	0.000000	0.000000	0.000000	1	1	0.000000	1.000000	1.000000	1.000000	1.000000	1.000000	1.000000	0.000000	0.000000	0.000000	0.000000	0.000000	-3.209282E-13	1.777370E-6
3729885129.757851	-1.501000	-0.000500	-1.000000	-4.020000	0.000000	5.000000	100.000000	100.000000	0.000000	3.980000	0.000000	0.000000	0.000000	0.000000	1	1	0.000000	1.000000	1.000000	1.000000	1.000000	1.000000	1.000000	0.000000	0.000000	0.000000	0.000000	0.000000	-1.615763E-13	1.777370E-6
3729885131.637673	-1.401000	-0.000500	-1.000000	-4.020000	0.000000	5.000000	100.000000	100.000000	0.000000	3.980000	0.000000	0.000000	0.000000	0.000000	1	1	0.000000	1.000000	1.000000	1.000000	1.000000	1.000000	1.000000	0.000000	0.000000	0.000000	0.000000	0.000000	-1.306481E-13	1.777370E-6
3729885133.510459	-1.301000	-0.000500	-1.000000	-4.020000	0.000000	5.000000	100.000000	100.000000	0.000000	3.980000	0.000000	0.000000	0.000000	0.000000	1	1	0.000000	1.000000	1.000000	1.000000	1.000000	1.000000	1.000000	0.000000	0.000000	0.000000	0.000000	0.000000	1.292385E-14	1.777370E-6
3729885135.389195	-1.201000	-0.000500	-1.000000	-4.020000	0.000000	5.000000	100.000000	100.000000	0.000000	3.980000	0.000000	0.000000	0.000000	0.000000	1	1	0.000000	1.000000	1.000000	1.000000	1.000000	1.000000	1.000000	0.000000	0.000000	0.000000	0.000000	0.000000	-3.458633E-14	1.777370E-6
3729885137.261311	-1.101000	-0.000500	-1.000000	-4.020000	0.000000	5.000000	100.000000	100.000000	0.000000	3.980000	0.000000	0.000000	0.000000	0.000000	1	1	0.000000	1.000000	1.000000	1.000000	1.000000	1.000000	1.000000	0.000000	0.000000	0.000000	0.000000	0.000000	-2.244568E-13	1.777370E-6
3729885139.135872	-1.001000	-0.000500	-1.000000	-4.020000	0.000000	5.000000	100.000000	100.000000	0.000000	3.980000	0.000000	0.000000	0.000000	0.000000	1	1	0.000000	1.000000	1.000000	1.000000	1.000000	1.000000	1.000000	0.000000	0.000000	0.000000	0.000000	0.000000	-2.580477E-13	1.777370E-6
3729885141.020574	-0.901000	-0.000500	-1.000000	-4.020000	0.000000	5.000000	100.000000	100.000000	0.000000	3.980000	0.000000	0.000000	0.000000	0.000000	1	1	0.000000	1.000000	1.000000	1.000000	1.000000	1.000000	1.000000	0.000000	0.000000	0.000000	0.000000	0.000000	-1.671066E-13	1.777370E-6
3729885142.895920	-0.801000	-0.000500	-1.000000	-4.020000	0.000000	5.000000	100.000000	100.000000	0.000000	3.980000	0.000000	0.000000	0.000000	0.000000	1	1	0.000000	1.000000	1.000000	1.000000	1.000000	1.000000	1.000000	0.000000	0.000000	0.000000	0.000000	0.000000	-3.176511E-13	1.777370E-6
3729885144.773347	-0.701000	-0.000500	-1.000000	-4.020000	0.000000	5.000000	100.000000	100.000000	0.000000	3.980000	0.000000	0.000000	0.000000	0.000000	1	1	0.000000	1.000000	1.000000	1.000000	1.000000	1.000000	1.000000	0.000000	0.000000	0.000000	0.000000	0.000000	-1.707933E-13	1.777370E-6
3729885146.655701	-0.601000	-0.000500	-1.000000	-4.020000	0.000000	5.000000	100.000000	100.000000	0.000000	3.980000	0.000000	0.000000	0.000000	0.000000	1	1	0.000000	1.000000	1.000000	1.000000	1.000000	1.000000	1.000000	0.000000	0.000000	0.000000	0.000000	0.000000	-2.086322E-14	1.777370E-6
3729885148.526992	-0.501000	-0.000500	-1.000000	-4.020000	0.000000	5.000000	100.000000	100.000000	0.000000	3.980000	0.000000	0.000000	0.000000	0.000000	1	1	0.000000	1.000000	1.000000	1.000000	1.000000	1.000000	1.000000	0.000000	0.000000	0.000000	0.000000	0.000000	-1.677210E-13	1.777370E-6
3729885150.403225	-0.401000	-0.000500	-1.000000	-4.020000	0.000000	5.000000	100.000000	100.000000	0.000000	3.980000	0.000000	0.000000	0.000000	0.000000	1	1	0.000000	1.000000	1.000000	1.000000	1.000000	1.000000	1.000000	0.000000	0.000000	0.000000	0.000000	0.000000	-1.949624E-13	1.777370E-6
3729885152.282052	-0.301000	-0.000500	-1.000000	-4.020000	0.000000	5.000000	100.000000	100.000000	0.000000	3.980000	0.000000	0.000000	0.000000	0.000000	1	1	0.000000	1.000000	1.000000	1.000000	1.000000	1.000000	1.000000	0.000000	0.000000	0.000000	0.000000	0.000000	-1.234793E-13	1.777370E-6
3729885154.154677	-0.201000	-0.000500	-1.000000	-4.020000	0.000000	5.000000	100.000000	100.000000	0.000000	3.980000	0.000000	0.000000	0.000000	0.000000	1	1	0.000000	1.000000	1.000000	1.000000	1.000000	1.000000	1.000000	0.000000	0.000000	0.000000	0.000000	0.000000	-1.003344E-13	1.777370E-6
3729885156.032840	-0.101000	-0.000500	-1.000000	-4.020000	0.000000	5.000000	100.000000	100.000000	0.000000	3.980000	0.000000	0.000000	0.000000	0.000000	1	1	0.000000	1.000000	1.000000	1.000000	1.000000	1.000000	1.000000	0.000000	0.000000	0.000000	0.000000	0.000000	-1.699740E-13	1.777370E-6
3729885157.908491	-0.001000	-0.000500	-1.000000	-4.020000	0.000000	5.000000	100.000000	100.000000	0.000000	3.980000	0.000000	0.000000	0.000000	0.000000	1	1	0.000000	1.000000	1.000000	1.000000	1.000000	1.000000	1.000000	0.000000	0.000000	0.000000	0.000000	0.000000	1.374287E-14	1.777370E-6
3729885159.776139	0.099000	-0.000500	-1.000000	-4.020000	0.000000	5.000000	100.000000	100.000000	0.000000	3.980000	0.000000	0.000000	0.000000	0.000000	1	1	0.000000	1.000000	1.000000	1.000000	1.000000	1.000000	1.000000	0.000000	0.000000	0.000000	0.000000	0.000000	-1.621908E-13	1.777370E-6
3729885161.653279	0.199000	-0.000500	-1.000000	-4.020000	0.000000	5.000000	100.000000	100.000000	0.000000	3.980000	0.000000	0.000000	0.000000	0.000000	1	1	0.000000	1.000000	1.000000	1.000000	1.000000	1.000000	1.000000	0.000000	0.000000	0.000000	0.000000	0.000000	1.804269E-14	1.777370E-6
3729885163.521210	0.299000	-0.000500	-1.000000	-4.020000	0.000000	5.000000	100.000000	100.000000	0.000000	3.980000	0.000000	0.000000	0.000000	0.000000	1	1	0.000000	1.000000	1.000000	1.000000	1.000000	1.000000	1.000000	0.000000	0.000000	0.000000	0.000000	0.000000	-8.538235E-14	1.777370E-6
3729885165.392750	0.399000	-0.000500	-1.000000	-4.020000	0.000000	5.000000	100.000000	100.000000	0.000000	3.980000	0.000000	0.000000	0.000000	0.000000	1	1	0.000000	1.000000	1.000000	1.000000	1.000000	1.000000	1.000000	0.000000	0.000000	0.000000	0.000000	0.000000	-1.492870E-13	1.777370E-6
3729885167.262079	0.499000	-0.000500	-1.000000	-4.020000	0.000000	5.000000	100.000000	100.000000	0.000000	3.980000	0.000000	0.000000	0.000000	0.000000	1	1	0.000000	1.000000	1.000000	1.000000	1.000000	1.000000	1.000000	0.000000	0.000000	0.000000	0.000000	0.000000	-8.230999E-14	1.777370E-6
3729885169.131051	0.599000	-0.000500	-1.000000	-4.020000	0.000000	5.000000	100.000000	100.000000	0.000000	3.980000	0.000000	0.000000	0.000000	0.000000	1	1	0.000000	1.000000	1.000000	1.000000	1.000000	1.000000	1.000000	0.000000	0.000000	0.000000	0.000000	0.000000	-7.985212E-14	1.777370E-6
3729885170.999078	0.699000	-0.000500	-1.000000	-4.020000	0.000000	5.000000	100.000000	100.000000	0.000000	3.980000	0.000000	0.000000	0.000000	0.000000	1	1	0.000000	1.000000	1.000000	1.000000	1.000000	1.000000	1.000000	0.000000	0.000000	0.000000	0.000000	0.000000	-1.683355E-13	1.777370E-6
3729885172.874882	0.799000	-0.000500	-1.000000	-4.020000	0.000000	5.000000	100.000000	100.000000	0.000000	3.980000	0.000000	0.000000	0.000000	0.000000	1	1	0.000000	1.000000	1.000000	1.000000	1.000000	1.000000	1.000000	0.000000	0.000000	0.000000	0.000000	0.000000	-2.332109E-14	1.777370E-6
3729885174.746931	0.899000	-0.000500	-1.000000	-4.020000	0.000000	5.000000	100.000000	100.000000	0.000000	3.980000	0.000000	0.000000	0.000000	0.000000	1	1	0.000000	1.000000	1.000000	1.000000	1.000000	1.000000	1.000000	0.000000	0.000000	0.000000	0.000000	0.000000	-7.268333E-14	1.777370E-6
3729885176.620678	0.999000	-0.000500	-1.000000	-4.020000	0.000000	5.000000	100.000000	100.000000	0.000000	3.980000	0.000000	0.000000	0.000000	0.000000	1	1	0.000000	1.000000	1.000000	1.000000	1.000000	1.000000	1.000000	0.000000	0.000000	0.000000	0.000000	0.000000	-7.432189E-14	1.777370E-6
