#time	xpos	ypos	zpos	theta	grid	en	ext	f1	f2	fil	x1	x2	y1	y2	6485s	6487s	6487v	gm2dw	gm2ll	gm2ul	gm1dw	gm1ll	gm1ul	va	vb	dummy	gm2	gm1	6485c	6487c
3731697648	5.8995	-0.0095	-81.5	-2.5	-15	10	100	18	100	3.98	0	0	0	0	1	1	0	1	1	1	1	1	1	740	740	0	392	488	-3.86E-12	-2.42E-06
3731697712	5.8995	-0.0095	-81.5	-2.5	-15	10.1	100	18	100	3.98	0	0	0	0	1	1	0	1	1	1	1	1	1	740	740	0	343	490	-3.86E-12	-2.41E-06
3731697776	5.8995	-0.0095	-81.5	-2.5	-15	10.2	100	18	100	3.98	0	0	0	0	1	1	0	1	1	1	1	1	1	740	740	0	349	466	-3.86E-12	-2.41E-06
3731697838	5.8995	-0.0095	-81.5	-2.5	-15	10.3	100	18	100	3.98	0	0	0	0	1	1	0	1	1	1	1	1	1	740	740	0	346	458	-3.86E-12	-2.41E-06
3731697903	5.8995	-0.0095	-81.5	-2.5	-15	10.4	100	18	100	3.98	0	0	0	0	1	1	0	1	1	1	1	1	1	740	740	0	319	418	-3.86E-12	-2.41E-06
3731697967	5.8995	-0.0095	-81.5	-2.5	-15	10.5	100	18	100	3.98	0	0	0	0	1	1	0	1	1	1	1	1	1	740	740	0	258	472	-3.86E-12	-2.41E-06
3731698031	5.8995	-0.0095	-81.5	-2.5	-15	10.6	100	18	100	3.98	0	0	0	0	1	1	0	1	1	1	1	1	1	740	740	0	284	420	-3.86E-12	-2.41E-06
3731698095	5.8995	-0.0095	-81.5	-2.5	-15	10.7	100	18	100	3.98	0	0	0	0	1	1	0	1	1	1	1	1	1	740	740	0	286	452	-3.86E-12	-2.40E-06
3731698159	5.8995	-0.0095	-81.5	-2.5	-15	10.8	100	18	100	3.98	0	0	0	0	1	1	0	1	1	1	1	1	1	740	740	0	293	413	-3.86E-12	-2.40E-06
3731698223	5.8995	-0.0095	-81.5	-2.5	-15	10.9	100	18	100	3.98	0	0	0	0	1	1	0	1	1	1	1	1	1	740	740	0	248	374	-3.86E-12	-2.40E-06
3731698287	5.8995	-0.0095	-81.5	-2.5	-15	11	100	18	100	3.98	0	0	0	0	1	1	0	1	1	1	1	1	1	740	740	0	258	437	-3.86E-12	-2.40E-06
3731698350	5.8995	-0.0095	-81.5	-2.5	-15	11.1	100	18	100	3.98	0	0	0	0	1	1	0	1	1	1	1	1	1	740	740	0	282	352	-3.86E-12	-2.39E-06
3731698414	5.8995	-0.0095	-81.5	-2.5	-15	11.2	100	18	100	3.98	0	0	0	0	1	1	0	1	1	1	1	1	1	740	740	0	273	388	-3.86E-12	-2.40E-06
3731698477	5.8995	-0.0095	-81.5	-2.5	-15	11.3	100	18	100	3.98	0	0	0	0	1	1	0	1	1	1	1	1	1	740	740	0	259	413	-3.86E-12	-2.40E-06
3731698540	5.8995	-0.0095	-81.5	-2.5	-15	11.4	100	18	100	3.98	0	0	0	0	1	1	0	1	1	1	1	1	1	740	740	0	281	374	-3.86E-12	-2.39E-06
3731698604	5.8995	-0.0095	-81.5	-2.5	-15	11.5	100	18	100	3.98	0	0	0	0	1	1	0	1	1	1	1	1	1	740	740	0	241	422	-3.86E-12	-2.39E-06
3731698667	5.8995	-0.0095	-81.5	-2.5	-15	11.6	100	18	100	3.98	0	0	0	0	1	1	0	1	1	1	1	1	1	740	740	0	250	342	-3.86E-12	-2.39E-06
3731698732	5.8995	-0.0095	-81.5	-2.5	-15	11.7	100	18	100	3.98	0	0	0	0	1	1	0	1	1	1	1	1	1	740	740	0	255	368	-3.86E-12	-2.39E-06
3731698797	5.8995	-0.0095	-81.5	-2.5	-15	11.8	100	18	100	3.98	0	0	0	0	1	1	0	1	1	1	1	1	1	740	740	0	281	381	-3.86E-12	-2.38E-06
3731698862	5.8995	-0.0095	-81.5	-2.5	-15	11.9	100	18	100	3.98	0	0	0	0	1	1	0	1	1	1	1	1	1	740	740	0	277	377	-3.86E-12	-2.38E-06
3731698926	5.8995	-0.0095	-81.5	-2.5	-15	12	100	18	100	3.98	0	0	0	0	1	1	0	1	1	1	1	1	1	740	740	0	272	365	-3.86E-12	-2.39E-06
3731698989	5.8995	-0.0095	-81.5	-2.5	-15	12.1	100	18	100	3.98	0	0	0	0	1	1	0	1	1	1	1	1	1	740	740	0	289	384	-3.86E-12	-2.39E-06
3731699054	5.8995	-0.0095	-81.5	-2.5	-15	12.2	100	18	100	3.98	0	0	0	0	1	1	0	1	1	1	1	1	1	740	740	0	312	403	-3.86E-12	-2.38E-06
3731699118	5.8995	-0.0095	-81.5	-2.5	-15	12.3	100	18	100	3.98	0	0	0	0	1	1	0	1	1	1	1	1	1	740	740	0	263	392	-3.86E-12	-2.38E-06
3731699182	5.8995	-0.0095	-81.5	-2.5	-15	12.4	100	18	100	3.98	0	0	0	0	1	1	0	1	1	1	1	1	1	740	740	0	322	367	-3.86E-12	-2.38E-06
3731699245	5.8995	-0.0095	-81.5	-2.5	-15	12.5	100	18	100	3.98	0	0	0	0	1	1	0	1	1	1	1	1	1	740	740	0	334	354	-3.86E-12	-2.37E-06
3731699309	5.8995	-0.0095	-81.5	-2.5	-15	12.6	100	18	100	3.98	0	0	0	0	1	1	0	1	1	1	1	1	1	740	740	0	343	368	-3.86E-12	-2.38E-06
3731699373	5.8995	-0.0095	-81.5	-2.5	-15	12.7	100	18	100	3.98	0	0	0	0	1	1	0	1	1	1	1	1	1	740	740	0	373	387	-3.86E-12	-2.38E-06
3731699438	5.8995	-0.0095	-81.5	-2.5	-15	12.8	100	18	100	3.98	0	0	0	0	1	1	0	1	1	1	1	1	1	740	740	0	367	369	-3.86E-12	-2.37E-06
3731699501	5.8995	-0.0095	-81.5	-2.5	-15	12.9	100	18	100	3.98	0	0	0	0	1	1	0	1	1	1	1	1	1	740	740	0	376	408	-3.86E-12	-2.37E-06
3731699564	5.8995	-0.0095	-81.5	-2.5	-15	13	100	18	100	3.98	0	0	0	0	1	1	0	1	1	1	1	1	1	740	740	0	399	418	-3.86E-12	-2.37E-06
3731699629	5.8995	-0.0095	-81.5	-2.5	-15	13.1	100	18	100	3.98	0	0	0	0	1	1	0	1	1	1	1	1	1	740	740	0	375	408	-3.86E-12	-2.38E-06
3731699694	5.8995	-0.0095	-81.5	-2.5	-15	13.2	100	18	100	3.98	0	0	0	0	1	1	0	1	1	1	1	1	1	740	740	0	397	397	-3.86E-12	-2.37E-06
3731699758	5.8995	-0.0095	-81.5	-2.5	-15	13.3	100	18	100	3.98	0	0	0	0	1	1	0	1	1	1	1	1	1	740	740	0	415	403	-3.86E-12	-2.37E-06
3731699821	5.8995	-0.0095	-81.5	-2.5	-15	13.4	100	18	100	3.98	0	0	0	0	1	1	0	1	1	1	1	1	1	740	740	0	430	362	-3.86E-12	-2.37E-06
3731699885	5.8995	-0.0095	-81.5	-2.5	-15	13.5	100	18	100	3.98	0	0	0	0	1	1	0	1	1	1	1	1	1	740	740	0	397	385	-3.86E-12	-2.37E-06
3731699949	5.8995	-0.0095	-81.5	-2.5	-15	13.6	100	18	100	3.98	0	0	0	0	1	1	0	1	1	1	1	1	1	740	740	0	417	400	-3.86E-12	-2.35E-06
3731700013	5.8995	-0.0095	-81.5	-2.5	-15	13.7	100	18	100	3.98	0	0	0	0	1	1	0	1	1	1	1	1	1	740	740	0	450	351	-3.86E-12	-2.36E-06
3731700076	5.8995	-0.0095	-81.5	-2.5	-15	13.8	100	18	100	3.98	0	0	0	0	1	1	0	1	1	1	1	1	1	740	740	0	474	399	-3.86E-12	-2.36E-06
3731700140	5.8995	-0.0095	-81.5	-2.5	-15	13.9	100	18	100	3.98	0	0	0	0	1	1	0	1	1	1	1	1	1	740	740	0	484	365	-3.86E-12	-2.35E-06
3731700203	5.8995	-0.0095	-81.5	-2.5	-15	14	100	18	100	3.98	0	0	0	0	1	1	0	1	1	1	1	1	1	740	740	0	487	342	-3.86E-12	-2.37E-06
3731700267	5.8995	-0.0095	-81.5	-2.5	-15	14.1	100	18	100	3.98	0	0	0	0	1	1	0	1	1	1	1	1	1	740	740	0	478	359	-3.86E-12	-2.35E-06
3731700331	5.8995	-0.0095	-81.5	-2.5	-15	14.2	100	18	100	3.98	0	0	0	0	1	1	0	1	1	1	1	1	1	740	740	0	501	330	-3.86E-12	-2.35E-06
3731700395	5.8995	-0.0095	-81.5	-2.5	-15	14.3	100	18	100	3.98	0	0	0	0	1	1	0	1	1	1	1	1	1	740	740	0	529	354	-3.86E-12	-2.35E-06
3731700458	5.8995	-0.0095	-81.5	-2.5	-15	14.4	100	18	100	3.98	0	0	0	0	1	1	0	1	1	1	1	1	1	740	740	0	525	380	-3.86E-12	-2.35E-06
3731700521	5.8995	-0.0095	-81.5	-2.5	-15	14.5	100	18	100	3.98	0	0	0	0	1	1	0	1	1	1	1	1	1	740	740	0	548	352	-3.86E-12	-2.35E-06
3731700585	5.8995	-0.0095	-81.5	-2.5	-15	14.6	100	18	100	3.98	0	0	0	0	1	1	0	1	1	1	1	1	1	740	740	0	524	343	-3.86E-12	-2.35E-06
3731700649	5.8995	-0.0095	-81.5	-2.5	-15	14.7	100	18	100	3.98	0	0	0	0	1	1	0	1	1	1	1	1	1	740	740	0	577	391	-3.86E-12	-2.34E-06
3731700713	5.8995	-0.0095	-81.5	-2.5	-15	14.8	100	18	100	3.98	0	0	0	0	1	1	0	1	1	1	1	1	1	740	740	0	565	385	-3.86E-12	-2.34E-06
3731700777	5.8995	-0.0095	-81.5	-2.5	-15	14.9	100	18	100	3.98	0	0	0	0	1	1	0	1	1	1	1	1	1	740	740	0	511	392	-3.86E-12	-2.33E-06
3731700840	5.8995	-0.0095	-81.5	-2.5	-15	15	100	18	100	3.98	0	0	0	0	1	1	0	1	1	1	1	1	1	740	740	0	604	348	-3.86E-12	-2.33E-06
3731700904	5.8995	-0.0095	-81.5	-2.5	-15	15.1	100	18	100	3.98	0	0	0	0	1	1	0	1	1	1	1	1	1	740	740	0	619	354	-3.86E-12	-2.33E-06
3731700968	5.8995	-0.0095	-81.5	-2.5	-15	15.2	100	18	100	3.98	0	0	0	0	1	1	0	1	1	1	1	1	1	740	740	0	587	379	-3.86E-12	-2.33E-06
3731701033	5.8995	-0.0095	-81.5	-2.5	-15	15.3	100	18	100	3.98	0	0	0	0	1	1	0	1	1	1	1	1	1	740	740	0	600	391	-3.86E-12	-2.32E-06
3731701097	5.8995	-0.0095	-81.5	-2.5	-15	15.4	100	18	100	3.98	0	0	0	0	1	1	0	1	1	1	1	1	1	740	740	0	610	407	-3.86E-12	-2.31E-06
3731701161	5.8995	-0.0095	-81.5	-2.5	-15	15.5	100	18	100	3.98	0	0	0	0	1	1	0	1	1	1	1	1	1	740	740	0	590	400	-3.86E-12	-2.31E-06
3731701224	5.8995	-0.0095	-81.5	-2.5	-15	15.6	100	18	100	3.98	0	0	0	0	1	1	0	1	1	1	1	1	1	740	740	0	586	401	-3.86E-12	-2.31E-06
3731701289	5.8995	-0.0095	-81.5	-2.5	-15	15.7	100	18	100	3.98	0	0	0	0	1	1	0	1	1	1	1	1	1	740	740	0	651	409	-3.86E-12	-2.31E-06
3731701353	5.8995	-0.0095	-81.5	-2.5	-15	15.8	100	18	100	3.98	0	0	0	0	1	1	0	1	1	1	1	1	1	740	740	0	682	404	-3.86E-12	-2.31E-06
3731701419	5.8995	-0.0095	-81.5	-2.5	-15	15.9	100	18	100	3.98	0	0	0	0	1	1	0	1	1	1	1	1	1	740	740	0	585	443	-3.86E-12	-2.30E-06
3731701482	5.8995	-0.0095	-81.5	-2.5	-15	16	100	18	100	3.98	0	0	0	0	1	1	0	1	1	1	1	1	1	740	740	0	677	399	-3.86E-12	-2.30E-06
3731701543	5.8995	-0.0095	-81.5	-2.5	-15	16.1	100	18	100	3.98	0	0	0	0	1	1	0	1	1	1	1	1	1	740	740	0	587	422	-3.86E-12	-2.29E-06
3731701607	5.8995	-0.0095	-81.5	-2.5	-15	16.2	100	18	100	3.98	0	0	0	0	1	1	0	1	1	1	1	1	1	740	740	0	681	421	-3.86E-12	-2.29E-06
3731701670	5.8995	-0.0095	-81.5	-2.5	-15	16.3	100	18	100	3.98	0	0	0	0	1	1	0	1	1	1	1	1	1	740	740	0	670	470	-3.86E-12	-2.30E-06
3731701735	5.8995	-0.0095	-81.5	-2.5	-15	16.4	100	18	100	3.98	0	0	0	0	1	1	0	1	1	1	1	1	1	740	740	0	703	466	-3.86E-12	-2.28E-06
3731701799	5.8995	-0.0095	-81.5	-2.5	-15	16.5	100	18	100	3.98	0	0	0	0	1	1	0	1	1	1	1	1	1	740	740	0	731	490	-3.86E-12	-2.28E-06
3731701863	5.8995	-0.0095	-81.5	-2.5	-15	16.6	100	18	100	3.98	0	0	0	0	1	1	0	1	1	1	1	1	1	740	740	0	743	489	-3.86E-12	-2.28E-06
3731701927	5.8995	-0.0095	-81.5	-2.5	-15	16.7	100	18	100	3.98	0	0	0	0	1	1	0	1	1	1	1	1	1	740	740	0	643	461	-3.86E-12	-2.27E-06
3731701991	5.8995	-0.0095	-81.5	-2.5	-15	16.8	100	18	100	3.98	0	0	0	0	1	1	0	1	1	1	1	1	1	740	740	0	699	501	-3.86E-12	-2.27E-06
3731702054	5.8995	-0.0095	-81.5	-2.5	-15	16.9	100	18	100	3.98	0	0	0	0	1	1	0	1	1	1	1	1	1	740	740	0	715	502	-3.86E-12	-2.26E-06
3731702118	5.8995	-0.0095	-81.5	-2.5	-15	17	100	18	100	3.98	0	0	0	0	1	1	0	1	1	1	1	1	1	740	740	0	768	536	-3.86E-12	-2.27E-06
3731702182	5.8995	-0.0095	-81.5	-2.5	-15	17.1	100	18	100	3.98	0	0	0	0	1	1	0	1	1	1	1	1	1	740	740	0	738	518	-3.86E-12	-2.26E-06
3731702244	5.8995	-0.0095	-81.5	-2.5	-15	17.2	100	18	100	3.98	0	0	0	0	1	1	0	1	1	1	1	1	1	740	740	0	809	534	-3.86E-12	-2.26E-06
3731702307	5.8995	-0.0095	-81.5	-2.5	-15	17.3	100	18	100	3.98	0	0	0	0	1	1	0	1	1	1	1	1	1	740	740	0	742	522	-3.86E-12	-2.26E-06
3731702371	5.8995	-0.0095	-81.5	-2.5	-15	17.4	100	18	100	3.98	0	0	0	0	1	1	0	1	1	1	1	1	1	740	740	0	757	592	-3.86E-12	-2.25E-06
3731702435	5.8995	-0.0095	-81.5	-2.5	-15	17.5	100	18	100	3.98	0	0	0	0	1	1	0	1	1	1	1	1	1	740	740	0	739	581	-3.86E-12	-2.25E-06
3731702499	5.8995	-0.0095	-81.5	-2.5	-15	17.6	100	18	100	3.98	0	0	0	0	1	1	0	1	1	1	1	1	1	740	740	0	794	506	-3.86E-12	-2.25E-06
3731702563	5.8995	-0.0095	-81.5	-2.5	-15	17.7	100	18	100	3.98	0	0	0	0	1	1	0	1	1	1	1	1	1	740	740	0	812	602	-3.86E-12	-2.23E-06
3731702627	5.8995	-0.0095	-81.5	-2.5	-15	17.8	100	18	100	3.98	0	0	0	0	1	1	0	1	1	1	1	1	1	740	740	0	796	651	-3.86E-12	-2.23E-06
3731702691	5.8995	-0.0095	-81.5	-2.5	-15	17.9	100	18	100	3.98	0	0	0	0	1	1	0	1	1	1	1	1	1	740	740	0	796	606	-3.86E-12	-2.23E-06
3731702755	5.8995	-0.0095	-81.5	-2.5	-15	18	100	18	100	3.98	0	0	0	0	1	1	0	1	1	1	1	1	1	740	740	0	793	619	-3.86E-12	-2.23E-06
3731702819	5.8995	-0.0095	-81.5	-2.5	-15	18.1	100	18	100	3.98	0	0	0	0	1	1	0	1	1	1	1	1	1	740	740	0	796	701	-3.86E-12	-2.23E-06
3731702884	5.8995	-0.0095	-81.5	-2.5	-15	18.2	100	18	100	3.98	0	0	0	0	1	1	0	1	1	1	1	1	1	740	740	0	792	659	-3.86E-12	-2.22E-06
3731702949	5.8995	-0.0095	-81.5	-2.5	-15	18.3	100	18	100	3.98	0	0	0	0	1	1	0	1	1	1	1	1	1	740	740	0	878	708	-3.86E-12	-2.21E-06
3731703013	5.8995	-0.0095	-81.5	-2.5	-15	18.4	100	18	100	3.98	0	0	0	0	1	1	0	1	1	1	1	1	1	740	740	0	848	704	-3.86E-12	-2.21E-06
3731703077	5.8995	-0.0095	-81.5	-2.5	-15	18.5	100	18	100	3.98	0	0	0	0	1	1	0	1	1	1	1	1	1	740	740	0	866	737	-3.86E-12	-2.21E-06
3731703142	5.8995	-0.0095	-81.5	-2.5	-15	18.6	100	18	100	3.98	0	0	0	0	1	1	0	1	1	1	1	1	1	740	740	0	917	766	-3.86E-12	-2.20E-06
3731703207	5.8995	-0.0095	-81.5	-2.5	-15	18.7	100	18	100	3.98	0	0	0	0	1	1	0	1	1	1	1	1	1	740	740	0	890	742	-3.86E-12	-2.20E-06
3731703269	5.8995	-0.0095	-81.5	-2.5	-15	18.8	100	18	100	3.98	0	0	0	0	1	1	0	1	1	1	1	1	1	740	740	0	901	803	-3.86E-12	-2.20E-06
3731703334	5.8995	-0.0095	-81.5	-2.5	-15	18.9	100	18	100	3.98	0	0	0	0	1	1	0	1	1	1	1	1	1	740	740	0	919	753	-3.86E-12	-2.19E-06
3731703398	5.8995	-0.0095	-81.5	-2.5	-15	19	100	18	100	3.98	0	0	0	0	1	1	0	1	1	1	1	1	1	740	740	0	955	760	-3.86E-12	-2.19E-06
3731703461	5.8995	-0.0095	-81.5	-2.5	-15	19.1	100	18	100	3.98	0	0	0	0	1	1	0	1	1	1	1	1	1	740	740	0	972	816	-3.86E-12	-2.19E-06
3731703526	5.8995	-0.0095	-81.5	-2.5	-15	19.2	100	18	100	3.98	0	0	0	0	1	1	0	1	1	1	1	1	1	740	740	0	1041	1239	-3.86E-12	-2.19E-06
3731703591	5.8995	-0.0095	-81.5	-2.5	-15	19.3	100	18	100	3.98	0	0	0	0	1	1	0	1	1	1	1	1	1	740	740	0	999	914	-3.86E-12	-2.18E-06
3731703655	5.8995	-0.0095	-81.5	-2.5	-15	19.4	100	18	100	3.98	0	0	0	0	1	1	0	1	1	1	1	1	1	740	740	0	1059	873	-3.86E-12	-2.18E-06
3731703719	5.8995	-0.0095	-81.5	-2.5	-15	19.5	100	18	100	3.98	0	0	0	0	1	1	0	1	1	1	1	1	1	740	740	0	978	964	-3.86E-12	-2.18E-06
3731703783	5.8995	-0.0095	-81.5	-2.5	-15	19.6	100	18	100	3.98	0	0	0	0	1	1	0	1	1	1	1	1	1	740	740	0	989	909	-3.86E-12	-2.16E-06
3731703848	5.8995	-0.0095	-81.5	-2.5	-15	19.7	100	18	100	3.98	0	0	0	0	1	1	0	1	1	1	1	1	1	740	740	0	1034	1028	-3.86E-12	-2.16E-06
3731703913	5.8995	-0.0095	-81.5	-2.5	-15	19.8	100	18	100	3.98	0	0	0	0	1	1	0	1	1	1	1	1	1	740	740	0	1033	1059	-3.86E-12	-2.16E-06
3731703977	5.8995	-0.0095	-81.5	-2.5	-15	19.9	100	18	100	3.98	0	0	0	0	1	1	0	1	1	1	1	1	1	740	740	0	1047	1019	-3.86E-12	-2.16E-06
3731704041	5.8995	-0.0095	-81.5	-2.5	-15	20	100	18	100	3.98	0	0	0	0	1	1	0	1	1	1	1	1	1	740	740	0	1077	1026	-3.86E-12	-2.15E-06
3731704105	5.8995	-0.0095	-81.5	-2.5	-15	20.1	100	18	100	3.98	0	0	0	0	1	1	0	1	1	1	1	1	1	740	740	0	1051	1003	-3.86E-12	-2.14E-06
