#time	xpos	ypos	zpos	theta	grid	en	ext	f1	f2	fil	x1	x2	y1	y2	6485s	6487s	6487v	gm2dw	gm2ll	gm2ul	gm1dw	gm1ll	gm1ul	va	vb	dummy	gm2	gm1	6485c	6487c
3731845751	5.8995	-0.0095	-81.5	-10	-15	10	100	18	100	3.98	0	0	0	0	1	1	0	1	1	1	1	1	1	740	740	0	210	482	-3.96E-12	-2.54E-06
3731845814	5.8995	-0.0095	-81.5	-10	-15	10.1	100	18	100	3.98	0	0	0	0	1	1	0	1	1	1	1	1	1	740	740	0	172	185	-3.96E-12	-2.54E-06
3731845879	5.8995	-0.0095	-81.5	-10	-15	10.2	100	18	100	3.98	0	0	0	0	1	1	0	1	1	1	1	1	1	740	740	0	175	181	-3.96E-12	-2.54E-06
3731845943	5.8995	-0.0095	-81.5	-10	-15	10.3	100	18	100	3.98	0	0	0	0	1	1	0	1	1	1	1	1	1	740	740	0	150	181	-3.96E-12	-2.53E-06
3731846006	5.8995	-0.0095	-81.5	-10	-15	10.4	100	18	100	3.98	0	0	0	0	1	1	0	1	1	1	1	1	1	740	740	0	186	180	-3.96E-12	-2.53E-06
3731846071	5.8995	-0.0095	-81.5	-10	-15	10.5	100	18	100	3.98	0	0	0	0	1	1	0	1	1	1	1	1	1	740	740	0	190	165	-3.96E-12	-2.53E-06
3731846135	5.8995	-0.0095	-81.5	-10	-15	10.6	100	18	100	3.98	0	0	0	0	1	1	0	1	1	1	1	1	1	740	740	0	145	197	-3.96E-12	-2.53E-06
3731846199	5.8995	-0.0095	-81.5	-10	-15	10.7	100	18	100	3.98	0	0	0	0	1	1	0	1	1	1	1	1	1	740	740	0	145	162	-3.96E-12	-2.53E-06
3731846263	5.8995	-0.0095	-81.5	-10	-15	10.8	100	18	100	3.98	0	0	0	0	1	1	0	1	1	1	1	1	1	740	740	0	151	185	-3.96E-12	-2.53E-06
3731846328	5.8995	-0.0095	-81.5	-10	-15	10.9	100	18	100	3.98	0	0	0	0	1	1	0	1	1	1	1	1	1	740	740	0	147	175	-3.96E-12	-2.53E-06
3731846391	5.8995	-0.0095	-81.5	-10	-15	11	100	18	100	3.98	0	0	0	0	1	1	0	1	1	1	1	1	1	740	740	0	166	155	-3.96E-12	-2.52E-06
3731846456	5.8995	-0.0095	-81.5	-10	-15	11.1	100	18	100	3.98	0	0	0	0	1	1	0	1	1	1	1	1	1	740	740	0	152	163	-3.96E-12	-2.52E-06
3731846519	5.8995	-0.0095	-81.5	-10	-15	11.2	100	18	100	3.98	0	0	0	0	1	1	0	1	1	1	1	1	1	740	740	0	177	154	-3.96E-12	-2.52E-06
3731846583	5.8995	-0.0095	-81.5	-10	-15	11.3	100	18	100	3.98	0	0	0	0	1	1	0	1	1	1	1	1	1	740	740	0	185	164	-3.96E-12	-2.51E-06
3731846647	5.8995	-0.0095	-81.5	-10	-15	11.4	100	18	100	3.98	0	0	0	0	1	1	0	1	1	1	1	1	1	740	740	0	158	156	-3.96E-12	-2.51E-06
3731846711	5.8995	-0.0095	-81.5	-10	-15	11.5	100	18	100	3.98	0	0	0	0	1	1	0	1	1	1	1	1	1	740	740	0	157	193	-3.96E-12	-2.51E-06
3731846777	5.8995	-0.0095	-81.5	-10	-15	11.6	100	18	100	3.98	0	0	0	0	1	1	0	1	1	1	1	1	1	740	740	0	181	172	-3.96E-12	-2.51E-06
3731846841	5.8995	-0.0095	-81.5	-10	-15	11.7	100	18	100	3.98	0	0	0	0	1	1	0	1	1	1	1	1	1	740	740	0	182	164	-3.96E-12	-2.50E-06
3731846906	5.8995	-0.0095	-81.5	-10	-15	11.8	100	18	100	3.98	0	0	0	0	1	1	0	1	1	1	1	1	1	740	740	0	189	174	-3.96E-12	-2.50E-06
3731846969	5.8995	-0.0095	-81.5	-10	-15	11.9	100	18	100	3.98	0	0	0	0	1	1	0	1	1	1	1	1	1	740	740	0	184	176	-3.96E-12	-2.50E-06
3731847033	5.8995	-0.0095	-81.5	-10	-15	12	100	18	100	3.98	0	0	0	0	1	1	0	1	1	1	1	1	1	740	740	0	223	162	-3.96E-12	-2.50E-06
3731847096	5.8995	-0.0095	-81.5	-10	-15	12.1	100	18	100	3.98	0	0	0	0	1	1	0	1	1	1	1	1	1	740	740	0	215	168	-3.96E-12	-2.50E-06
3731847158	5.8995	-0.0095	-81.5	-10	-15	12.2	100	18	100	3.98	0	0	0	0	1	1	0	1	1	1	1	1	1	740	740	0	252	187	-3.96E-12	-2.49E-06
3731847223	5.8995	-0.0095	-81.5	-10	-15	12.3	100	18	100	3.98	0	0	0	0	1	1	0	1	1	1	1	1	1	740	740	0	245	161	-3.96E-12	-2.50E-06
3731847287	5.8995	-0.0095	-81.5	-10	-15	12.4	100	18	100	3.98	0	0	0	0	1	1	0	1	1	1	1	1	1	740	740	0	247	166	-3.96E-12	-2.48E-06
3731847349	5.8995	-0.0095	-81.5	-10	-15	12.5	100	18	100	3.98	0	0	0	0	1	1	0	1	1	1	1	1	1	740	740	0	263	189	-3.96E-12	-2.49E-06
3731847412	5.8995	-0.0095	-81.5	-10	-15	12.6	100	18	100	3.98	0	0	0	0	1	1	0	1	1	1	1	1	1	740	740	0	262	185	-3.96E-12	-2.49E-06
3731847474	5.8995	-0.0095	-81.5	-10	-15	12.7	100	18	100	3.98	0	0	0	0	1	1	0	1	1	1	1	1	1	740	740	0	250	149	-3.96E-12	-2.48E-06
3731847539	5.8995	-0.0095	-81.5	-10	-15	12.8	100	18	100	3.98	0	0	0	0	1	1	0	1	1	1	1	1	1	740	740	0	268	173	-3.96E-12	-2.49E-06
3731847603	5.8995	-0.0095	-81.5	-10	-15	12.9	100	18	100	3.98	0	0	0	0	1	1	0	1	1	1	1	1	1	740	740	0	306	206	-3.96E-12	-2.48E-06
3731847667	5.8995	-0.0095	-81.5	-10	-15	13	100	18	100	3.98	0	0	0	0	1	1	0	1	1	1	1	1	1	740	740	0	269	180	-3.96E-12	-2.48E-06
3731847732	5.8995	-0.0095	-81.5	-10	-15	13.1	100	18	100	3.98	0	0	0	0	1	1	0	1	1	1	1	1	1	740	740	0	303	194	-3.96E-12	-2.48E-06
3731847795	5.8995	-0.0095	-81.5	-10	-15	13.2	100	18	100	3.98	0	0	0	0	1	1	0	1	1	1	1	1	1	740	740	0	266	204	-3.96E-12	-2.47E-06
3731847859	5.8995	-0.0095	-81.5	-10	-15	13.3	100	18	100	3.98	0	0	0	0	1	1	0	1	1	1	1	1	1	740	740	0	301	192	-3.96E-12	-2.47E-06
3731847922	5.8995	-0.0095	-81.5	-10	-15	13.4	100	18	100	3.98	0	0	0	0	1	1	0	1	1	1	1	1	1	740	740	0	314	196	-3.96E-12	-2.46E-06
3731847985	5.8995	-0.0095	-81.5	-10	-15	13.5	100	18	100	3.98	0	0	0	0	1	1	0	1	1	1	1	1	1	740	740	0	311	231	-3.96E-12	-2.47E-06
3731848048	5.8995	-0.0095	-81.5	-10	-15	13.6	100	18	100	3.98	0	0	0	0	1	1	0	1	1	1	1	1	1	740	740	0	305	216	-3.96E-12	-2.46E-06
3731848113	5.8995	-0.0095	-81.5	-10	-15	13.7	100	18	100	3.98	0	0	0	0	1	1	0	1	1	1	1	1	1	740	740	0	358	223	-3.96E-12	-2.46E-06
3731848176	5.8995	-0.0095	-81.5	-10	-15	13.8	100	18	100	3.98	0	0	0	0	1	1	0	1	1	1	1	1	1	740	740	0	338	213	-3.96E-12	-2.45E-06
3731848239	5.8995	-0.0095	-81.5	-10	-15	13.9	100	18	100	3.98	0	0	0	0	1	1	0	1	1	1	1	1	1	740	740	0	355	203	-3.96E-12	-2.45E-06
3731848303	5.8995	-0.0095	-81.5	-10	-15	14	100	18	100	3.98	0	0	0	0	1	1	0	1	1	1	1	1	1	740	740	0	367	221	-3.96E-12	-2.45E-06
3731848367	5.8995	-0.0095	-81.5	-10	-15	14.1	100	18	100	3.98	0	0	0	0	1	1	0	1	1	1	1	1	1	740	740	0	395	214	-3.96E-12	-2.45E-06
3731848432	5.8995	-0.0095	-81.5	-10	-15	14.2	100	18	100	3.98	0	0	0	0	1	1	0	1	1	1	1	1	1	740	740	0	381	238	-3.96E-12	-2.44E-06
3731848496	5.8995	-0.0095	-81.5	-10	-15	14.3	100	18	100	3.98	0	0	0	0	1	1	0	1	1	1	1	1	1	740	740	0	405	249	-3.96E-12	-2.45E-06
3731848560	5.8995	-0.0095	-81.5	-10	-15	14.4	100	18	100	3.98	0	0	0	0	1	1	0	1	1	1	1	1	1	740	740	0	350	249	-3.96E-12	-2.44E-06
3731848622	5.8995	-0.0095	-81.5	-10	-15	14.5	100	18	100	3.98	0	0	0	0	1	1	0	1	1	1	1	1	1	740	740	0	397	246	-3.96E-12	-2.43E-06
3731848686	5.8995	-0.0095	-81.5	-10	-15	14.6	100	18	100	3.98	0	0	0	0	1	1	0	1	1	1	1	1	1	740	740	0	425	330	-3.96E-12	-2.43E-06
3731848749	5.8995	-0.0095	-81.5	-10	-15	14.7	100	18	100	3.98	0	0	0	0	1	1	0	1	1	1	1	1	1	740	740	0	422	247	-3.96E-12	-2.43E-06
3731848813	5.8995	-0.0095	-81.5	-10	-15	14.8	100	18	100	3.98	0	0	0	0	1	1	0	1	1	1	1	1	1	740	740	0	429	249	-3.96E-12	-2.43E-06
3731848877	5.8995	-0.0095	-81.5	-10	-15	14.9	100	18	100	3.98	0	0	0	0	1	1	0	1	1	1	1	1	1	740	740	0	449	238	-3.96E-12	-2.43E-06
3731848941	5.8995	-0.0095	-81.5	-10	-15	15	100	18	100	3.98	0	0	0	0	1	1	0	1	1	1	1	1	1	740	740	0	454	280	-3.96E-12	-2.42E-06
3731849006	5.8995	-0.0095	-81.5	-10	-15	15.1	100	18	100	3.98	0	0	0	0	1	1	0	1	1	1	1	1	1	740	740	0	433	296	-3.96E-12	-2.42E-06
3731849069	5.8995	-0.0095	-81.5	-10	-15	15.2	100	18	100	3.98	0	0	0	0	1	1	0	1	1	1	1	1	1	740	740	0	433	306	-3.96E-12	-2.42E-06
3731849132	5.8995	-0.0095	-81.5	-10	-15	15.3	100	18	100	3.98	0	0	0	0	1	1	0	1	1	1	1	1	1	740	740	0	455	293	-3.96E-12	-2.42E-06
3731849195	5.8995	-0.0095	-81.5	-10	-15	15.4	100	18	100	3.98	0	0	0	0	1	1	0	1	1	1	1	1	1	740	740	0	509	302	-3.96E-12	-2.42E-06
3731849260	5.8995	-0.0095	-81.5	-10	-15	15.5	100	18	100	3.98	0	0	0	0	1	1	0	1	1	1	1	1	1	740	740	0	450	328	-3.96E-12	-2.41E-06
3731849326	5.8995	-0.0095	-81.5	-10	-15	15.6	100	18	100	3.98	0	0	0	0	1	1	0	1	1	1	1	1	1	740	740	0	452	329	-3.96E-12	-2.41E-06
3731849390	5.8995	-0.0095	-81.5	-10	-15	15.7	100	18	100	3.98	0	0	0	0	1	1	0	1	1	1	1	1	1	740	740	0	498	271	-3.96E-12	-2.39E-06
3731849454	5.8995	-0.0095	-81.5	-10	-15	15.8	100	18	100	3.98	0	0	0	0	1	1	0	1	1	1	1	1	1	740	740	0	531	312	-3.96E-12	-2.40E-06
3731849518	5.8995	-0.0095	-81.5	-10	-15	15.9	100	18	100	3.98	0	0	0	0	1	1	0	1	1	1	1	1	1	740	740	0	495	355	-3.96E-12	-2.40E-06
3731849583	5.8995	-0.0095	-81.5	-10	-15	16	100	18	100	3.98	0	0	0	0	1	1	0	1	1	1	1	1	1	740	740	0	508	296	-3.96E-12	-2.39E-06
3731849648	5.8995	-0.0095	-81.5	-10	-15	16.1	100	18	100	3.98	0	0	0	0	1	1	0	1	1	1	1	1	1	740	740	0	477	344	-3.96E-12	-2.40E-06
3731849713	5.8995	-0.0095	-81.5	-10	-15	16.2	100	18	100	3.98	0	0	0	0	1	1	0	1	1	1	1	1	1	740	740	0	509	589	-3.96E-12	-2.39E-06
3731849775	5.8995	-0.0095	-81.5	-10	-15	16.3	100	18	100	3.98	0	0	0	0	1	1	0	1	1	1	1	1	1	740	740	0	491	367	-3.96E-12	-2.39E-06
3731849839	5.8995	-0.0095	-81.5	-10	-15	16.4	100	18	100	3.98	0	0	0	0	1	1	0	1	1	1	1	1	1	740	740	0	479	371	-3.96E-12	-2.39E-06
3731849901	5.8995	-0.0095	-81.5	-10	-15	16.5	100	18	100	3.98	0	0	0	0	1	1	0	1	1	1	1	1	1	740	740	0	506	370	-3.96E-12	-2.38E-06
3731849965	5.8995	-0.0095	-81.5	-10	-15	16.6	100	18	100	3.98	0	0	0	0	1	1	0	1	1	1	1	1	1	740	740	0	500	360	-3.96E-12	-2.39E-06
3731850030	5.8995	-0.0095	-81.5	-10	-15	16.7	100	18	100	3.98	0	0	0	0	1	1	0	1	1	1	1	1	1	740	740	0	528	353	-3.96E-12	-2.38E-06
3731850092	5.8995	-0.0095	-81.5	-10	-15	16.8	100	18	100	3.98	0	0	0	0	1	1	0	1	1	1	1	1	1	740	740	0	510	346	-3.96E-12	-2.38E-06
3731850157	5.8995	-0.0095	-81.5	-10	-15	16.9	100	18	100	3.98	0	0	0	0	1	1	0	1	1	1	1	1	1	740	740	0	541	393	-3.96E-12	-2.37E-06
3731850221	5.8995	-0.0095	-81.5	-10	-15	17	100	18	100	3.98	0	0	0	0	1	1	0	1	1	1	1	1	1	740	740	0	529	392	-3.96E-12	-2.37E-06
3731850286	5.8995	-0.0095	-81.5	-10	-15	17.1	100	18	100	3.98	0	0	0	0	1	1	0	1	1	1	1	1	1	740	740	0	515	398	-3.96E-12	-2.37E-06
3731850348	5.8995	-0.0095	-81.5	-10	-15	17.2	100	18	100	3.98	0	0	0	0	1	1	0	1	1	1	1	1	1	740	740	0	556	410	-3.96E-12	-2.37E-06
3731850412	5.8995	-0.0095	-81.5	-10	-15	17.3	100	18	100	3.98	0	0	0	0	1	1	0	1	1	1	1	1	1	740	740	0	507	412	-3.96E-12	-2.37E-06
3731850475	5.8995	-0.0095	-81.5	-10	-15	17.4	100	18	100	3.98	0	0	0	0	1	1	0	1	1	1	1	1	1	740	740	0	504	395	-3.96E-12	-2.36E-06
3731850541	5.8995	-0.0095	-81.5	-10	-15	17.5	100	18	100	3.98	0	0	0	0	1	1	0	1	1	1	1	1	1	740	740	0	558	410	-3.96E-12	-2.36E-06
3731850603	5.8995	-0.0095	-81.5	-10	-15	17.6	100	18	100	3.98	0	0	0	0	1	1	0	1	1	1	1	1	1	740	740	0	562	455	-3.96E-12	-2.36E-06
3731850666	5.8995	-0.0095	-81.5	-10	-15	17.7	100	18	100	3.98	0	0	0	0	1	1	0	1	1	1	1	1	1	740	740	0	568	438	-3.96E-12	-2.36E-06
3731850729	5.8995	-0.0095	-81.5	-10	-15	17.8	100	18	100	3.98	0	0	0	0	1	1	0	1	1	1	1	1	1	740	740	0	590	497	-3.96E-12	-2.35E-06
3731850793	5.8995	-0.0095	-81.5	-10	-15	17.9	100	18	100	3.98	0	0	0	0	1	1	0	1	1	1	1	1	1	740	740	0	564	497	-3.96E-12	-2.34E-06
3731850856	5.8995	-0.0095	-81.5	-10	-15	18	100	18	100	3.98	0	0	0	0	1	1	0	1	1	1	1	1	1	740	740	0	598	498	-3.96E-12	-2.35E-06
3731850919	5.8995	-0.0095	-81.5	-10	-15	18.1	100	18	100	3.98	0	0	0	0	1	1	0	1	1	1	1	1	1	740	740	0	592	485	-3.96E-12	-2.34E-06
3731850983	5.8995	-0.0095	-81.5	-10	-15	18.2	100	18	100	3.98	0	0	0	0	1	1	0	1	1	1	1	1	1	740	740	0	562	502	-3.96E-12	-2.34E-06
3731851047	5.8995	-0.0095	-81.5	-10	-15	18.3	100	18	100	3.98	0	0	0	0	1	1	0	1	1	1	1	1	1	740	740	0	579	501	-3.96E-12	-2.34E-06
3731851112	5.8995	-0.0095	-81.5	-10	-15	18.4	100	18	100	3.98	0	0	0	0	1	1	0	1	1	1	1	1	1	740	740	0	589	536	-3.96E-12	-2.34E-06
3731851176	5.8995	-0.0095	-81.5	-10	-15	18.5	100	18	100	3.98	0	0	0	0	1	1	0	1	1	1	1	1	1	740	740	0	609	544	-3.96E-12	-2.34E-06
3731851239	5.8995	-0.0095	-81.5	-10	-15	18.6	100	18	100	3.98	0	0	0	0	1	1	0	1	1	1	1	1	1	740	740	0	613	541	-3.96E-12	-2.33E-06
3731851303	5.8995	-0.0095	-81.5	-10	-15	18.7	100	18	100	3.98	0	0	0	0	1	1	0	1	1	1	1	1	1	740	740	0	601	557	-3.96E-12	-2.33E-06
3731851368	5.8995	-0.0095	-81.5	-10	-15	18.8	100	18	100	3.98	0	0	0	0	1	1	0	1	1	1	1	1	1	740	740	0	622	613	-3.96E-12	-2.33E-06
3731851431	5.8995	-0.0095	-81.5	-10	-15	18.9	100	18	100	3.98	0	0	0	0	1	1	0	1	1	1	1	1	1	740	740	0	604	613	-3.96E-12	-2.32E-06
3731851495	5.8995	-0.0095	-81.5	-10	-15	19	100	18	100	3.98	0	0	0	0	1	1	0	1	1	1	1	1	1	740	740	0	598	627	-3.96E-12	-2.32E-06
3731851560	5.8995	-0.0095	-81.5	-10	-15	19.1	100	18	100	3.98	0	0	0	0	1	1	0	1	1	1	1	1	1	740	740	0	645	632	-3.96E-12	-2.32E-06
3731851624	5.8995	-0.0095	-81.5	-10	-15	19.2	100	18	100	3.98	0	0	0	0	1	1	0	1	1	1	1	1	1	740	740	0	630	636	-3.96E-12	-2.31E-06
3731851688	5.8995	-0.0095	-81.5	-10	-15	19.3	100	18	100	3.98	0	0	0	0	1	1	0	1	1	1	1	1	1	740	740	0	625	656	-3.96E-12	-2.30E-06
3731851753	5.8995	-0.0095	-81.5	-10	-15	19.4	100	18	100	3.98	0	0	0	0	1	1	0	1	1	1	1	1	1	740	740	0	619	667	-3.96E-12	-2.31E-06
3731851816	5.8995	-0.0095	-81.5	-10	-15	19.5	100	18	100	3.98	0	0	0	0	1	1	0	1	1	1	1	1	1	740	740	0	631	654	-3.96E-12	-2.30E-06
3731851880	5.8995	-0.0095	-81.5	-10	-15	19.6	100	18	100	3.98	0	0	0	0	1	1	0	1	1	1	1	1	1	740	740	0	697	684	-3.96E-12	-2.30E-06
3731851942	5.8995	-0.0095	-81.5	-10	-15	19.7	100	18	100	3.98	0	0	0	0	1	1	0	1	1	1	1	1	1	740	740	0	620	660	-3.96E-12	-2.29E-06
3731852006	5.8995	-0.0095	-81.5	-10	-15	19.8	100	18	100	3.98	0	0	0	0	1	1	0	1	1	1	1	1	1	740	740	0	630	721	-3.96E-12	-2.29E-06
3731852070	5.8995	-0.0095	-81.5	-10	-15	19.9	100	18	100	3.98	0	0	0	0	1	1	0	1	1	1	1	1	1	740	740	0	652	991	-3.96E-12	-2.29E-06
3731852134	5.8995	-0.0095	-81.5	-10	-15	20	100	18	100	3.98	0	0	0	0	1	1	0	1	1	1	1	1	1	740	740	0	688	678	-3.96E-12	-2.29E-06
3731852198	5.8995	-0.0095	-81.5	-10	-15	20.1	100	18	100	3.98	0	0	0	0	1	1	0	1	1	1	1	1	1	740	740	0	669	780	-3.96E-12	-2.29E-06
