#time	xpos	ypos	zpos	theta	grid	en	ext	f1	f2	fil	x1	x2	y1	y2	6485s	6487s	6487v	gm2dw	gm2ll	gm2ul	gm1dw	gm1ll	gm1ul	va	vb	dummy	gm2	gm1	6485c	6487c
3731242894	2	6.5965	-82.025	2.5	-15	10	100	17	100	3.98	0	0	0	0	1	1	0	1	1	1	1	1	1	740	740	0	1824	1100	-8.77E-12	-4.80E-06
3731242959	2	6.5965	-82.025	2.5	-15	10.1	100	17	100	3.98	0	0	0	0	1	1	0	1	1	1	1	1	1	740	740	0	1511	873	-8.77E-12	-4.79E-06
3731243023	2	6.5965	-82.025	2.5	-15	10.2	100	17	100	3.98	0	0	0	0	1	1	0	1	1	1	1	1	1	740	740	0	1358	646	-8.77E-12	-4.79E-06
3731243087	2	6.5965	-82.025	2.5	-15	10.3	100	17	100	3.98	0	0	0	0	1	1	0	1	1	1	1	1	1	740	740	0	1183	599	-8.77E-12	-4.76E-06
3731243152	2	6.5965	-82.025	2.5	-15	10.4	100	17	100	3.98	0	0	0	0	1	1	0	1	1	1	1	1	1	740	740	0	1082	650	-8.77E-12	-4.74E-06
3731243216	2	6.5965	-82.025	2.5	-15	10.5	100	17	100	3.98	0	0	0	0	1	1	0	1	1	1	1	1	1	740	740	0	956	586	-8.77E-12	-4.75E-06
3731243281	2	6.5965	-82.025	2.5	-15	10.6	100	17	100	3.98	0	0	0	0	1	1	0	1	1	1	1	1	1	740	740	0	943	599	-8.77E-12	-4.73E-06
3731243345	2	6.5965	-82.025	2.5	-15	10.7	100	17	100	3.98	0	0	0	0	1	1	0	1	1	1	1	1	1	740	740	0	948	633	-8.77E-12	-4.71E-06
3731243409	2	6.5965	-82.025	2.5	-15	10.8	100	17	100	3.98	0	0	0	0	1	1	0	1	1	1	1	1	1	740	740	0	892	654	-8.77E-12	-4.68E-06
3731243474	2	6.5965	-82.025	2.5	-15	10.9	100	17	100	3.98	0	0	0	0	1	1	0	1	1	1	1	1	1	740	740	0	921	648	-8.77E-12	-4.67E-06
3731243538	2	6.5965	-82.025	2.5	-15	11	100	17	100	3.98	0	0	0	0	1	1	0	1	1	1	1	1	1	740	740	0	853	676	-8.77E-12	-4.68E-06
3731243602	2	6.5965	-82.025	2.5	-15	11.1	100	17	100	3.98	0	0	0	0	1	1	0	1	1	1	1	1	1	740	740	0	891	731	-8.77E-12	-4.67E-06
3731243666	2	6.5965	-82.025	2.5	-15	11.2	100	17	100	3.98	0	0	0	0	1	1	0	1	1	1	1	1	1	740	740	0	874	779	-8.77E-12	-4.67E-06
3731243730	2	6.5965	-82.025	2.5	-15	11.3	100	17	100	3.98	0	0	0	0	1	1	0	1	1	1	1	1	1	740	740	0	918	810	-8.77E-12	-4.65E-06
3731243795	2	6.5965	-82.025	2.5	-15	11.4	100	17	100	3.98	0	0	0	0	1	1	0	1	1	1	1	1	1	740	740	0	868	805	-8.77E-12	-4.63E-06
3731243859	2	6.5965	-82.025	2.5	-15	11.5	100	17	100	3.98	0	0	0	0	1	1	0	1	1	1	1	1	1	740	740	0	894	792	-8.77E-12	-4.65E-06
3731243923	2	6.5965	-82.025	2.5	-15	11.6	100	17	100	3.98	0	0	0	0	1	1	0	1	1	1	1	1	1	740	740	0	960	951	-8.77E-12	-4.64E-06
3731243987	2	6.5965	-82.025	2.5	-15	11.7	100	17	100	3.98	0	0	0	0	1	1	0	1	1	1	1	1	1	740	740	0	892	892	-8.77E-12	-4.64E-06
3731244051	2	6.5965	-82.025	2.5	-15	11.8	100	17	100	3.98	0	0	0	0	1	1	0	1	1	1	1	1	1	740	740	0	978	978	-8.77E-12	-4.63E-06
3731244116	2	6.5965	-82.025	2.5	-15	11.9	100	17	100	3.98	0	0	0	0	1	1	0	1	1	1	1	1	1	740	740	0	998	1005	-8.77E-12	-4.62E-06
3731244181	2	6.5965	-82.025	2.5	-15	12	100	17	100	3.98	0	0	0	0	1	1	0	1	1	1	1	1	1	740	740	0	1044	1089	-8.77E-12	-4.62E-06
3731244245	2	6.5965	-82.025	2.5	-15	12.1	100	17	100	3.98	0	0	0	0	1	1	0	1	1	1	1	1	1	740	740	0	1058	1040	-8.77E-12	-4.60E-06
3731244309	2	6.5965	-82.025	2.5	-15	12.2	100	17	100	3.98	0	0	0	0	1	1	0	1	1	1	1	1	1	740	740	0	1016	1117	-8.77E-12	-4.58E-06
3731244375	2	6.5965	-82.025	2.5	-15	12.3	100	17	100	3.98	0	0	0	0	1	1	0	1	1	1	1	1	1	740	740	0	1135	1167	-8.77E-12	-4.60E-06
3731244440	2	6.5965	-82.025	2.5	-15	12.4	100	17	100	3.98	0	0	0	0	1	1	0	1	1	1	1	1	1	740	740	0	1148	1171	-8.77E-12	-4.57E-06
3731244504	2	6.5965	-82.025	2.5	-15	12.5	100	17	100	3.98	0	0	0	0	1	1	0	1	1	1	1	1	1	740	740	0	1144	1230	-8.77E-12	-4.59E-06
3731244569	2	6.5965	-82.025	2.5	-15	12.6	100	17	100	3.98	0	0	0	0	1	1	0	1	1	1	1	1	1	740	740	0	1136	1269	-8.77E-12	-4.57E-06
3731244634	2	6.5965	-82.025	2.5	-15	12.7	100	17	100	3.98	0	0	0	0	1	1	0	1	1	1	1	1	1	740	740	0	1141	1323	-8.77E-12	-4.56E-06
3731244698	2	6.5965	-82.025	2.5	-15	12.8	100	17	100	3.98	0	0	0	0	1	1	0	1	1	1	1	1	1	740	740	0	1103	1312	-8.77E-12	-4.52E-06
3731244764	2	6.5965	-82.025	2.5	-15	12.9	100	17	100	3.98	0	0	0	0	1	1	0	1	1	1	1	1	1	740	740	0	1123	1389	-8.77E-12	-4.56E-06
3731244829	2	6.5965	-82.025	2.5	-15	13	100	17	100	3.98	0	0	0	0	1	1	0	1	1	1	1	1	1	740	740	0	1223	1376	-8.77E-12	-4.54E-06
3731244894	2	6.5965	-82.025	2.5	-15	13.1	100	17	100	3.98	0	0	0	0	1	1	0	1	1	1	1	1	1	740	740	0	1195	1401	-8.77E-12	-4.54E-06
3731244960	2	6.5965	-82.025	2.5	-15	13.2	100	17	100	3.98	0	0	0	0	1	1	0	1	1	1	1	1	1	740	740	0	1227	1496	-8.77E-12	-4.51E-06
3731245024	2	6.5965	-82.025	2.5	-15	13.3	100	17	100	3.98	0	0	0	0	1	1	0	1	1	1	1	1	1	740	740	0	1262	1474	-8.77E-12	-4.50E-06
3731245088	2	6.5965	-82.025	2.5	-15	13.4	100	17	100	3.98	0	0	0	0	1	1	0	1	1	1	1	1	1	740	740	0	1240	1459	-8.77E-12	-4.51E-06
3731245153	2	6.5965	-82.025	2.5	-15	13.5	100	17	100	3.98	0	0	0	0	1	1	0	1	1	1	1	1	1	740	740	0	1253	1450	-8.77E-12	-4.47E-06
3731245218	2	6.5965	-82.025	2.5	-15	13.6	100	17	100	3.98	0	0	0	0	1	1	0	1	1	1	1	1	1	740	740	0	1285	1408	-8.77E-12	-4.50E-06
3731245283	2	6.5965	-82.025	2.5	-15	13.7	100	17	100	3.98	0	0	0	0	1	1	0	1	1	1	1	1	1	740	740	0	1196	1531	-8.77E-12	-4.48E-06
3731245348	2	6.5965	-82.025	2.5	-15	13.8	100	17	100	3.98	0	0	0	0	1	1	0	1	1	1	1	1	1	740	740	0	1205	1491	-8.77E-12	-4.47E-06
3731245413	2	6.5965	-82.025	2.5	-15	13.9	100	17	100	3.98	0	0	0	0	1	1	0	1	1	1	1	1	1	740	740	0	1228	1563	-8.77E-12	-4.45E-06
3731245477	2	6.5965	-82.025	2.5	-15	14	100	17	100	3.98	0	0	0	0	1	1	0	1	1	1	1	1	1	740	740	0	1159	1506	-8.77E-12	-4.46E-06
3731245542	2	6.5965	-82.025	2.5	-15	14.1	100	17	100	3.98	0	0	0	0	1	1	0	1	1	1	1	1	1	740	740	0	1203	1537	-8.77E-12	-4.47E-06
3731245607	2	6.5965	-82.025	2.5	-15	14.2	100	17	100	3.98	0	0	0	0	1	1	0	1	1	1	1	1	1	740	740	0	1161	1572	-8.77E-12	-4.45E-06
3731245671	2	6.5965	-82.025	2.5	-15	14.3	100	17	100	3.98	0	0	0	0	1	1	0	1	1	1	1	1	1	740	740	0	1122	1622	-8.77E-12	-4.42E-06
3731245736	2	6.5965	-82.025	2.5	-15	14.4	100	17	100	3.98	0	0	0	0	1	1	0	1	1	1	1	1	1	740	740	0	1143	1514	-8.77E-12	-4.41E-06
3731245801	2	6.5965	-82.025	2.5	-15	14.5	100	17	100	3.98	0	0	0	0	1	1	0	1	1	1	1	1	1	740	740	0	1100	1574	-8.77E-12	-4.42E-06
3731245866	2	6.5965	-82.025	2.5	-15	14.6	100	17	100	3.98	0	0	0	0	1	1	0	1	1	1	1	1	1	740	740	0	1110	1634	-8.77E-12	-4.42E-06
3731245931	2	6.5965	-82.025	2.5	-15	14.7	100	17	100	3.98	0	0	0	0	1	1	0	1	1	1	1	1	1	740	740	0	1153	1590	-8.77E-12	-4.40E-06
3731245996	2	6.5965	-82.025	2.5	-15	14.8	100	17	100	3.98	0	0	0	0	1	1	0	1	1	1	1	1	1	740	740	0	1066	1661	-8.77E-12	-4.40E-06
3731246061	2	6.5965	-82.025	2.5	-15	14.9	100	17	100	3.98	0	0	0	0	1	1	0	1	1	1	1	1	1	740	740	0	1101	1656	-8.77E-12	-4.40E-06
3731246125	2	6.5965	-82.025	2.5	-15	15	100	17	100	3.98	0	0	0	0	1	1	0	1	1	1	1	1	1	740	740	0	1047	1626	-8.77E-12	-4.40E-06
3731246189	2	6.5965	-82.025	2.5	-15	15.1	100	17	100	3.98	0	0	0	0	1	1	0	1	1	1	1	1	1	740	740	0	1037	1644	-8.77E-12	-4.37E-06
3731246254	2	6.5965	-82.025	2.5	-15	15.2	100	17	100	3.98	0	0	0	0	1	1	0	1	1	1	1	1	1	740	740	0	967	1646	-8.77E-12	-4.36E-06
3731246319	2	6.5965	-82.025	2.5	-15	15.3	100	17	100	3.98	0	0	0	0	1	1	0	1	1	1	1	1	1	740	740	0	999	1589	-8.77E-12	-4.38E-06
3731246383	2	6.5965	-82.025	2.5	-15	15.4	100	17	100	3.98	0	0	0	0	1	1	0	1	1	1	1	1	1	740	740	0	1028	1534	-8.77E-12	-4.35E-06
3731246448	2	6.5965	-82.025	2.5	-15	15.5	100	17	100	3.98	0	0	0	0	1	1	0	1	1	1	1	1	1	740	740	0	1006	1548	-8.77E-12	-4.36E-06
3731246513	2	6.5965	-82.025	2.5	-15	15.6	100	17	100	3.98	0	0	0	0	1	1	0	1	1	1	1	1	1	740	740	0	936	1566	-8.77E-12	-4.33E-06
3731246578	2	6.5965	-82.025	2.5	-15	15.7	100	17	100	3.98	0	0	0	0	1	1	0	1	1	1	1	1	1	740	740	0	938	1583	-8.77E-12	-4.33E-06
3731246642	2	6.5965	-82.025	2.5	-15	15.8	100	17	100	3.98	0	0	0	0	1	1	0	1	1	1	1	1	1	740	740	0	921	1649	-8.77E-12	-4.31E-06
3731246707	2	6.5965	-82.025	2.5	-15	15.9	100	17	100	3.98	0	0	0	0	1	1	0	1	1	1	1	1	1	740	740	0	933	1700	-8.77E-12	-4.33E-06
3731246771	2	6.5965	-82.025	2.5	-15	16	100	17	100	3.98	0	0	0	0	1	1	0	1	1	1	1	1	1	740	740	0	935	1669	-8.77E-12	-4.32E-06
3731246836	2	6.5965	-82.025	2.5	-15	16.1	100	17	100	3.98	0	0	0	0	1	1	0	1	1	1	1	1	1	740	740	0	939	1606	-8.77E-12	-4.29E-06
3731246900	2	6.5965	-82.025	2.5	-15	16.2	100	17	100	3.98	0	0	0	0	1	1	0	1	1	1	1	1	1	740	740	0	932	1620	-8.77E-12	-4.31E-06
3731246964	2	6.5965	-82.025	2.5	-15	16.3	100	17	100	3.98	0	0	0	0	1	1	0	1	1	1	1	1	1	740	740	0	828	1594	-8.77E-12	-4.30E-06
3731247029	2	6.5965	-82.025	2.5	-15	16.4	100	17	100	3.98	0	0	0	0	1	1	0	1	1	1	1	1	1	740	740	0	870	1578	-8.77E-12	-4.28E-06
3731247094	2	6.5965	-82.025	2.5	-15	16.5	100	17	100	3.98	0	0	0	0	1	1	0	1	1	1	1	1	1	740	740	0	839	1639	-8.77E-12	-4.29E-06
3731247158	2	6.5965	-82.025	2.5	-15	16.6	100	17	100	3.98	0	0	0	0	1	1	0	1	1	1	1	1	1	740	740	0	908	1613	-8.77E-12	-4.26E-06
3731247222	2	6.5965	-82.025	2.5	-15	16.7	100	17	100	3.98	0	0	0	0	1	1	0	1	1	1	1	1	1	740	740	0	851	1607	-8.77E-12	-4.25E-06
3731247287	2	6.5965	-82.025	2.5	-15	16.8	100	17	100	3.98	0	0	0	0	1	1	0	1	1	1	1	1	1	740	740	0	802	1798	-8.77E-12	-4.23E-06
3731247352	2	6.5965	-82.025	2.5	-15	16.9	100	17	100	3.98	0	0	0	0	1	1	0	1	1	1	1	1	1	740	740	0	818	1609	-8.77E-12	-4.24E-06
3731247416	2	6.5965	-82.025	2.5	-15	17	100	17	100	3.98	0	0	0	0	1	1	0	1	1	1	1	1	1	740	740	0	811	1706	-8.77E-12	-4.25E-06
3731247481	2	6.5965	-82.025	2.5	-15	17.1	100	17	100	3.98	0	0	0	0	1	1	0	1	1	1	1	1	1	740	740	0	832	1618	-8.77E-12	-4.22E-06
3731247545	2	6.5965	-82.025	2.5	-15	17.2	100	17	100	3.98	0	0	0	0	1	1	0	1	1	1	1	1	1	740	740	0	818	1618	-8.77E-12	-4.22E-06
3731247610	2	6.5965	-82.025	2.5	-15	17.3	100	17	100	3.98	0	0	0	0	1	1	0	1	1	1	1	1	1	740	740	0	822	1653	-8.77E-12	-4.21E-06
3731247675	2	6.5965	-82.025	2.5	-15	17.4	100	17	100	3.98	0	0	0	0	1	1	0	1	1	1	1	1	1	740	740	0	807	1586	-8.77E-12	-4.23E-06
3731247739	2	6.5965	-82.025	2.5	-15	17.5	100	17	100	3.98	0	0	0	0	1	1	0	1	1	1	1	1	1	740	740	0	779	1598	-8.77E-12	-4.20E-06
3731247804	2	6.5965	-82.025	2.5	-15	17.6	100	17	100	3.98	0	0	0	0	1	1	0	1	1	1	1	1	1	740	740	0	772	1649	-8.77E-12	-4.22E-06
3731247868	2	6.5965	-82.025	2.5	-15	17.7	100	17	100	3.98	0	0	0	0	1	1	0	1	1	1	1	1	1	740	740	0	730	1648	-8.77E-12	-4.19E-06
3731247933	2	6.5965	-82.025	2.5	-15	17.8	100	17	100	3.98	0	0	0	0	1	1	0	1	1	1	1	1	1	740	740	0	731	1613	-8.77E-12	-4.20E-06
3731247997	2	6.5965	-82.025	2.5	-15	17.9	100	17	100	3.98	0	0	0	0	1	1	0	1	1	1	1	1	1	740	740	0	742	1693	-8.77E-12	-4.19E-06
3731248062	2	6.5965	-82.025	2.5	-15	18	100	17	100	3.98	0	0	0	0	1	1	0	1	1	1	1	1	1	740	740	0	775	1669	-8.77E-12	-4.16E-06
3731248126	2	6.5965	-82.025	2.5	-15	18.1	100	17	100	3.98	0	0	0	0	1	1	0	1	1	1	1	1	1	740	740	0	719	1723	-8.77E-12	-4.16E-06
3731248191	2	6.5965	-82.025	2.5	-15	18.2	100	17	100	3.98	0	0	0	0	1	1	0	1	1	1	1	1	1	740	740	0	742	1636	-8.77E-12	-4.18E-06
3731248255	2	6.5965	-82.025	2.5	-15	18.3	100	17	100	3.98	0	0	0	0	1	1	0	1	1	1	1	1	1	740	740	0	745	1707	-8.77E-12	-4.17E-06
3731248320	2	6.5965	-82.025	2.5	-15	18.4	100	17	100	3.98	0	0	0	0	1	1	0	1	1	1	1	1	1	740	740	0	715	1672	-8.77E-12	-4.14E-06
3731248385	2	6.5965	-82.025	2.5	-15	18.5	100	17	100	3.98	0	0	0	0	1	1	0	1	1	1	1	1	1	740	740	0	700	1639	-8.77E-12	-4.13E-06
3731248450	2	6.5965	-82.025	2.5	-15	18.6	100	17	100	3.98	0	0	0	0	1	1	0	1	1	1	1	1	1	740	740	0	735	1753	-8.77E-12	-4.12E-06
3731248515	2	6.5965	-82.025	2.5	-15	18.7	100	17	100	3.98	0	0	0	0	1	1	0	1	1	1	1	1	1	740	740	0	698	1741	-8.77E-12	-4.14E-06
3731248579	2	6.5965	-82.025	2.5	-15	18.8	100	17	100	3.98	0	0	0	0	1	1	0	1	1	1	1	1	1	740	740	0	725	1679	-8.77E-12	-4.10E-06
3731248644	2	6.5965	-82.025	2.5	-15	18.9	100	17	100	3.98	0	0	0	0	1	1	0	1	1	1	1	1	1	740	740	0	690	1758	-8.77E-12	-4.10E-06
3731248709	2	6.5965	-82.025	2.5	-15	19	100	17	100	3.98	0	0	0	0	1	1	0	1	1	1	1	1	1	740	740	0	713	1702	-8.77E-12	-4.10E-06
3731248773	2	6.5965	-82.025	2.5	-15	19.1	100	17	100	3.98	0	0	0	0	1	1	0	1	1	1	1	1	1	740	740	0	755	1659	-8.77E-12	-4.11E-06
3731248838	2	6.5965	-82.025	2.5	-15	19.2	100	17	100	3.98	0	0	0	0	1	1	0	1	1	1	1	1	1	740	740	0	652	1700	-8.77E-12	-4.09E-06
3731248902	2	6.5965	-82.025	2.5	-15	19.3	100	17	100	3.98	0	0	0	0	1	1	0	1	1	1	1	1	1	740	740	0	686	1696	-8.77E-12	-4.07E-06
3731248969	2	6.5965	-82.025	2.5	-15	19.4	100	17	100	3.98	0	0	0	0	1	1	0	1	1	1	1	1	1	740	740	0	689	1717	-8.77E-12	-4.10E-06
3731249033	2	6.5965	-82.025	2.5	-15	19.5	100	17	100	3.98	0	0	0	0	1	1	0	1	1	1	1	1	1	740	740	0	735	1775	-8.77E-12	-4.08E-06
3731249098	2	6.5965	-82.025	2.5	-15	19.6	100	17	100	3.98	0	0	0	0	1	1	0	1	1	1	1	1	1	740	740	0	705	1763	-8.77E-12	-4.09E-06
3731249163	2	6.5965	-82.025	2.5	-15	19.7	100	17	100	3.98	0	0	0	0	1	1	0	1	1	1	1	1	1	740	740	0	676	1807	-8.77E-12	-4.07E-06
3731249227	2	6.5965	-82.025	2.5	-15	19.8	100	17	100	3.98	0	0	0	0	1	1	0	1	1	1	1	1	1	740	740	0	635	1688	-8.77E-12	-4.07E-06
3731249291	2	6.5965	-82.025	2.5	-15	19.9	100	17	100	3.98	0	0	0	0	1	1	0	1	1	1	1	1	1	740	740	0	706	1743	-8.77E-12	-4.07E-06
3731249356	2	6.5965	-82.025	2.5	-15	20	100	17	100	3.98	0	0	0	0	1	1	0	1	1	1	1	1	1	740	740	0	649	1777	-8.77E-12	-4.05E-06
3731249420	2	6.5965	-82.025	2.5	-15	20.1	100	17	100	3.98	0	0	0	0	1	1	0	1	1	1	1	1	1	740	740	0	641	1709	-8.77E-12	-4.05E-06
