#Cu(100) Th=-10_23.dat
#6/8/2022 11:19:39 PM
#Preliminary IPES Scan
#Sweep En
#Measure rgm, lgm, 6487
#Timestamp (sec)	X (mm)	Y (mm)	Z (mm)	Theta (deg)	EG Grid (V)	EG Energy (eV)	EG Extraction (V)	EG Focus 1 (V)	EG Focus 2 (V)	EG Filament (V)	EG X1 Alignment (V)	EG X2 Alignment (V)	EG Y1 Alignment (V)	EG Y2 Alignment (V)	6485 Samples	6487 Samples	6487 Voltage (V)	GM2 Dwell Time (s)	GM2 SCA Lower Limit (V)	GM2 SCA Upper Limit (V)	GM1 Dwell Time (s)	GM1 SCA Lower Limit (V)	GM1 SCA Upper Limit (V)	Voltage Supply A (V)	Voltage Supply B (V)	Dummy	GM2 Counts	GM1 Counts	Keithley6485 Current (A)	Keithley6487 Current (A)
#time	xpos	ypos	zpos	theta	grid	en	ext	f1	f2	fil	x1	x2	y1	y2	6485s	6487s	6487v	gm2dw	gm2ll	gm2ul	gm1dw	gm1ll	gm1ul	va	vb	dummy	gm2	gm1	6485c	6487c
3737589585.720190	1.562000	1.100500	1.575000	-9.990000	-15.000000	0.000000	100.000000	17.000000	100.000000	4.180000	0.000000	0.000000	0.000000	0.000000	1	1	0.000000	1.000000	1.000000	1.000000	1.000000	1.000000	1.000000	740.000000	740.000000	0.000000	6.000000	10.000000	8.806847E-14	0.000000E+0
3737589590.892439	1.562000	1.100500	1.575000	-9.990000	-15.000000	0.200000	100.000000	17.000000	100.000000	4.180000	0.000000	0.000000	0.000000	0.000000	1	1	0.000000	1.000000	1.000000	1.000000	1.000000	1.000000	1.000000	740.000000	740.000000	0.000000	6.000000	9.000000	8.806847E-14	0.000000E+0
3737589596.068678	1.562000	1.100500	1.575000	-9.990000	-15.000000	0.400000	100.000000	17.000000	100.000000	4.180000	0.000000	0.000000	0.000000	0.000000	1	1	0.000000	1.000000	1.000000	1.000000	1.000000	1.000000	1.000000	740.000000	740.000000	0.000000	1.000000	12.000000	8.806847E-14	0.000000E+0
3737589601.232946	1.562000	1.100500	1.575000	-9.990000	-15.000000	0.600000	100.000000	17.000000	100.000000	4.180000	0.000000	0.000000	0.000000	0.000000	1	1	0.000000	1.000000	1.000000	1.000000	1.000000	1.000000	1.000000	740.000000	740.000000	0.000000	0.000000	7.000000	8.806847E-14	0.000000E+0
3737589606.412170	1.562000	1.100500	1.575000	-9.990000	-15.000000	0.800000	100.000000	17.000000	100.000000	4.180000	0.000000	0.000000	0.000000	0.000000	1	1	0.000000	1.000000	1.000000	1.000000	1.000000	1.000000	1.000000	740.000000	740.000000	0.000000	5.000000	4.000000	8.806847E-14	0.000000E+0
3737589611.587410	1.562000	1.100500	1.575000	-9.990000	-15.000000	1.000000	100.000000	17.000000	100.000000	4.180000	0.000000	0.000000	0.000000	0.000000	1	1	0.000000	1.000000	1.000000	1.000000	1.000000	1.000000	1.000000	740.000000	740.000000	0.000000	0.000000	6.000000	8.806847E-14	0.000000E+0
3737589616.757666	1.562000	1.100500	1.575000	-9.990000	-15.000000	1.200000	100.000000	17.000000	100.000000	4.180000	0.000000	0.000000	0.000000	0.000000	1	1	0.000000	1.000000	1.000000	1.000000	1.000000	1.000000	1.000000	740.000000	740.000000	0.000000	2.000000	7.000000	8.806847E-14	0.000000E+0
3737589621.935896	1.562000	1.100500	1.575000	-9.990000	-15.000000	1.400000	100.000000	17.000000	100.000000	4.180000	0.000000	0.000000	0.000000	0.000000	1	1	0.000000	1.000000	1.000000	1.000000	1.000000	1.000000	1.000000	740.000000	740.000000	0.000000	3.000000	10.000000	8.806847E-14	0.000000E+0
3737589627.107174	1.562000	1.100500	1.575000	-9.990000	-15.000000	1.600000	100.000000	17.000000	100.000000	4.180000	0.000000	0.000000	0.000000	0.000000	1	1	0.000000	1.000000	1.000000	1.000000	1.000000	1.000000	1.000000	740.000000	740.000000	0.000000	6.000000	11.000000	8.806847E-14	0.000000E+0
3737589632.277430	1.562000	1.100500	1.575000	-9.990000	-15.000000	1.800000	100.000000	17.000000	100.000000	4.180000	0.000000	0.000000	0.000000	0.000000	1	1	0.000000	1.000000	1.000000	1.000000	1.000000	1.000000	1.000000	740.000000	740.000000	0.000000	10.000000	13.000000	8.806847E-14	0.000000E+0
3737589637.451672	1.562000	1.100500	1.575000	-9.990000	-15.000000	2.000000	100.000000	17.000000	100.000000	4.180000	0.000000	0.000000	0.000000	0.000000	1	1	0.000000	1.000000	1.000000	1.000000	1.000000	1.000000	1.000000	740.000000	740.000000	0.000000	5.000000	8.000000	8.806847E-14	0.000000E+0
3737589642.630903	1.562000	1.100500	1.575000	-9.990000	-15.000000	2.200000	100.000000	17.000000	100.000000	4.180000	0.000000	0.000000	0.000000	0.000000	1	1	0.000000	1.000000	1.000000	1.000000	1.000000	1.000000	1.000000	740.000000	740.000000	0.000000	6.000000	7.000000	8.806847E-14	0.000000E+0
3737589647.804147	1.562000	1.100500	1.575000	-9.990000	-15.000000	2.400000	100.000000	17.000000	100.000000	4.180000	0.000000	0.000000	0.000000	0.000000	1	1	0.000000	1.000000	1.000000	1.000000	1.000000	1.000000	1.000000	740.000000	740.000000	0.000000	3.000000	10.000000	8.806847E-14	0.000000E+0
3737589652.984377	1.562000	1.100500	1.575000	-9.990000	-15.000000	2.600000	100.000000	17.000000	100.000000	4.180000	0.000000	0.000000	0.000000	0.000000	1	1	0.000000	1.000000	1.000000	1.000000	1.000000	1.000000	1.000000	740.000000	740.000000	0.000000	10.000000	4.000000	8.806847E-14	0.000000E+0
3737589658.156650	1.562000	1.100500	1.575000	-9.990000	-15.000000	2.800000	100.000000	17.000000	100.000000	4.180000	0.000000	0.000000	0.000000	0.000000	1	1	0.000000	1.000000	1.000000	1.000000	1.000000	1.000000	1.000000	740.000000	740.000000	0.000000	2.000000	8.000000	8.806847E-14	0.000000E+0
3737589663.326882	1.562000	1.100500	1.575000	-9.990000	-15.000000	3.000000	100.000000	17.000000	100.000000	4.180000	0.000000	0.000000	0.000000	0.000000	1	1	0.000000	1.000000	1.000000	1.000000	1.000000	1.000000	1.000000	740.000000	740.000000	0.000000	7.000000	6.000000	8.806847E-14	0.000000E+0
3737589668.500950	1.562000	1.100500	1.575000	-9.990000	-15.000000	3.200000	100.000000	17.000000	100.000000	4.180000	0.000000	0.000000	0.000000	0.000000	1	1	0.000000	1.000000	1.000000	1.000000	1.000000	1.000000	1.000000	740.000000	740.000000	0.000000	3.000000	3.000000	8.806847E-14	0.000000E+0
3737589673.675194	1.562000	1.100500	1.575000	-9.990000	-15.000000	3.400000	100.000000	17.000000	100.000000	4.180000	0.000000	0.000000	0.000000	0.000000	1	1	0.000000	1.000000	1.000000	1.000000	1.000000	1.000000	1.000000	740.000000	740.000000	0.000000	2.000000	3.000000	8.806847E-14	0.000000E+0
3737589678.843453	1.562000	1.100500	1.575000	-9.990000	-15.000000	3.600000	100.000000	17.000000	100.000000	4.180000	0.000000	0.000000	0.000000	0.000000	1	1	0.000000	1.000000	1.000000	1.000000	1.000000	1.000000	1.000000	740.000000	740.000000	0.000000	4.000000	10.000000	8.806847E-14	0.000000E+0
3737589684.021688	1.562000	1.100500	1.575000	-9.990000	-15.000000	3.800000	100.000000	17.000000	100.000000	4.180000	0.000000	0.000000	0.000000	0.000000	1	1	0.000000	1.000000	1.000000	1.000000	1.000000	1.000000	1.000000	740.000000	740.000000	0.000000	3.000000	7.000000	8.806847E-14	0.000000E+0
3737589689.198949	1.562000	1.100500	1.575000	-9.990000	-15.000000	4.000000	100.000000	17.000000	100.000000	4.180000	0.000000	0.000000	0.000000	0.000000	1	1	0.000000	1.000000	1.000000	1.000000	1.000000	1.000000	1.000000	740.000000	740.000000	0.000000	2.000000	7.000000	8.806847E-14	0.000000E+0
3737589694.367183	1.562000	1.100500	1.575000	-9.990000	-15.000000	4.200000	100.000000	17.000000	100.000000	4.180000	0.000000	0.000000	0.000000	0.000000	1	1	0.000000	1.000000	1.000000	1.000000	1.000000	1.000000	1.000000	740.000000	740.000000	0.000000	3.000000	6.000000	8.806847E-14	0.000000E+0
3737589699.542425	1.562000	1.100500	1.575000	-9.990000	-15.000000	4.400000	100.000000	17.000000	100.000000	4.180000	0.000000	0.000000	0.000000	0.000000	1	1	0.000000	1.000000	1.000000	1.000000	1.000000	1.000000	1.000000	740.000000	740.000000	0.000000	0.000000	5.000000	8.806847E-14	0.000000E+0
3737589704.719659	1.562000	1.100500	1.575000	-9.990000	-15.000000	4.600000	100.000000	17.000000	100.000000	4.180000	0.000000	0.000000	0.000000	0.000000	1	1	0.000000	1.000000	1.000000	1.000000	1.000000	1.000000	1.000000	740.000000	740.000000	0.000000	4.000000	14.000000	8.806847E-14	0.000000E+0
3737589709.896895	1.562000	1.100500	1.575000	-9.990000	-15.000000	4.800000	100.000000	17.000000	100.000000	4.180000	0.000000	0.000000	0.000000	0.000000	1	1	0.000000	1.000000	1.000000	1.000000	1.000000	1.000000	1.000000	740.000000	740.000000	0.000000	9.000000	17.000000	8.806847E-14	0.000000E+0
3737589716.519288	1.562000	1.100500	1.575000	-9.990000	-15.000000	5.000000	100.000000	17.000000	100.000000	4.180000	0.000000	0.000000	0.000000	0.000000	1	1	0.000000	1.000000	1.000000	1.000000	1.000000	1.000000	1.000000	740.000000	740.000000	0.000000	21.000000	70.000000	8.806847E-14	0.000000E+0
3737589723.290287	1.562000	1.100500	1.575000	-9.990000	-15.000000	5.200000	100.000000	17.000000	100.000000	4.180000	0.000000	0.000000	0.000000	0.000000	1	1	0.000000	1.000000	1.000000	1.000000	1.000000	1.000000	1.000000	740.000000	740.000000	0.000000	52.000000	157.000000	8.806847E-14	0.000000E+0
3737589730.106165	1.562000	1.100500	1.575000	-9.990000	-15.000000	5.400000	100.000000	17.000000	100.000000	4.180000	0.000000	0.000000	0.000000	0.000000	1	1	0.000000	1.000000	1.000000	1.000000	1.000000	1.000000	1.000000	740.000000	740.000000	0.000000	76.000000	184.000000	8.806847E-14	0.000000E+0
3737589737.093586	1.562000	1.100500	1.575000	-9.990000	-15.000000	5.600000	100.000000	17.000000	100.000000	4.180000	0.000000	0.000000	0.000000	0.000000	1	1	0.000000	1.000000	1.000000	1.000000	1.000000	1.000000	1.000000	740.000000	740.000000	0.000000	96.000000	258.000000	8.806847E-14	0.000000E+0
3737589744.187726	1.562000	1.100500	1.575000	-9.990000	-15.000000	5.800000	100.000000	17.000000	100.000000	4.180000	0.000000	0.000000	0.000000	0.000000	1	1	0.000000	1.000000	1.000000	1.000000	1.000000	1.000000	1.000000	740.000000	740.000000	0.000000	94.000000	243.000000	8.806847E-14	0.000000E+0
3737589750.975684	1.562000	1.100500	1.575000	-9.990000	-15.000000	6.000000	100.000000	17.000000	100.000000	4.180000	0.000000	0.000000	0.000000	0.000000	1	1	0.000000	1.000000	1.000000	1.000000	1.000000	1.000000	1.000000	740.000000	740.000000	0.000000	79.000000	169.000000	8.806847E-14	0.000000E+0
3737589758.092758	1.562000	1.100500	1.575000	-9.990000	-15.000000	6.200000	100.000000	17.000000	100.000000	4.180000	0.000000	0.000000	0.000000	0.000000	1	1	0.000000	1.000000	1.000000	1.000000	1.000000	1.000000	1.000000	740.000000	740.000000	0.000000	63.000000	75.000000	8.806847E-14	0.000000E+0
3737589764.753049	1.562000	1.100500	1.575000	-9.990000	-15.000000	6.400000	100.000000	17.000000	100.000000	4.180000	0.000000	0.000000	0.000000	0.000000	1	1	0.000000	1.000000	1.000000	1.000000	1.000000	1.000000	1.000000	740.000000	740.000000	0.000000	51.000000	35.000000	8.806847E-14	0.000000E+0
3737589771.510107	1.562000	1.100500	1.575000	-9.990000	-15.000000	6.600000	100.000000	17.000000	100.000000	4.180000	0.000000	0.000000	0.000000	0.000000	1	1	0.000000	1.000000	1.000000	1.000000	1.000000	1.000000	1.000000	740.000000	740.000000	0.000000	55.000000	44.000000	8.806847E-14	0.000000E+0
3737589777.875179	1.562000	1.100500	1.575000	-9.990000	-15.000000	6.800000	100.000000	17.000000	100.000000	4.180000	0.000000	0.000000	0.000000	0.000000	1	1	0.000000	1.000000	1.000000	1.000000	1.000000	1.000000	1.000000	740.000000	740.000000	0.000000	66.000000	43.000000	8.806847E-14	0.000000E+0
3737589784.313062	1.562000	1.100500	1.575000	-9.990000	-15.000000	7.000000	100.000000	17.000000	100.000000	4.180000	0.000000	0.000000	0.000000	0.000000	1	1	0.000000	1.000000	1.000000	1.000000	1.000000	1.000000	1.000000	740.000000	740.000000	0.000000	57.000000	42.000000	8.806847E-14	0.000000E+0
3737589791.002058	1.562000	1.100500	1.575000	-9.990000	-15.000000	7.200000	100.000000	17.000000	100.000000	4.180000	0.000000	0.000000	0.000000	0.000000	1	1	0.000000	1.000000	1.000000	1.000000	1.000000	1.000000	1.000000	740.000000	740.000000	0.000000	47.000000	47.000000	8.806847E-14	0.000000E+0
3737589797.538679	1.562000	1.100500	1.575000	-9.990000	-15.000000	7.400000	100.000000	17.000000	100.000000	4.180000	0.000000	0.000000	0.000000	0.000000	1	1	0.000000	1.000000	1.000000	1.000000	1.000000	1.000000	1.000000	740.000000	740.000000	0.000000	71.000000	38.000000	8.806847E-14	0.000000E+0
3737589803.841919	1.562000	1.100500	1.575000	-9.990000	-15.000000	7.600000	100.000000	17.000000	100.000000	4.180000	0.000000	0.000000	0.000000	0.000000	1	1	0.000000	1.000000	1.000000	1.000000	1.000000	1.000000	1.000000	740.000000	740.000000	0.000000	70.000000	47.000000	8.806847E-14	0.000000E+0
3737589810.237915	1.562000	1.100500	1.575000	-9.990000	-15.000000	7.800000	100.000000	17.000000	100.000000	4.180000	0.000000	0.000000	0.000000	0.000000	1	1	0.000000	1.000000	1.000000	1.000000	1.000000	1.000000	1.000000	740.000000	740.000000	0.000000	65.000000	50.000000	8.806847E-14	0.000000E+0
3737589816.621452	1.562000	1.100500	1.575000	-9.990000	-15.000000	8.000000	100.000000	17.000000	100.000000	4.180000	0.000000	0.000000	0.000000	0.000000	1	1	0.000000	1.000000	1.000000	1.000000	1.000000	1.000000	1.000000	740.000000	740.000000	0.000000	67.000000	63.000000	8.806847E-14	0.000000E+0
3737589823.288725	1.562000	1.100500	1.575000	-9.990000	-15.000000	8.200000	100.000000	17.000000	100.000000	4.180000	0.000000	0.000000	0.000000	0.000000	1	1	0.000000	1.000000	1.000000	1.000000	1.000000	1.000000	1.000000	740.000000	740.000000	0.000000	47.000000	45.000000	8.806847E-14	0.000000E+0
3737589829.809413	1.562000	1.100500	1.575000	-9.990000	-15.000000	8.400000	100.000000	17.000000	100.000000	4.180000	0.000000	0.000000	0.000000	0.000000	1	1	0.000000	1.000000	1.000000	1.000000	1.000000	1.000000	1.000000	740.000000	740.000000	0.000000	69.000000	42.000000	8.806847E-14	0.000000E+0
3737589836.171474	1.562000	1.100500	1.575000	-9.990000	-15.000000	8.600000	100.000000	17.000000	100.000000	4.180000	0.000000	0.000000	0.000000	0.000000	1	1	0.000000	1.000000	1.000000	1.000000	1.000000	1.000000	1.000000	740.000000	740.000000	0.000000	71.000000	50.000000	8.806847E-14	0.000000E+0
3737589843.030239	1.562000	1.100500	1.575000	-9.990000	-15.000000	8.800000	100.000000	17.000000	100.000000	4.180000	0.000000	0.000000	0.000000	0.000000	1	1	0.000000	1.000000	1.000000	1.000000	1.000000	1.000000	1.000000	740.000000	740.000000	0.000000	39.000000	34.000000	8.806847E-14	0.000000E+0
3737589849.970787	1.562000	1.100500	1.575000	-9.990000	-15.000000	9.000000	100.000000	17.000000	100.000000	4.180000	0.000000	0.000000	0.000000	0.000000	1	1	0.000000	1.000000	1.000000	1.000000	1.000000	1.000000	1.000000	740.000000	740.000000	0.000000	47.000000	36.000000	8.806847E-14	0.000000E+0
3737589856.024202	1.562000	1.100500	1.575000	-9.990000	-15.000000	9.200000	100.000000	17.000000	100.000000	4.180000	0.000000	0.000000	0.000000	0.000000	1	1	0.000000	1.000000	1.000000	1.000000	1.000000	1.000000	1.000000	740.000000	740.000000	0.000000	48.000000	32.000000	8.806847E-14	0.000000E+0
3737589862.113041	1.562000	1.100500	1.575000	-9.990000	-15.000000	9.400000	100.000000	17.000000	100.000000	4.180000	0.000000	0.000000	0.000000	0.000000	1	1	0.000000	1.000000	1.000000	1.000000	1.000000	1.000000	1.000000	740.000000	740.000000	0.000000	34.000000	36.000000	8.806847E-14	0.000000E+0
3737589867.285261	1.562000	1.100500	1.575000	-9.990000	-15.000000	9.600000	100.000000	17.000000	100.000000	4.180000	0.000000	0.000000	0.000000	0.000000	1	1	0.000000	1.000000	1.000000	1.000000	1.000000	1.000000	1.000000	740.000000	740.000000	0.000000	27.000000	26.000000	8.806847E-14	0.000000E+0
3737589872.458508	1.562000	1.100500	1.575000	-9.990000	-15.000000	9.800000	100.000000	17.000000	100.000000	4.180000	0.000000	0.000000	0.000000	0.000000	1	1	0.000000	1.000000	1.000000	1.000000	1.000000	1.000000	1.000000	740.000000	740.000000	0.000000	24.000000	21.000000	8.806847E-14	0.000000E+0
3737589877.643723	1.562000	1.100500	1.575000	-9.990000	-15.000000	10.000000	100.000000	17.000000	100.000000	4.180000	0.000000	0.000000	0.000000	0.000000	1	1	0.000000	1.000000	1.000000	1.000000	1.000000	1.000000	1.000000	740.000000	740.000000	0.000000	32.000000	20.000000	8.806847E-14	0.000000E+0
3737589882.819991	1.562000	1.100500	1.575000	-9.990000	-15.000000	10.200000	100.000000	17.000000	100.000000	4.180000	0.000000	0.000000	0.000000	0.000000	1	1	0.000000	1.000000	1.000000	1.000000	1.000000	1.000000	1.000000	740.000000	740.000000	0.000000	23.000000	25.000000	8.806847E-14	0.000000E+0
3737589888.002183	1.562000	1.100500	1.575000	-9.990000	-15.000000	10.400000	100.000000	17.000000	100.000000	4.180000	0.000000	0.000000	0.000000	0.000000	1	1	0.000000	1.000000	1.000000	1.000000	1.000000	1.000000	1.000000	740.000000	740.000000	0.000000	18.000000	26.000000	8.806847E-14	0.000000E+0
3737589893.210840	1.562000	1.100500	1.575000	-9.990000	-15.000000	10.600000	100.000000	17.000000	100.000000	4.180000	0.000000	0.000000	0.000000	0.000000	1	1	0.000000	1.000000	1.000000	1.000000	1.000000	1.000000	1.000000	740.000000	740.000000	0.000000	14.000000	20.000000	8.806847E-14	0.000000E+0
3737589898.389302	1.562000	1.100500	1.575000	-9.990000	-15.000000	10.800000	100.000000	17.000000	100.000000	4.180000	0.000000	0.000000	0.000000	0.000000	1	1	0.000000	1.000000	1.000000	1.000000	1.000000	1.000000	1.000000	740.000000	740.000000	0.000000	22.000000	19.000000	8.806847E-14	0.000000E+0
3737589903.574514	1.562000	1.100500	1.575000	-9.990000	-15.000000	11.000000	100.000000	17.000000	100.000000	4.180000	0.000000	0.000000	0.000000	0.000000	1	1	0.000000	1.000000	1.000000	1.000000	1.000000	1.000000	1.000000	740.000000	740.000000	0.000000	27.000000	20.000000	8.806847E-14	0.000000E+0
3737589908.765742	1.562000	1.100500	1.575000	-9.990000	-15.000000	11.200000	100.000000	17.000000	100.000000	4.180000	0.000000	0.000000	0.000000	0.000000	1	1	0.000000	1.000000	1.000000	1.000000	1.000000	1.000000	1.000000	740.000000	740.000000	0.000000	25.000000	16.000000	8.806847E-14	0.000000E+0
3737589913.943979	1.562000	1.100500	1.575000	-9.990000	-15.000000	11.400000	100.000000	17.000000	100.000000	4.180000	0.000000	0.000000	0.000000	0.000000	1	1	0.000000	1.000000	1.000000	1.000000	1.000000	1.000000	1.000000	740.000000	740.000000	0.000000	26.000000	31.000000	8.806847E-14	0.000000E+0
3737589919.128174	1.562000	1.100500	1.575000	-9.990000	-15.000000	11.600000	100.000000	17.000000	100.000000	4.180000	0.000000	0.000000	0.000000	0.000000	1	1	0.000000	1.000000	1.000000	1.000000	1.000000	1.000000	1.000000	740.000000	740.000000	0.000000	44.000000	33.000000	8.806847E-14	0.000000E+0
3737589925.836341	1.562000	1.100500	1.575000	-9.990000	-15.000000	11.800000	100.000000	17.000000	100.000000	4.180000	0.000000	0.000000	0.000000	0.000000	1	1	0.000000	1.000000	1.000000	1.000000	1.000000	1.000000	1.000000	740.000000	740.000000	0.000000	49.000000	43.000000	8.806847E-14	0.000000E+0
3737589932.205407	1.562000	1.100500	1.575000	-9.990000	-15.000000	12.000000	100.000000	17.000000	100.000000	4.180000	0.000000	0.000000	0.000000	0.000000	1	1	0.000000	1.000000	1.000000	1.000000	1.000000	1.000000	1.000000	740.000000	740.000000	0.000000	66.000000	50.000000	8.806847E-14	0.000000E+0
3737589939.031794	1.562000	1.100500	1.575000	-9.990000	-15.000000	12.200000	100.000000	17.000000	100.000000	4.180000	0.000000	0.000000	0.000000	0.000000	1	1	0.000000	1.000000	1.000000	1.000000	1.000000	1.000000	1.000000	740.000000	740.000000	0.000000	74.000000	50.000000	8.806847E-14	0.000000E+0
3737589945.968827	1.562000	1.100500	1.575000	-9.990000	-15.000000	12.400000	100.000000	17.000000	100.000000	4.180000	0.000000	0.000000	0.000000	0.000000	1	1	0.000000	1.000000	1.000000	1.000000	1.000000	1.000000	1.000000	740.000000	740.000000	0.000000	107.000000	56.000000	8.806847E-14	0.000000E+0
3737589952.740335	1.562000	1.100500	1.575000	-9.990000	-15.000000	12.600000	100.000000	17.000000	100.000000	4.180000	0.000000	0.000000	0.000000	0.000000	1	1	0.000000	1.000000	1.000000	1.000000	1.000000	1.000000	1.000000	740.000000	740.000000	0.000000	120.000000	52.000000	8.806847E-14	0.000000E+0
3737589959.794115	1.562000	1.100500	1.575000	-9.990000	-15.000000	12.800000	100.000000	17.000000	100.000000	4.180000	0.000000	0.000000	0.000000	0.000000	1	1	0.000000	1.000000	1.000000	1.000000	1.000000	1.000000	1.000000	740.000000	740.000000	0.000000	102.000000	48.000000	8.806847E-14	0.000000E+0
3737589965.898861	1.562000	1.100500	1.575000	-9.990000	-15.000000	13.000000	100.000000	17.000000	100.000000	4.180000	0.000000	0.000000	0.000000	0.000000	1	1	0.000000	1.000000	1.000000	1.000000	1.000000	1.000000	1.000000	740.000000	740.000000	0.000000	82.000000	51.000000	8.806847E-14	0.000000E+0
3737589972.432490	1.562000	1.100500	1.575000	-9.990000	-15.000000	13.200000	100.000000	17.000000	100.000000	4.180000	0.000000	0.000000	0.000000	0.000000	1	1	0.000000	1.000000	1.000000	1.000000	1.000000	1.000000	1.000000	740.000000	740.000000	0.000000	70.000000	38.000000	8.806847E-14	0.000000E+0
3737589978.943181	1.562000	1.100500	1.575000	-9.990000	-15.000000	13.400000	100.000000	17.000000	100.000000	4.180000	0.000000	0.000000	0.000000	0.000000	1	1	0.000000	1.000000	1.000000	1.000000	1.000000	1.000000	1.000000	740.000000	740.000000	0.000000	75.000000	37.000000	8.806847E-14	0.000000E+0
3737589985.752078	1.562000	1.100500	1.575000	-9.990000	-15.000000	13.600000	100.000000	17.000000	100.000000	4.180000	0.000000	0.000000	0.000000	0.000000	1	1	0.000000	1.000000	1.000000	1.000000	1.000000	1.000000	1.000000	740.000000	740.000000	0.000000	56.000000	40.000000	8.806847E-14	0.000000E+0
3737589992.737525	1.562000	1.100500	1.575000	-9.990000	-15.000000	13.800000	100.000000	17.000000	100.000000	4.180000	0.000000	0.000000	0.000000	0.000000	1	1	0.000000	1.000000	1.000000	1.000000	1.000000	1.000000	1.000000	740.000000	740.000000	0.000000	55.000000	31.000000	8.806847E-14	0.000000E+0
3737589999.469607	1.562000	1.100500	1.575000	-9.990000	-15.000000	14.000000	100.000000	17.000000	100.000000	4.180000	0.000000	0.000000	0.000000	0.000000	1	1	0.000000	1.000000	1.000000	1.000000	1.000000	1.000000	1.000000	740.000000	740.000000	0.000000	53.000000	35.000000	8.806847E-14	0.000000E+0
3737590005.588342	1.562000	1.100500	1.575000	-9.990000	-15.000000	14.200000	100.000000	17.000000	100.000000	4.180000	0.000000	0.000000	0.000000	0.000000	1	1	0.000000	1.000000	1.000000	1.000000	1.000000	1.000000	1.000000	740.000000	740.000000	0.000000	44.000000	28.000000	8.806847E-14	0.000000E+0
3737590010.781556	1.562000	1.100500	1.575000	-9.990000	-15.000000	14.400000	100.000000	17.000000	100.000000	4.180000	0.000000	0.000000	0.000000	0.000000	1	1	0.000000	1.000000	1.000000	1.000000	1.000000	1.000000	1.000000	740.000000	740.000000	0.000000	36.000000	32.000000	8.806847E-14	0.000000E+0
3737590015.964750	1.562000	1.100500	1.575000	-9.990000	-15.000000	14.600000	100.000000	17.000000	100.000000	4.180000	0.000000	0.000000	0.000000	0.000000	1	1	0.000000	1.000000	1.000000	1.000000	1.000000	1.000000	1.000000	740.000000	740.000000	0.000000	34.000000	26.000000	8.806847E-14	0.000000E+0
3737590021.151962	1.562000	1.100500	1.575000	-9.990000	-15.000000	14.800000	100.000000	17.000000	100.000000	4.180000	0.000000	0.000000	0.000000	0.000000	1	1	0.000000	1.000000	1.000000	1.000000	1.000000	1.000000	1.000000	740.000000	740.000000	0.000000	31.000000	24.000000	8.806847E-14	0.000000E+0
3737590026.354130	1.562000	1.100500	1.575000	-9.990000	-15.000000	15.000000	100.000000	17.000000	100.000000	4.180000	0.000000	0.000000	0.000000	0.000000	1	1	0.000000	1.000000	1.000000	1.000000	1.000000	1.000000	1.000000	740.000000	740.000000	0.000000	27.000000	30.000000	8.806847E-14	0.000000E+0
3737590032.483839	1.562000	1.100500	1.575000	-9.990000	-15.000000	15.200000	100.000000	17.000000	100.000000	4.180000	0.000000	0.000000	0.000000	0.000000	1	1	0.000000	1.000000	1.000000	1.000000	1.000000	1.000000	1.000000	740.000000	740.000000	0.000000	44.000000	40.000000	8.806847E-14	0.000000E+0
3737590037.663063	1.562000	1.100500	1.575000	-9.990000	-15.000000	15.400000	100.000000	17.000000	100.000000	4.180000	0.000000	0.000000	0.000000	0.000000	1	1	0.000000	1.000000	1.000000	1.000000	1.000000	1.000000	1.000000	740.000000	740.000000	0.000000	28.000000	22.000000	8.806847E-14	0.000000E+0
3737590042.840298	1.562000	1.100500	1.575000	-9.990000	-15.000000	15.600000	100.000000	17.000000	100.000000	4.180000	0.000000	0.000000	0.000000	0.000000	1	1	0.000000	1.000000	1.000000	1.000000	1.000000	1.000000	1.000000	740.000000	740.000000	0.000000	32.000000	25.000000	8.806847E-14	0.000000E+0
3737590048.013545	1.562000	1.100500	1.575000	-9.990000	-15.000000	15.800000	100.000000	17.000000	100.000000	4.180000	0.000000	0.000000	0.000000	0.000000	1	1	0.000000	1.000000	1.000000	1.000000	1.000000	1.000000	1.000000	740.000000	740.000000	0.000000	34.000000	21.000000	8.806847E-14	0.000000E+0
3737590054.085402	1.562000	1.100500	1.575000	-9.990000	-15.000000	16.000000	100.000000	17.000000	100.000000	4.180000	0.000000	0.000000	0.000000	0.000000	1	1	0.000000	1.000000	1.000000	1.000000	1.000000	1.000000	1.000000	740.000000	740.000000	0.000000	52.000000	38.000000	8.806847E-14	0.000000E+0
3737590060.200142	1.562000	1.100500	1.575000	-9.990000	-15.000000	16.200000	100.000000	17.000000	100.000000	4.180000	0.000000	0.000000	0.000000	0.000000	1	1	0.000000	1.000000	1.000000	1.000000	1.000000	1.000000	1.000000	740.000000	740.000000	0.000000	44.000000	30.000000	8.806847E-14	0.000000E+0
3737590067.101304	1.562000	1.100500	1.575000	-9.990000	-15.000000	16.400000	100.000000	17.000000	100.000000	4.180000	0.000000	0.000000	0.000000	0.000000	1	1	0.000000	1.000000	1.000000	1.000000	1.000000	1.000000	1.000000	740.000000	740.000000	0.000000	51.000000	32.000000	8.806847E-14	0.000000E+0
3737590074.096704	1.562000	1.100500	1.575000	-9.990000	-15.000000	16.600000	100.000000	17.000000	100.000000	4.180000	0.000000	0.000000	0.000000	0.000000	1	1	0.000000	1.000000	1.000000	1.000000	1.000000	1.000000	1.000000	740.000000	740.000000	0.000000	51.000000	32.000000	8.806847E-14	0.000000E+0
3737590080.923554	1.562000	1.100500	1.575000	-9.990000	-15.000000	16.800000	100.000000	17.000000	100.000000	4.180000	0.000000	0.000000	0.000000	0.000000	1	1	0.000000	1.000000	1.000000	1.000000	1.000000	1.000000	1.000000	740.000000	740.000000	0.000000	62.000000	33.000000	8.806847E-14	0.000000E+0
3737590087.836177	1.562000	1.100500	1.575000	-9.990000	-15.000000	17.000000	100.000000	17.000000	100.000000	4.180000	0.000000	0.000000	0.000000	0.000000	1	1	0.000000	1.000000	1.000000	1.000000	1.000000	1.000000	1.000000	740.000000	740.000000	0.000000	57.000000	29.000000	8.806847E-14	0.000000E+0
3737590093.881105	1.562000	1.100500	1.575000	-9.990000	-15.000000	17.200000	100.000000	17.000000	100.000000	4.180000	0.000000	0.000000	0.000000	0.000000	1	1	0.000000	1.000000	1.000000	1.000000	1.000000	1.000000	1.000000	740.000000	740.000000	0.000000	51.000000	21.000000	8.806847E-14	0.000000E+0
3737590099.935008	1.562000	1.100500	1.575000	-9.990000	-15.000000	17.400000	100.000000	17.000000	100.000000	4.180000	0.000000	0.000000	0.000000	0.000000	1	1	0.000000	1.000000	1.000000	1.000000	1.000000	1.000000	1.000000	740.000000	740.000000	0.000000	46.000000	23.000000	8.806847E-14	0.000000E+0
3737590106.851643	1.562000	1.100500	1.575000	-9.990000	-15.000000	17.600000	100.000000	17.000000	100.000000	4.180000	0.000000	0.000000	0.000000	0.000000	1	1	0.000000	1.000000	1.000000	1.000000	1.000000	1.000000	1.000000	740.000000	740.000000	0.000000	47.000000	32.000000	8.806847E-14	0.000000E+0
3737590113.770226	1.562000	1.100500	1.575000	-9.990000	-15.000000	17.800000	100.000000	17.000000	100.000000	4.180000	0.000000	0.000000	0.000000	0.000000	1	1	0.000000	1.000000	1.000000	1.000000	1.000000	1.000000	1.000000	740.000000	740.000000	0.000000	42.000000	27.000000	8.806847E-14	0.000000E+0
3737590119.866042	1.562000	1.100500	1.575000	-9.990000	-15.000000	18.000000	100.000000	17.000000	100.000000	4.180000	0.000000	0.000000	0.000000	0.000000	1	1	0.000000	1.000000	1.000000	1.000000	1.000000	1.000000	1.000000	740.000000	740.000000	0.000000	42.000000	39.000000	8.806847E-14	0.000000E+0
3737590126.666925	1.562000	1.100500	1.575000	-9.990000	-15.000000	18.200000	100.000000	17.000000	100.000000	4.180000	0.000000	0.000000	0.000000	0.000000	1	1	0.000000	1.000000	1.000000	1.000000	1.000000	1.000000	1.000000	740.000000	740.000000	0.000000	49.000000	37.000000	8.806847E-14	0.000000E+0
3737590133.314109	1.562000	1.100500	1.575000	-9.990000	-15.000000	18.400000	100.000000	17.000000	100.000000	4.180000	0.000000	0.000000	0.000000	0.000000	1	1	0.000000	1.000000	1.000000	1.000000	1.000000	1.000000	1.000000	740.000000	740.000000	0.000000	65.000000	34.000000	8.806847E-14	0.000000E+0
3737590139.925554	1.562000	1.100500	1.575000	-9.990000	-15.000000	18.600000	100.000000	17.000000	100.000000	4.180000	0.000000	0.000000	0.000000	0.000000	1	1	0.000000	1.000000	1.000000	1.000000	1.000000	1.000000	1.000000	740.000000	740.000000	0.000000	69.000000	31.000000	8.806847E-14	0.000000E+0
3737590146.719469	1.562000	1.100500	1.575000	-9.990000	-15.000000	18.800000	100.000000	17.000000	100.000000	4.180000	0.000000	0.000000	0.000000	0.000000	1	1	0.000000	1.000000	1.000000	1.000000	1.000000	1.000000	1.000000	740.000000	740.000000	0.000000	58.000000	33.000000	8.806847E-14	0.000000E+0
3737590153.390755	1.562000	1.100500	1.575000	-9.990000	-15.000000	19.000000	100.000000	17.000000	100.000000	4.180000	0.000000	0.000000	0.000000	0.000000	1	1	0.000000	1.000000	1.000000	1.000000	1.000000	1.000000	1.000000	740.000000	740.000000	0.000000	57.000000	35.000000	8.806847E-14	0.000000E+0
3737590159.964254	1.562000	1.100500	1.575000	-9.990000	-15.000000	19.200000	100.000000	17.000000	100.000000	4.180000	0.000000	0.000000	0.000000	0.000000	1	1	0.000000	1.000000	1.000000	1.000000	1.000000	1.000000	1.000000	740.000000	740.000000	0.000000	68.000000	45.000000	8.806847E-14	0.000000E+0
3737590166.687407	1.562000	1.100500	1.575000	-9.990000	-15.000000	19.400000	100.000000	17.000000	100.000000	4.180000	0.000000	0.000000	0.000000	0.000000	1	1	0.000000	1.000000	1.000000	1.000000	1.000000	1.000000	1.000000	740.000000	740.000000	0.000000	58.000000	36.000000	8.806847E-14	0.000000E+0
3737590173.173027	1.562000	1.100500	1.575000	-9.990000	-15.000000	19.600000	100.000000	17.000000	100.000000	4.180000	0.000000	0.000000	0.000000	0.000000	1	1	0.000000	1.000000	1.000000	1.000000	1.000000	1.000000	1.000000	740.000000	740.000000	0.000000	59.000000	41.000000	8.806847E-14	0.000000E+0
3737590179.746549	1.562000	1.100500	1.575000	-9.990000	-15.000000	19.800000	100.000000	17.000000	100.000000	4.180000	0.000000	0.000000	0.000000	0.000000	1	1	0.000000	1.000000	1.000000	1.000000	1.000000	1.000000	1.000000	740.000000	740.000000	0.000000	64.000000	40.000000	8.806847E-14	0.000000E+0
3737590186.062755	1.562000	1.100500	1.575000	-9.990000	-15.000000	20.000000	100.000000	17.000000	100.000000	4.180000	0.000000	0.000000	0.000000	0.000000	1	1	0.000000	1.000000	1.000000	1.000000	1.000000	1.000000	1.000000	740.000000	740.000000	0.000000	79.000000	32.000000	8.806847E-14	0.000000E+0
