#Cu(100) Th=15_25.dat
#6/8/2022 11:41:07 PM
#Preliminary IPES Scan
#Sweep En
#Measure rgm, lgm, 6487
#Timestamp (sec)	X (mm)	Y (mm)	Z (mm)	Theta (deg)	EG Grid (V)	EG Energy (eV)	EG Extraction (V)	EG Focus 1 (V)	EG Focus 2 (V)	EG Filament (V)	EG X1 Alignment (V)	EG X2 Alignment (V)	EG Y1 Alignment (V)	EG Y2 Alignment (V)	6485 Samples	6487 Samples	6487 Voltage (V)	GM2 Dwell Time (s)	GM2 SCA Lower Limit (V)	GM2 SCA Upper Limit (V)	GM1 Dwell Time (s)	GM1 SCA Lower Limit (V)	GM1 SCA Upper Limit (V)	Voltage Supply A (V)	Voltage Supply B (V)	Dummy	GM2 Counts	GM1 Counts	Keithley6485 Current (A)	Keithley6487 Current (A)
#time	xpos	ypos	zpos	theta	grid	en	ext	f1	f2	fil	x1	x2	y1	y2	6485s	6487s	6487v	gm2dw	gm2ll	gm2ul	gm1dw	gm1ll	gm1ul	va	vb	dummy	gm2	gm1	6485c	6487c
3737590875.588638	1.562000	1.100500	1.575000	-9.990000	-15.000000	0.000000	100.000000	17.000000	100.000000	4.180000	0.000000	0.000000	0.000000	0.000000	1	1	0.000000	1.000000	1.000000	1.000000	1.000000	1.000000	1.000000	740.000000	740.000000	0.000000	2.000000	6.000000	-2.842073E-15	0.000000E+0
3737590880.795794	1.562000	1.100500	1.575000	-9.990000	-15.000000	0.200000	100.000000	17.000000	100.000000	4.180000	0.000000	0.000000	0.000000	0.000000	1	1	0.000000	1.000000	1.000000	1.000000	1.000000	1.000000	1.000000	740.000000	740.000000	0.000000	5.000000	11.000000	-2.842073E-15	0.000000E+0
3737590886.000933	1.562000	1.100500	1.575000	-9.990000	-15.000000	0.400000	100.000000	17.000000	100.000000	4.180000	0.000000	0.000000	0.000000	0.000000	1	1	0.000000	1.000000	1.000000	1.000000	1.000000	1.000000	1.000000	740.000000	740.000000	0.000000	2.000000	6.000000	-2.842073E-15	0.000000E+0
3737590891.201982	1.562000	1.100500	1.575000	-9.990000	-15.000000	0.600000	100.000000	17.000000	100.000000	4.180000	0.000000	0.000000	0.000000	0.000000	1	1	0.000000	1.000000	1.000000	1.000000	1.000000	1.000000	1.000000	740.000000	740.000000	0.000000	3.000000	9.000000	-2.842073E-15	0.000000E+0
3737590896.387713	1.562000	1.100500	1.575000	-9.990000	-15.000000	0.800000	100.000000	17.000000	100.000000	4.180000	0.000000	0.000000	0.000000	0.000000	1	1	0.000000	1.000000	1.000000	1.000000	1.000000	1.000000	1.000000	740.000000	740.000000	0.000000	7.000000	13.000000	-2.842073E-15	0.000000E+0
3737590901.584406	1.562000	1.100500	1.575000	-9.990000	-15.000000	1.000000	100.000000	17.000000	100.000000	4.180000	0.000000	0.000000	0.000000	0.000000	1	1	0.000000	1.000000	1.000000	1.000000	1.000000	1.000000	1.000000	740.000000	740.000000	0.000000	4.000000	12.000000	-2.842073E-15	0.000000E+0
3737590906.807482	1.562000	1.100500	1.575000	-9.990000	-15.000000	1.200000	100.000000	17.000000	100.000000	4.180000	0.000000	0.000000	0.000000	0.000000	1	1	0.000000	1.000000	1.000000	1.000000	1.000000	1.000000	1.000000	740.000000	740.000000	0.000000	2.000000	12.000000	-2.842073E-15	0.000000E+0
3737590912.055501	1.562000	1.100500	1.575000	-9.990000	-15.000000	1.400000	100.000000	17.000000	100.000000	4.180000	0.000000	0.000000	0.000000	0.000000	1	1	0.000000	1.000000	1.000000	1.000000	1.000000	1.000000	1.000000	740.000000	740.000000	0.000000	1.000000	7.000000	-2.842073E-15	0.000000E+0
3737590917.268682	1.562000	1.100500	1.575000	-9.990000	-15.000000	1.600000	100.000000	17.000000	100.000000	4.180000	0.000000	0.000000	0.000000	0.000000	1	1	0.000000	1.000000	1.000000	1.000000	1.000000	1.000000	1.000000	740.000000	740.000000	0.000000	6.000000	8.000000	-2.842073E-15	0.000000E+0
3737590922.511718	1.562000	1.100500	1.575000	-9.990000	-15.000000	1.800000	100.000000	17.000000	100.000000	4.180000	0.000000	0.000000	0.000000	0.000000	1	1	0.000000	1.000000	1.000000	1.000000	1.000000	1.000000	1.000000	740.000000	740.000000	0.000000	1.000000	11.000000	-2.842073E-15	0.000000E+0
3737590927.766747	1.562000	1.100500	1.575000	-9.990000	-15.000000	2.000000	100.000000	17.000000	100.000000	4.180000	0.000000	0.000000	0.000000	0.000000	1	1	0.000000	1.000000	1.000000	1.000000	1.000000	1.000000	1.000000	740.000000	740.000000	0.000000	1.000000	10.000000	-2.842073E-15	0.000000E+0
3737590933.016253	1.562000	1.100500	1.575000	-9.990000	-15.000000	2.200000	100.000000	17.000000	100.000000	4.180000	0.000000	0.000000	0.000000	0.000000	1	1	0.000000	1.000000	1.000000	1.000000	1.000000	1.000000	1.000000	740.000000	740.000000	0.000000	3.000000	5.000000	-2.842073E-15	0.000000E+0
3737590938.295220	1.562000	1.100500	1.575000	-9.990000	-15.000000	2.400000	100.000000	17.000000	100.000000	4.180000	0.000000	0.000000	0.000000	0.000000	1	1	0.000000	1.000000	1.000000	1.000000	1.000000	1.000000	1.000000	740.000000	740.000000	0.000000	5.000000	8.000000	-2.842073E-15	0.000000E+0
3737590943.550249	1.562000	1.100500	1.575000	-9.990000	-15.000000	2.600000	100.000000	17.000000	100.000000	4.180000	0.000000	0.000000	0.000000	0.000000	1	1	0.000000	1.000000	1.000000	1.000000	1.000000	1.000000	1.000000	740.000000	740.000000	0.000000	4.000000	8.000000	-2.842073E-15	0.000000E+0
3737590948.747430	1.562000	1.100500	1.575000	-9.990000	-15.000000	2.800000	100.000000	17.000000	100.000000	4.180000	0.000000	0.000000	0.000000	0.000000	1	1	0.000000	1.000000	1.000000	1.000000	1.000000	1.000000	1.000000	740.000000	740.000000	0.000000	1.000000	3.000000	-2.842073E-15	0.000000E+0
3737590953.914361	1.562000	1.100500	1.575000	-9.990000	-15.000000	3.000000	100.000000	17.000000	100.000000	4.180000	0.000000	0.000000	0.000000	0.000000	1	1	0.000000	1.000000	1.000000	1.000000	1.000000	1.000000	1.000000	740.000000	740.000000	0.000000	5.000000	2.000000	-2.842073E-15	0.000000E+0
3737590959.082594	1.562000	1.100500	1.575000	-9.990000	-15.000000	3.200000	100.000000	17.000000	100.000000	4.180000	0.000000	0.000000	0.000000	0.000000	1	1	0.000000	1.000000	1.000000	1.000000	1.000000	1.000000	1.000000	740.000000	740.000000	0.000000	2.000000	8.000000	-2.842073E-15	0.000000E+0
3737590964.278782	1.562000	1.100500	1.575000	-9.990000	-15.000000	3.400000	100.000000	17.000000	100.000000	4.180000	0.000000	0.000000	0.000000	0.000000	1	1	0.000000	1.000000	1.000000	1.000000	1.000000	1.000000	1.000000	740.000000	740.000000	0.000000	5.000000	10.000000	-2.842073E-15	0.000000E+0
3737590969.450033	1.562000	1.100500	1.575000	-9.990000	-15.000000	3.600000	100.000000	17.000000	100.000000	4.180000	0.000000	0.000000	0.000000	0.000000	1	1	0.000000	1.000000	1.000000	1.000000	1.000000	1.000000	1.000000	740.000000	740.000000	0.000000	3.000000	4.000000	-2.842073E-15	0.000000E+0
3737590974.637241	1.562000	1.100500	1.575000	-9.990000	-15.000000	3.800000	100.000000	17.000000	100.000000	4.180000	0.000000	0.000000	0.000000	0.000000	1	1	0.000000	1.000000	1.000000	1.000000	1.000000	1.000000	1.000000	740.000000	740.000000	0.000000	5.000000	4.000000	-2.842073E-15	0.000000E+0
3737590979.806647	1.562000	1.100500	1.575000	-9.990000	-15.000000	4.000000	100.000000	17.000000	100.000000	4.180000	0.000000	0.000000	0.000000	0.000000	1	1	0.000000	1.000000	1.000000	1.000000	1.000000	1.000000	1.000000	740.000000	740.000000	0.000000	2.000000	8.000000	-2.842073E-15	0.000000E+0
3737590984.975903	1.562000	1.100500	1.575000	-9.990000	-15.000000	4.200000	100.000000	17.000000	100.000000	4.180000	0.000000	0.000000	0.000000	0.000000	1	1	0.000000	1.000000	1.000000	1.000000	1.000000	1.000000	1.000000	740.000000	740.000000	0.000000	2.000000	3.000000	-2.842073E-15	0.000000E+0
3737590990.152652	1.562000	1.100500	1.575000	-9.990000	-15.000000	4.400000	100.000000	17.000000	100.000000	4.180000	0.000000	0.000000	0.000000	0.000000	1	1	0.000000	1.000000	1.000000	1.000000	1.000000	1.000000	1.000000	740.000000	740.000000	0.000000	5.000000	4.000000	-2.842073E-15	0.000000E+0
3737590995.325922	1.562000	1.100500	1.575000	-9.990000	-15.000000	4.600000	100.000000	17.000000	100.000000	4.180000	0.000000	0.000000	0.000000	0.000000	1	1	0.000000	1.000000	1.000000	1.000000	1.000000	1.000000	1.000000	740.000000	740.000000	0.000000	2.000000	9.000000	-2.842073E-15	0.000000E+0
3737591000.505127	1.562000	1.100500	1.575000	-9.990000	-15.000000	4.800000	100.000000	17.000000	100.000000	4.180000	0.000000	0.000000	0.000000	0.000000	1	1	0.000000	1.000000	1.000000	1.000000	1.000000	1.000000	1.000000	740.000000	740.000000	0.000000	2.000000	20.000000	-2.842073E-15	0.000000E+0
3737591007.454655	1.562000	1.100500	1.575000	-9.990000	-15.000000	5.000000	100.000000	17.000000	100.000000	4.180000	0.000000	0.000000	0.000000	0.000000	1	1	0.000000	1.000000	1.000000	1.000000	1.000000	1.000000	1.000000	740.000000	740.000000	0.000000	17.000000	58.000000	-2.842073E-15	0.000000E+0
3737591014.212687	1.562000	1.100500	1.575000	-9.990000	-15.000000	5.200000	100.000000	17.000000	100.000000	4.180000	0.000000	0.000000	0.000000	0.000000	1	1	0.000000	1.000000	1.000000	1.000000	1.000000	1.000000	1.000000	740.000000	740.000000	0.000000	33.000000	136.000000	-2.842073E-15	0.000000E+0
3737591021.137785	1.562000	1.100500	1.575000	-9.990000	-15.000000	5.400000	100.000000	17.000000	100.000000	4.180000	0.000000	0.000000	0.000000	0.000000	1	1	0.000000	1.000000	1.000000	1.000000	1.000000	1.000000	1.000000	740.000000	740.000000	0.000000	67.000000	198.000000	-2.842073E-15	0.000000E+0
3737591027.997546	1.562000	1.100500	1.575000	-9.990000	-15.000000	5.600000	100.000000	17.000000	100.000000	4.180000	0.000000	0.000000	0.000000	0.000000	1	1	0.000000	1.000000	1.000000	1.000000	1.000000	1.000000	1.000000	740.000000	740.000000	0.000000	81.000000	223.000000	-2.842073E-15	0.000000E+0
3737591035.095676	1.562000	1.100500	1.575000	-9.990000	-15.000000	5.800000	100.000000	17.000000	100.000000	4.180000	0.000000	0.000000	0.000000	0.000000	1	1	0.000000	1.000000	1.000000	1.000000	1.000000	1.000000	1.000000	740.000000	740.000000	0.000000	99.000000	212.000000	-2.842073E-15	0.000000E+0
3737591042.076117	1.562000	1.100500	1.575000	-9.990000	-15.000000	6.000000	100.000000	17.000000	100.000000	4.180000	0.000000	0.000000	0.000000	0.000000	1	1	0.000000	1.000000	1.000000	1.000000	1.000000	1.000000	1.000000	740.000000	740.000000	0.000000	58.000000	170.000000	-2.842073E-15	0.000000E+0
3737591048.921928	1.562000	1.100500	1.575000	-9.990000	-15.000000	6.200000	100.000000	17.000000	100.000000	4.180000	0.000000	0.000000	0.000000	0.000000	1	1	0.000000	1.000000	1.000000	1.000000	1.000000	1.000000	1.000000	740.000000	740.000000	0.000000	50.000000	73.000000	-2.842073E-15	0.000000E+0
3737591055.907345	1.562000	1.100500	1.575000	-9.990000	-15.000000	6.400000	100.000000	17.000000	100.000000	4.180000	0.000000	0.000000	0.000000	0.000000	1	1	0.000000	1.000000	1.000000	1.000000	1.000000	1.000000	1.000000	740.000000	740.000000	0.000000	42.000000	51.000000	-2.842073E-15	0.000000E+0
3737591062.694313	1.562000	1.100500	1.575000	-9.990000	-15.000000	6.600000	100.000000	17.000000	100.000000	4.180000	0.000000	0.000000	0.000000	0.000000	1	1	0.000000	1.000000	1.000000	1.000000	1.000000	1.000000	1.000000	740.000000	740.000000	0.000000	62.000000	39.000000	-2.842073E-15	0.000000E+0
3737591069.455324	1.562000	1.100500	1.575000	-9.990000	-15.000000	6.800000	100.000000	17.000000	100.000000	4.180000	0.000000	0.000000	0.000000	0.000000	1	1	0.000000	1.000000	1.000000	1.000000	1.000000	1.000000	1.000000	740.000000	740.000000	0.000000	53.000000	44.000000	-2.842073E-15	0.000000E+0
3737591076.078724	1.562000	1.100500	1.575000	-9.990000	-15.000000	7.000000	100.000000	17.000000	100.000000	4.180000	0.000000	0.000000	0.000000	0.000000	1	1	0.000000	1.000000	1.000000	1.000000	1.000000	1.000000	1.000000	740.000000	740.000000	0.000000	60.000000	45.000000	-2.842073E-15	0.000000E+0
3737591082.636306	1.562000	1.100500	1.575000	-9.990000	-15.000000	7.200000	100.000000	17.000000	100.000000	4.180000	0.000000	0.000000	0.000000	0.000000	1	1	0.000000	1.000000	1.000000	1.000000	1.000000	1.000000	1.000000	740.000000	740.000000	0.000000	64.000000	52.000000	-2.842073E-15	0.000000E+0
3737591089.260670	1.562000	1.100500	1.575000	-9.990000	-15.000000	7.400000	100.000000	17.000000	100.000000	4.180000	0.000000	0.000000	0.000000	0.000000	1	1	0.000000	1.000000	1.000000	1.000000	1.000000	1.000000	1.000000	740.000000	740.000000	0.000000	53.000000	62.000000	-2.842073E-15	0.000000E+0
3737591096.220167	1.562000	1.100500	1.575000	-9.990000	-15.000000	7.600000	100.000000	17.000000	100.000000	4.180000	0.000000	0.000000	0.000000	0.000000	1	1	0.000000	1.000000	1.000000	1.000000	1.000000	1.000000	1.000000	740.000000	740.000000	0.000000	54.000000	40.000000	-2.842073E-15	0.000000E+0
3737591102.902399	1.562000	1.100500	1.575000	-9.990000	-15.000000	7.800000	100.000000	17.000000	100.000000	4.180000	0.000000	0.000000	0.000000	0.000000	1	1	0.000000	1.000000	1.000000	1.000000	1.000000	1.000000	1.000000	740.000000	740.000000	0.000000	57.000000	45.000000	-2.842073E-15	0.000000E+0
3737591109.955647	1.562000	1.100500	1.575000	-9.990000	-15.000000	8.000000	100.000000	17.000000	100.000000	4.180000	0.000000	0.000000	0.000000	0.000000	1	1	0.000000	1.000000	1.000000	1.000000	1.000000	1.000000	1.000000	740.000000	740.000000	0.000000	50.000000	41.000000	-2.842073E-15	0.000000E+0
3737591116.727641	1.562000	1.100500	1.575000	-9.990000	-15.000000	8.200000	100.000000	17.000000	100.000000	4.180000	0.000000	0.000000	0.000000	0.000000	1	1	0.000000	1.000000	1.000000	1.000000	1.000000	1.000000	1.000000	740.000000	740.000000	0.000000	52.000000	39.000000	-2.842073E-15	0.000000E+0
3737591123.623313	1.562000	1.100500	1.575000	-9.990000	-15.000000	8.400000	100.000000	17.000000	100.000000	4.180000	0.000000	0.000000	0.000000	0.000000	1	1	0.000000	1.000000	1.000000	1.000000	1.000000	1.000000	1.000000	740.000000	740.000000	0.000000	51.000000	38.000000	-2.842073E-15	0.000000E+0
3737591131.511338	1.562000	1.100500	1.575000	-9.990000	-15.000000	8.600000	100.000000	17.000000	100.000000	4.180000	0.000000	0.000000	0.000000	0.000000	1	1	0.000000	1.000000	1.000000	1.000000	1.000000	1.000000	1.000000	740.000000	740.000000	0.000000	62.000000	32.000000	-2.842073E-15	0.000000E+0
3737591138.310260	1.562000	1.100500	1.575000	-9.990000	-15.000000	8.800000	100.000000	17.000000	100.000000	4.180000	0.000000	0.000000	0.000000	0.000000	1	1	0.000000	1.000000	1.000000	1.000000	1.000000	1.000000	1.000000	740.000000	740.000000	0.000000	52.000000	43.000000	-2.842073E-15	0.000000E+0
3737591145.134117	1.562000	1.100500	1.575000	-9.990000	-15.000000	9.000000	100.000000	17.000000	100.000000	4.180000	0.000000	0.000000	0.000000	0.000000	1	1	0.000000	1.000000	1.000000	1.000000	1.000000	1.000000	1.000000	740.000000	740.000000	0.000000	49.000000	41.000000	-2.842073E-15	0.000000E+0
3737591152.025797	1.562000	1.100500	1.575000	-9.990000	-15.000000	9.200000	100.000000	17.000000	100.000000	4.180000	0.000000	0.000000	0.000000	0.000000	1	1	0.000000	1.000000	1.000000	1.000000	1.000000	1.000000	1.000000	740.000000	740.000000	0.000000	51.000000	44.000000	-2.842073E-15	0.000000E+0
3737591158.191402	1.562000	1.100500	1.575000	-9.990000	-15.000000	9.400000	100.000000	17.000000	100.000000	4.180000	0.000000	0.000000	0.000000	0.000000	1	1	0.000000	1.000000	1.000000	1.000000	1.000000	1.000000	1.000000	740.000000	740.000000	0.000000	29.000000	37.000000	-2.842073E-15	0.000000E+0
3737591163.586060	1.562000	1.100500	1.575000	-9.990000	-15.000000	9.600000	100.000000	17.000000	100.000000	4.180000	0.000000	0.000000	0.000000	0.000000	1	1	0.000000	1.000000	1.000000	1.000000	1.000000	1.000000	1.000000	740.000000	740.000000	0.000000	29.000000	34.000000	-2.842073E-15	0.000000E+0
3737591168.956790	1.562000	1.100500	1.575000	-9.990000	-15.000000	9.800000	100.000000	17.000000	100.000000	4.180000	0.000000	0.000000	0.000000	0.000000	1	1	0.000000	1.000000	1.000000	1.000000	1.000000	1.000000	1.000000	740.000000	740.000000	0.000000	24.000000	24.000000	-2.842073E-15	0.000000E+0
3737591174.355438	1.562000	1.100500	1.575000	-9.990000	-15.000000	10.000000	100.000000	17.000000	100.000000	4.180000	0.000000	0.000000	0.000000	0.000000	1	1	0.000000	1.000000	1.000000	1.000000	1.000000	1.000000	1.000000	740.000000	740.000000	0.000000	24.000000	22.000000	-2.842073E-15	0.000000E+0
3737591179.703209	1.562000	1.100500	1.575000	-9.990000	-15.000000	10.200000	100.000000	17.000000	100.000000	4.180000	0.000000	0.000000	0.000000	0.000000	1	1	0.000000	1.000000	1.000000	1.000000	1.000000	1.000000	1.000000	740.000000	740.000000	0.000000	22.000000	25.000000	-2.842073E-15	0.000000E+0
3737591185.011097	1.562000	1.100500	1.575000	-9.990000	-15.000000	10.400000	100.000000	17.000000	100.000000	4.180000	0.000000	0.000000	0.000000	0.000000	1	1	0.000000	1.000000	1.000000	1.000000	1.000000	1.000000	1.000000	740.000000	740.000000	0.000000	26.000000	22.000000	-2.842073E-15	0.000000E+0
3737591190.364866	1.562000	1.100500	1.575000	-9.990000	-15.000000	10.600000	100.000000	17.000000	100.000000	4.180000	0.000000	0.000000	0.000000	0.000000	1	1	0.000000	1.000000	1.000000	1.000000	1.000000	1.000000	1.000000	740.000000	740.000000	0.000000	16.000000	34.000000	-2.842073E-15	0.000000E+0
3737591195.683810	1.562000	1.100500	1.575000	-9.990000	-15.000000	10.800000	100.000000	17.000000	100.000000	4.180000	0.000000	0.000000	0.000000	0.000000	1	1	0.000000	1.000000	1.000000	1.000000	1.000000	1.000000	1.000000	740.000000	740.000000	0.000000	22.000000	18.000000	-2.842073E-15	0.000000E+0
3737591201.050461	1.562000	1.100500	1.575000	-9.990000	-15.000000	11.000000	100.000000	17.000000	100.000000	4.180000	0.000000	0.000000	0.000000	0.000000	1	1	0.000000	1.000000	1.000000	1.000000	1.000000	1.000000	1.000000	740.000000	740.000000	0.000000	24.000000	13.000000	-2.842073E-15	0.000000E+0
3737591206.399246	1.562000	1.100500	1.575000	-9.990000	-15.000000	11.200000	100.000000	17.000000	100.000000	4.180000	0.000000	0.000000	0.000000	0.000000	1	1	0.000000	1.000000	1.000000	1.000000	1.000000	1.000000	1.000000	740.000000	740.000000	0.000000	14.000000	24.000000	-2.842073E-15	0.000000E+0
3737591211.773942	1.562000	1.100500	1.575000	-9.990000	-15.000000	11.400000	100.000000	17.000000	100.000000	4.180000	0.000000	0.000000	0.000000	0.000000	1	1	0.000000	1.000000	1.000000	1.000000	1.000000	1.000000	1.000000	740.000000	740.000000	0.000000	25.000000	22.000000	-2.842073E-15	0.000000E+0
3737591218.987764	1.562000	1.100500	1.575000	-9.990000	-15.000000	11.600000	100.000000	17.000000	100.000000	4.180000	0.000000	0.000000	0.000000	0.000000	1	1	0.000000	1.000000	1.000000	1.000000	1.000000	1.000000	1.000000	740.000000	740.000000	0.000000	40.000000	37.000000	-2.842073E-15	0.000000E+0
3737591225.904376	1.562000	1.100500	1.575000	-9.990000	-15.000000	11.800000	100.000000	17.000000	100.000000	4.180000	0.000000	0.000000	0.000000	0.000000	1	1	0.000000	1.000000	1.000000	1.000000	1.000000	1.000000	1.000000	740.000000	740.000000	0.000000	43.000000	37.000000	-2.842073E-15	0.000000E+0
3737591232.581635	1.562000	1.100500	1.575000	-9.990000	-15.000000	12.000000	100.000000	17.000000	100.000000	4.180000	0.000000	0.000000	0.000000	0.000000	1	1	0.000000	1.000000	1.000000	1.000000	1.000000	1.000000	1.000000	740.000000	740.000000	0.000000	58.000000	50.000000	-2.842073E-15	0.000000E+0
3737591238.932748	1.562000	1.100500	1.575000	-9.990000	-15.000000	12.200000	100.000000	17.000000	100.000000	4.180000	0.000000	0.000000	0.000000	0.000000	1	1	0.000000	1.000000	1.000000	1.000000	1.000000	1.000000	1.000000	740.000000	740.000000	0.000000	82.000000	49.000000	-2.842073E-15	0.000000E+0
3737591246.825751	1.562000	1.100500	1.575000	-9.990000	-15.000000	12.400000	100.000000	17.000000	100.000000	4.180000	0.000000	0.000000	0.000000	0.000000	1	1	0.000000	1.000000	1.000000	1.000000	1.000000	1.000000	1.000000	740.000000	740.000000	0.000000	84.000000	47.000000	-2.842073E-15	0.000000E+0
3737591253.946818	1.562000	1.100500	1.575000	-9.990000	-15.000000	12.600000	100.000000	17.000000	100.000000	4.180000	0.000000	0.000000	0.000000	0.000000	1	1	0.000000	1.000000	1.000000	1.000000	1.000000	1.000000	1.000000	740.000000	740.000000	0.000000	117.000000	56.000000	-2.842073E-15	0.000000E+0
3737591260.781648	1.562000	1.100500	1.575000	-9.990000	-15.000000	12.800000	100.000000	17.000000	100.000000	4.180000	0.000000	0.000000	0.000000	0.000000	1	1	0.000000	1.000000	1.000000	1.000000	1.000000	1.000000	1.000000	740.000000	740.000000	0.000000	96.000000	52.000000	-2.842073E-15	0.000000E+0
3737591267.248470	1.562000	1.100500	1.575000	-9.990000	-15.000000	13.000000	100.000000	17.000000	100.000000	4.180000	0.000000	0.000000	0.000000	0.000000	1	1	0.000000	1.000000	1.000000	1.000000	1.000000	1.000000	1.000000	740.000000	740.000000	0.000000	66.000000	51.000000	-2.842073E-15	0.000000E+0
3737591273.702295	1.562000	1.100500	1.575000	-9.990000	-15.000000	13.200000	100.000000	17.000000	100.000000	4.180000	0.000000	0.000000	0.000000	0.000000	1	1	0.000000	1.000000	1.000000	1.000000	1.000000	1.000000	1.000000	740.000000	740.000000	0.000000	90.000000	48.000000	-2.842073E-15	0.000000E+0
3737591280.398470	1.562000	1.100500	1.575000	-9.990000	-15.000000	13.400000	100.000000	17.000000	100.000000	4.180000	0.000000	0.000000	0.000000	0.000000	1	1	0.000000	1.000000	1.000000	1.000000	1.000000	1.000000	1.000000	740.000000	740.000000	0.000000	66.000000	40.000000	-2.842073E-15	0.000000E+0
3737591287.454672	1.562000	1.100500	1.575000	-9.990000	-15.000000	13.600000	100.000000	17.000000	100.000000	4.180000	0.000000	0.000000	0.000000	0.000000	1	1	0.000000	1.000000	1.000000	1.000000	1.000000	1.000000	1.000000	740.000000	740.000000	0.000000	55.000000	36.000000	-2.842073E-15	0.000000E+0
3737591294.458014	1.562000	1.100500	1.575000	-9.990000	-15.000000	13.800000	100.000000	17.000000	100.000000	4.180000	0.000000	0.000000	0.000000	0.000000	1	1	0.000000	1.000000	1.000000	1.000000	1.000000	1.000000	1.000000	740.000000	740.000000	0.000000	52.000000	41.000000	-2.842073E-15	0.000000E+0
3737591299.835891	1.562000	1.100500	1.575000	-9.990000	-15.000000	14.000000	100.000000	17.000000	100.000000	4.180000	0.000000	0.000000	0.000000	0.000000	1	1	0.000000	1.000000	1.000000	1.000000	1.000000	1.000000	1.000000	740.000000	740.000000	0.000000	35.000000	29.000000	-2.842073E-15	0.000000E+0
3737591305.384908	1.562000	1.100500	1.575000	-9.990000	-15.000000	14.200000	100.000000	17.000000	100.000000	4.180000	0.000000	0.000000	0.000000	0.000000	1	1	0.000000	1.000000	1.000000	1.000000	1.000000	1.000000	1.000000	740.000000	740.000000	0.000000	32.000000	27.000000	-2.842073E-15	0.000000E+0
3737591310.738640	1.562000	1.100500	1.575000	-9.990000	-15.000000	14.400000	100.000000	17.000000	100.000000	4.180000	0.000000	0.000000	0.000000	0.000000	1	1	0.000000	1.000000	1.000000	1.000000	1.000000	1.000000	1.000000	740.000000	740.000000	0.000000	33.000000	20.000000	-2.842073E-15	0.000000E+0
3737591316.061459	1.562000	1.100500	1.575000	-9.990000	-15.000000	14.600000	100.000000	17.000000	100.000000	4.180000	0.000000	0.000000	0.000000	0.000000	1	1	0.000000	1.000000	1.000000	1.000000	1.000000	1.000000	1.000000	740.000000	740.000000	0.000000	33.000000	24.000000	-2.842073E-15	0.000000E+0
3737591321.419436	1.562000	1.100500	1.575000	-9.990000	-15.000000	14.800000	100.000000	17.000000	100.000000	4.180000	0.000000	0.000000	0.000000	0.000000	1	1	0.000000	1.000000	1.000000	1.000000	1.000000	1.000000	1.000000	740.000000	740.000000	0.000000	34.000000	26.000000	-2.842073E-15	0.000000E+0
3737591326.751982	1.562000	1.100500	1.575000	-9.990000	-15.000000	15.000000	100.000000	17.000000	100.000000	4.180000	0.000000	0.000000	0.000000	0.000000	1	1	0.000000	1.000000	1.000000	1.000000	1.000000	1.000000	1.000000	740.000000	740.000000	0.000000	30.000000	26.000000	-2.842073E-15	0.000000E+0
3737591332.114689	1.562000	1.100500	1.575000	-9.990000	-15.000000	15.200000	100.000000	17.000000	100.000000	4.180000	0.000000	0.000000	0.000000	0.000000	1	1	0.000000	1.000000	1.000000	1.000000	1.000000	1.000000	1.000000	740.000000	740.000000	0.000000	30.000000	24.000000	-2.842073E-15	0.000000E+0
3737591337.415565	1.562000	1.100500	1.575000	-9.990000	-15.000000	15.400000	100.000000	17.000000	100.000000	4.180000	0.000000	0.000000	0.000000	0.000000	1	1	0.000000	1.000000	1.000000	1.000000	1.000000	1.000000	1.000000	740.000000	740.000000	0.000000	33.000000	23.000000	-2.842073E-15	0.000000E+0
3737591342.758338	1.562000	1.100500	1.575000	-9.990000	-15.000000	15.600000	100.000000	17.000000	100.000000	4.180000	0.000000	0.000000	0.000000	0.000000	1	1	0.000000	1.000000	1.000000	1.000000	1.000000	1.000000	1.000000	740.000000	740.000000	0.000000	41.000000	25.000000	-2.842073E-15	0.000000E+0
3737591349.106419	1.562000	1.100500	1.575000	-9.990000	-15.000000	15.800000	100.000000	17.000000	100.000000	4.180000	0.000000	0.000000	0.000000	0.000000	1	1	0.000000	1.000000	1.000000	1.000000	1.000000	1.000000	1.000000	740.000000	740.000000	0.000000	45.000000	34.000000	-2.842073E-15	0.000000E+0
3737591355.418618	1.562000	1.100500	1.575000	-9.990000	-15.000000	16.000000	100.000000	17.000000	100.000000	4.180000	0.000000	0.000000	0.000000	0.000000	1	1	0.000000	1.000000	1.000000	1.000000	1.000000	1.000000	1.000000	740.000000	740.000000	0.000000	29.000000	29.000000	-2.842073E-15	0.000000E+0
3737591360.847153	1.562000	1.100500	1.575000	-9.990000	-15.000000	16.200000	100.000000	17.000000	100.000000	4.180000	0.000000	0.000000	0.000000	0.000000	1	1	0.000000	1.000000	1.000000	1.000000	1.000000	1.000000	1.000000	740.000000	740.000000	0.000000	43.000000	23.000000	-2.842073E-15	0.000000E+0
3737591367.377742	1.562000	1.100500	1.575000	-9.990000	-15.000000	16.400000	100.000000	17.000000	100.000000	4.180000	0.000000	0.000000	0.000000	0.000000	1	1	0.000000	1.000000	1.000000	1.000000	1.000000	1.000000	1.000000	740.000000	740.000000	0.000000	51.000000	30.000000	-2.842073E-15	0.000000E+0
3737591373.492456	1.562000	1.100500	1.575000	-9.990000	-15.000000	16.600000	100.000000	17.000000	100.000000	4.180000	0.000000	0.000000	0.000000	0.000000	1	1	0.000000	1.000000	1.000000	1.000000	1.000000	1.000000	1.000000	740.000000	740.000000	0.000000	56.000000	28.000000	-2.842073E-15	0.000000E+0
3737591379.578237	1.562000	1.100500	1.575000	-9.990000	-15.000000	16.800000	100.000000	17.000000	100.000000	4.180000	0.000000	0.000000	0.000000	0.000000	1	1	0.000000	1.000000	1.000000	1.000000	1.000000	1.000000	1.000000	740.000000	740.000000	0.000000	33.000000	27.000000	-2.842073E-15	0.000000E+0
3737591385.898397	1.562000	1.100500	1.575000	-9.990000	-15.000000	17.000000	100.000000	17.000000	100.000000	4.180000	0.000000	0.000000	0.000000	0.000000	1	1	0.000000	1.000000	1.000000	1.000000	1.000000	1.000000	1.000000	740.000000	740.000000	0.000000	53.000000	21.000000	-2.842073E-15	0.000000E+0
3737591394.201278	1.562000	1.100500	1.575000	-9.990000	-15.000000	17.200000	100.000000	17.000000	100.000000	4.180000	0.000000	0.000000	0.000000	0.000000	1	1	0.000000	1.000000	1.000000	1.000000	1.000000	1.000000	1.000000	740.000000	740.000000	0.000000	46.000000	24.000000	-2.842073E-15	0.000000E+0
3737591400.213259	1.562000	1.100500	1.575000	-9.990000	-15.000000	17.400000	100.000000	17.000000	100.000000	4.180000	0.000000	0.000000	0.000000	0.000000	1	1	0.000000	1.000000	1.000000	1.000000	1.000000	1.000000	1.000000	740.000000	740.000000	0.000000	44.000000	44.000000	-2.842073E-15	0.000000E+0
3737591406.234220	1.562000	1.100500	1.575000	-9.990000	-15.000000	17.600000	100.000000	17.000000	100.000000	4.180000	0.000000	0.000000	0.000000	0.000000	1	1	0.000000	1.000000	1.000000	1.000000	1.000000	1.000000	1.000000	740.000000	740.000000	0.000000	54.000000	25.000000	-2.842073E-15	0.000000E+0
3737591413.291417	1.562000	1.100500	1.575000	-9.990000	-15.000000	17.800000	100.000000	17.000000	100.000000	4.180000	0.000000	0.000000	0.000000	0.000000	1	1	0.000000	1.000000	1.000000	1.000000	1.000000	1.000000	1.000000	740.000000	740.000000	0.000000	60.000000	34.000000	-2.842073E-15	0.000000E+0
3737591420.365587	1.562000	1.100500	1.575000	-9.990000	-15.000000	18.000000	100.000000	17.000000	100.000000	4.180000	0.000000	0.000000	0.000000	0.000000	1	1	0.000000	1.000000	1.000000	1.000000	1.000000	1.000000	1.000000	740.000000	740.000000	0.000000	59.000000	24.000000	-2.842073E-15	0.000000E+0
3737591426.412461	1.562000	1.100500	1.575000	-9.990000	-15.000000	18.200000	100.000000	17.000000	100.000000	4.180000	0.000000	0.000000	0.000000	0.000000	1	1	0.000000	1.000000	1.000000	1.000000	1.000000	1.000000	1.000000	740.000000	740.000000	0.000000	53.000000	31.000000	-2.842073E-15	0.000000E+0
3737591433.356958	1.562000	1.100500	1.575000	-9.990000	-15.000000	18.400000	100.000000	17.000000	100.000000	4.180000	0.000000	0.000000	0.000000	0.000000	1	1	0.000000	1.000000	1.000000	1.000000	1.000000	1.000000	1.000000	740.000000	740.000000	0.000000	50.000000	35.000000	-2.842073E-15	0.000000E+0
3737591440.301457	1.562000	1.100500	1.575000	-9.990000	-15.000000	18.600000	100.000000	17.000000	100.000000	4.180000	0.000000	0.000000	0.000000	0.000000	1	1	0.000000	1.000000	1.000000	1.000000	1.000000	1.000000	1.000000	740.000000	740.000000	0.000000	38.000000	32.000000	-2.842073E-15	0.000000E+0
3737591447.277872	1.562000	1.100500	1.575000	-9.990000	-15.000000	18.800000	100.000000	17.000000	100.000000	4.180000	0.000000	0.000000	0.000000	0.000000	1	1	0.000000	1.000000	1.000000	1.000000	1.000000	1.000000	1.000000	740.000000	740.000000	0.000000	48.000000	37.000000	-2.842073E-15	0.000000E+0
3737591454.198434	1.562000	1.100500	1.575000	-9.990000	-15.000000	19.000000	100.000000	17.000000	100.000000	4.180000	0.000000	0.000000	0.000000	0.000000	1	1	0.000000	1.000000	1.000000	1.000000	1.000000	1.000000	1.000000	740.000000	740.000000	0.000000	43.000000	41.000000	-2.842073E-15	0.000000E+0
3737591460.923516	1.562000	1.100500	1.575000	-9.990000	-15.000000	19.200000	100.000000	17.000000	100.000000	4.180000	0.000000	0.000000	0.000000	0.000000	1	1	0.000000	1.000000	1.000000	1.000000	1.000000	1.000000	1.000000	740.000000	740.000000	0.000000	56.000000	33.000000	-2.842073E-15	0.000000E+0
3737591467.852057	1.562000	1.100500	1.575000	-9.990000	-15.000000	19.400000	100.000000	17.000000	100.000000	4.180000	0.000000	0.000000	0.000000	0.000000	1	1	0.000000	1.000000	1.000000	1.000000	1.000000	1.000000	1.000000	740.000000	740.000000	0.000000	49.000000	35.000000	-2.842073E-15	0.000000E+0
3737591474.548218	1.562000	1.100500	1.575000	-9.990000	-15.000000	19.600000	100.000000	17.000000	100.000000	4.180000	0.000000	0.000000	0.000000	0.000000	1	1	0.000000	1.000000	1.000000	1.000000	1.000000	1.000000	1.000000	740.000000	740.000000	0.000000	51.000000	43.000000	-2.842073E-15	0.000000E+0
3737591481.180548	1.562000	1.100500	1.575000	-9.990000	-15.000000	19.800000	100.000000	17.000000	100.000000	4.180000	0.000000	0.000000	0.000000	0.000000	1	1	0.000000	1.000000	1.000000	1.000000	1.000000	1.000000	1.000000	740.000000	740.000000	0.000000	55.000000	51.000000	-2.842073E-15	0.000000E+0
3737591487.886680	1.562000	1.100500	1.575000	-9.990000	-15.000000	20.000000	100.000000	17.000000	100.000000	4.180000	0.000000	0.000000	0.000000	0.000000	1	1	0.000000	1.000000	1.000000	1.000000	1.000000	1.000000	1.000000	740.000000	740.000000	0.000000	58.000000	49.000000	-2.842073E-15	0.000000E+0
