#Cu(100) The=-30_28.dat
#6/9/2022 6:55:32 PM
#Preliminary IPES Scan
#Sweep En
#Measure rgm, lgm, 6487
#Timestamp (sec)	X (mm)	Y (mm)	Z (mm)	Theta (deg)	EG Grid (V)	EG Energy (eV)	EG Extraction (V)	EG Focus 1 (V)	EG Focus 2 (V)	EG Filament (V)	EG X1 Alignment (V)	EG X2 Alignment (V)	EG Y1 Alignment (V)	EG Y2 Alignment (V)	6485 Samples	6487 Samples	6487 Voltage (V)	GM2 Dwell Time (s)	GM2 SCA Lower Limit (V)	GM2 SCA Upper Limit (V)	GM1 Dwell Time (s)	GM1 SCA Lower Limit (V)	GM1 SCA Upper Limit (V)	Voltage Supply A (V)	Voltage Supply B (V)	Dummy	GM2 Counts	GM1 Counts	Keithley6485 Current (A)	Keithley6487 Current (A)
#time	xpos	ypos	zpos	theta	grid	en	ext	f1	f2	fil	x1	x2	y1	y2	6485s	6487s	6487v	gm2dw	gm2ll	gm2ul	gm1dw	gm1ll	gm1ul	va	vb	dummy	gm2	gm1	6485c	6487c
3737660138.625336	1.562000	1.100500	1.575000	-29.990000	-15.000000	0.000000	100.000000	17.000000	100.000000	4.180000	0.000000	0.000000	0.000000	0.000000	1	1	0.000000	1.000000	1.000000	1.000000	1.000000	1.000000	1.000000	740.000000	740.000000	0.000000	19.000000	7.000000	-1.333110E-13	-5.061793E-8
3737660143.988980	1.562000	1.100500	1.575000	-29.990000	-15.000000	0.200000	100.000000	17.000000	100.000000	4.180000	0.000000	0.000000	0.000000	0.000000	1	1	0.000000	1.000000	1.000000	1.000000	1.000000	1.000000	1.000000	740.000000	740.000000	0.000000	14.000000	10.000000	-1.333110E-13	-5.163925E-8
3737660149.359169	1.562000	1.100500	1.575000	-29.990000	-15.000000	0.400000	100.000000	17.000000	100.000000	4.180000	0.000000	0.000000	0.000000	0.000000	1	1	0.000000	1.000000	1.000000	1.000000	1.000000	1.000000	1.000000	740.000000	740.000000	0.000000	16.000000	9.000000	-1.333110E-13	-5.286485E-8
3737660154.745650	1.562000	1.100500	1.575000	-29.990000	-15.000000	0.600000	100.000000	17.000000	100.000000	4.180000	0.000000	0.000000	0.000000	0.000000	1	1	0.000000	1.000000	1.000000	1.000000	1.000000	1.000000	1.000000	740.000000	740.000000	0.000000	13.000000	11.000000	-1.333110E-13	-5.266060E-8
3737660160.082055	1.562000	1.100500	1.575000	-29.990000	-15.000000	0.800000	100.000000	17.000000	100.000000	4.180000	0.000000	0.000000	0.000000	0.000000	1	1	0.000000	1.000000	1.000000	1.000000	1.000000	1.000000	1.000000	740.000000	740.000000	0.000000	12.000000	10.000000	-1.333110E-13	-4.939232E-8
3737660165.451537	1.562000	1.100500	1.575000	-29.990000	-15.000000	1.000000	100.000000	17.000000	100.000000	4.180000	0.000000	0.000000	0.000000	0.000000	1	1	0.000000	1.000000	1.000000	1.000000	1.000000	1.000000	1.000000	740.000000	740.000000	0.000000	16.000000	5.000000	-1.333110E-13	-5.163925E-8
3737660170.833031	1.562000	1.100500	1.575000	-29.990000	-15.000000	1.200000	100.000000	17.000000	100.000000	4.180000	0.000000	0.000000	0.000000	0.000000	1	1	0.000000	1.000000	1.000000	1.000000	1.000000	1.000000	1.000000	740.000000	740.000000	0.000000	15.000000	4.000000	-1.333110E-13	-4.837099E-8
3737660176.194764	1.562000	1.100500	1.575000	-29.990000	-15.000000	1.400000	100.000000	17.000000	100.000000	4.180000	0.000000	0.000000	0.000000	0.000000	1	1	0.000000	1.000000	1.000000	1.000000	1.000000	1.000000	1.000000	740.000000	740.000000	0.000000	27.000000	7.000000	-1.333110E-13	-5.797155E-8
3737660181.567229	1.562000	1.100500	1.575000	-29.990000	-15.000000	1.600000	100.000000	17.000000	100.000000	4.180000	0.000000	0.000000	0.000000	0.000000	1	1	0.000000	1.000000	1.000000	1.000000	1.000000	1.000000	1.000000	740.000000	740.000000	0.000000	21.000000	7.000000	-1.333110E-13	-5.592887E-8
3737660186.954113	1.562000	1.100500	1.575000	-29.990000	-15.000000	1.800000	100.000000	17.000000	100.000000	4.180000	0.000000	0.000000	0.000000	0.000000	1	1	0.000000	1.000000	1.000000	1.000000	1.000000	1.000000	1.000000	740.000000	740.000000	0.000000	19.000000	7.000000	-1.333110E-13	-5.409048E-8
3737660192.316642	1.562000	1.100500	1.575000	-29.990000	-15.000000	2.000000	100.000000	17.000000	100.000000	4.180000	0.000000	0.000000	0.000000	0.000000	1	1	0.000000	1.000000	1.000000	1.000000	1.000000	1.000000	1.000000	740.000000	740.000000	0.000000	16.000000	7.000000	-1.333110E-13	-5.654167E-8
3737660197.664947	1.562000	1.100500	1.575000	-29.990000	-15.000000	2.200000	100.000000	17.000000	100.000000	4.180000	0.000000	0.000000	0.000000	0.000000	1	1	0.000000	1.000000	1.000000	1.000000	1.000000	1.000000	1.000000	740.000000	740.000000	0.000000	19.000000	6.000000	-1.333110E-13	-5.306913E-8
3737660203.029546	1.562000	1.100500	1.575000	-29.990000	-15.000000	2.400000	100.000000	17.000000	100.000000	4.180000	0.000000	0.000000	0.000000	0.000000	1	1	0.000000	1.000000	1.000000	1.000000	1.000000	1.000000	1.000000	740.000000	740.000000	0.000000	24.000000	3.000000	-1.333110E-13	-5.082218E-8
3737660208.395683	1.562000	1.100500	1.575000	-29.990000	-15.000000	2.600000	100.000000	17.000000	100.000000	4.180000	0.000000	0.000000	0.000000	0.000000	1	1	0.000000	1.000000	1.000000	1.000000	1.000000	1.000000	1.000000	740.000000	740.000000	0.000000	25.000000	7.000000	-1.333110E-13	-4.326430E-8
3737660213.741450	1.562000	1.100500	1.575000	-29.990000	-15.000000	2.800000	100.000000	17.000000	100.000000	4.180000	0.000000	0.000000	0.000000	0.000000	1	1	0.000000	1.000000	1.000000	1.000000	1.000000	1.000000	1.000000	740.000000	740.000000	0.000000	17.000000	7.000000	-1.333110E-13	-4.898377E-8
3737660219.116082	1.562000	1.100500	1.575000	-29.990000	-15.000000	3.000000	100.000000	17.000000	100.000000	4.180000	0.000000	0.000000	0.000000	0.000000	1	1	0.000000	1.000000	1.000000	1.000000	1.000000	1.000000	1.000000	740.000000	740.000000	0.000000	21.000000	5.000000	-1.333110E-13	-5.082218E-8
3737660224.484404	1.562000	1.100500	1.575000	-29.990000	-15.000000	3.200000	100.000000	17.000000	100.000000	4.180000	0.000000	0.000000	0.000000	0.000000	1	1	0.000000	1.000000	1.000000	1.000000	1.000000	1.000000	1.000000	740.000000	740.000000	0.000000	25.000000	2.000000	-1.333110E-13	-5.633742E-8
3737660229.855121	1.562000	1.100500	1.575000	-29.990000	-15.000000	3.400000	100.000000	17.000000	100.000000	4.180000	0.000000	0.000000	0.000000	0.000000	1	1	0.000000	1.000000	1.000000	1.000000	1.000000	1.000000	1.000000	740.000000	740.000000	0.000000	20.000000	2.000000	-1.333110E-13	-5.388620E-8
3737660235.217447	1.562000	1.100500	1.575000	-29.990000	-15.000000	3.600000	100.000000	17.000000	100.000000	4.180000	0.000000	0.000000	0.000000	0.000000	1	1	0.000000	1.000000	1.000000	1.000000	1.000000	1.000000	1.000000	740.000000	740.000000	0.000000	18.000000	12.000000	-1.333110E-13	-5.511180E-8
3737660240.559247	1.562000	1.100500	1.575000	-29.990000	-15.000000	3.800000	100.000000	17.000000	100.000000	4.180000	0.000000	0.000000	0.000000	0.000000	1	1	0.000000	1.000000	1.000000	1.000000	1.000000	1.000000	1.000000	740.000000	740.000000	0.000000	6.000000	4.000000	-1.333110E-13	-5.776727E-8
3737660245.904252	1.562000	1.100500	1.575000	-29.990000	-15.000000	4.000000	100.000000	17.000000	100.000000	4.180000	0.000000	0.000000	0.000000	0.000000	1	1	0.000000	1.000000	1.000000	1.000000	1.000000	1.000000	1.000000	740.000000	740.000000	0.000000	13.000000	13.000000	-1.333110E-13	-5.797155E-8
3737660251.260551	1.562000	1.100500	1.575000	-29.990000	-15.000000	4.200000	100.000000	17.000000	100.000000	4.180000	0.000000	0.000000	0.000000	0.000000	1	1	0.000000	1.000000	1.000000	1.000000	1.000000	1.000000	1.000000	740.000000	740.000000	0.000000	13.000000	5.000000	-1.333110E-13	-5.102645E-8
3737660256.623172	1.562000	1.100500	1.575000	-29.990000	-15.000000	4.400000	100.000000	17.000000	100.000000	4.180000	0.000000	0.000000	0.000000	0.000000	1	1	0.000000	1.000000	1.000000	1.000000	1.000000	1.000000	1.000000	740.000000	740.000000	0.000000	15.000000	14.000000	-1.333110E-13	-5.695021E-8
3737660261.992677	1.562000	1.100500	1.575000	-29.990000	-15.000000	4.600000	100.000000	17.000000	100.000000	4.180000	0.000000	0.000000	0.000000	0.000000	1	1	0.000000	1.000000	1.000000	1.000000	1.000000	1.000000	1.000000	740.000000	740.000000	0.000000	24.000000	40.000000	-1.333110E-13	-5.695021E-8
3737660268.881530	1.562000	1.100500	1.575000	-29.990000	-15.000000	4.800000	100.000000	17.000000	100.000000	4.180000	0.000000	0.000000	0.000000	0.000000	1	1	0.000000	1.000000	1.000000	1.000000	1.000000	1.000000	1.000000	740.000000	740.000000	0.000000	38.000000	83.000000	-1.333110E-13	-5.041365E-8
3737660276.010284	1.562000	1.100500	1.575000	-29.990000	-15.000000	5.000000	100.000000	17.000000	100.000000	4.180000	0.000000	0.000000	0.000000	0.000000	1	1	0.000000	1.000000	1.000000	1.000000	1.000000	1.000000	1.000000	740.000000	740.000000	0.000000	70.000000	115.000000	-1.333110E-13	-5.654167E-8
3737660283.137614	1.562000	1.100500	1.575000	-29.990000	-15.000000	5.200000	100.000000	17.000000	100.000000	4.180000	0.000000	0.000000	0.000000	0.000000	1	1	0.000000	1.000000	1.000000	1.000000	1.000000	1.000000	1.000000	740.000000	740.000000	0.000000	89.000000	141.000000	-1.333110E-13	-5.613313E-8
3737660290.051958	1.562000	1.100500	1.575000	-29.990000	-15.000000	5.400000	100.000000	17.000000	100.000000	4.180000	0.000000	0.000000	0.000000	0.000000	1	1	0.000000	1.000000	1.000000	1.000000	1.000000	1.000000	1.000000	740.000000	740.000000	0.000000	115.000000	155.000000	-1.333110E-13	-7.553857E-8
3737660297.069615	1.562000	1.100500	1.575000	-29.990000	-15.000000	5.600000	100.000000	17.000000	100.000000	4.180000	0.000000	0.000000	0.000000	0.000000	1	1	0.000000	1.000000	1.000000	1.000000	1.000000	1.000000	1.000000	740.000000	740.000000	0.000000	112.000000	142.000000	-1.333110E-13	-1.697060E-7
3737660304.060654	1.562000	1.100500	1.575000	-29.990000	-15.000000	5.800000	100.000000	17.000000	100.000000	4.180000	0.000000	0.000000	0.000000	0.000000	1	1	0.000000	1.000000	1.000000	1.000000	1.000000	1.000000	1.000000	740.000000	740.000000	0.000000	121.000000	98.000000	-1.333110E-13	-5.902930E-7
3737660311.095702	1.562000	1.100500	1.575000	-29.990000	-15.000000	6.000000	100.000000	17.000000	100.000000	4.180000	0.000000	0.000000	0.000000	0.000000	1	1	0.000000	1.000000	1.000000	1.000000	1.000000	1.000000	1.000000	740.000000	740.000000	0.000000	89.000000	89.000000	-1.333110E-13	-1.494790E-6
3737660317.742965	1.562000	1.100500	1.575000	-29.990000	-15.000000	6.200000	100.000000	17.000000	100.000000	4.180000	0.000000	0.000000	0.000000	0.000000	1	1	0.000000	1.000000	1.000000	1.000000	1.000000	1.000000	1.000000	740.000000	740.000000	0.000000	58.000000	42.000000	-1.333110E-13	-2.636851E-6
3737660325.007288	1.562000	1.100500	1.575000	-29.990000	-15.000000	6.400000	100.000000	17.000000	100.000000	4.180000	0.000000	0.000000	0.000000	0.000000	1	1	0.000000	1.000000	1.000000	1.000000	1.000000	1.000000	1.000000	740.000000	740.000000	0.000000	47.000000	27.000000	-1.333110E-13	-4.036697E-6
3737660330.388782	1.562000	1.100500	1.575000	-29.990000	-15.000000	6.600000	100.000000	17.000000	100.000000	4.180000	0.000000	0.000000	0.000000	0.000000	1	1	0.000000	1.000000	1.000000	1.000000	1.000000	1.000000	1.000000	740.000000	740.000000	0.000000	32.000000	20.000000	-1.333110E-13	-5.262099E-6
3737660335.754293	1.562000	1.100500	1.575000	-29.990000	-15.000000	6.800000	100.000000	17.000000	100.000000	4.180000	0.000000	0.000000	0.000000	0.000000	1	1	0.000000	1.000000	1.000000	1.000000	1.000000	1.000000	1.000000	740.000000	740.000000	0.000000	31.000000	29.000000	-1.333110E-13	-6.042399E-6
3737660341.131042	1.562000	1.100500	1.575000	-29.990000	-15.000000	7.000000	100.000000	17.000000	100.000000	4.180000	0.000000	0.000000	0.000000	0.000000	1	1	0.000000	1.000000	1.000000	1.000000	1.000000	1.000000	1.000000	740.000000	740.000000	0.000000	24.000000	17.000000	-1.333110E-13	-6.342470E-6
3737660346.481235	1.562000	1.100500	1.575000	-29.990000	-15.000000	7.200000	100.000000	17.000000	100.000000	4.180000	0.000000	0.000000	0.000000	0.000000	1	1	0.000000	1.000000	1.000000	1.000000	1.000000	1.000000	1.000000	740.000000	740.000000	0.000000	32.000000	18.000000	-1.333110E-13	-6.336751E-6
3737660351.846605	1.562000	1.100500	1.575000	-29.990000	-15.000000	7.400000	100.000000	17.000000	100.000000	4.180000	0.000000	0.000000	0.000000	0.000000	1	1	0.000000	1.000000	1.000000	1.000000	1.000000	1.000000	1.000000	740.000000	740.000000	0.000000	25.000000	27.000000	-1.333110E-13	-6.274449E-6
3737660357.231848	1.562000	1.100500	1.575000	-29.990000	-15.000000	7.600000	100.000000	17.000000	100.000000	4.180000	0.000000	0.000000	0.000000	0.000000	1	1	0.000000	1.000000	1.000000	1.000000	1.000000	1.000000	1.000000	740.000000	740.000000	0.000000	22.000000	25.000000	-1.333110E-13	-6.219501E-6
3737660362.591602	1.562000	1.100500	1.575000	-29.990000	-15.000000	7.800000	100.000000	17.000000	100.000000	4.180000	0.000000	0.000000	0.000000	0.000000	1	1	0.000000	1.000000	1.000000	1.000000	1.000000	1.000000	1.000000	740.000000	740.000000	0.000000	26.000000	21.000000	-1.333110E-13	-6.194172E-6
3737660367.963693	1.562000	1.100500	1.575000	-29.990000	-15.000000	8.000000	100.000000	17.000000	100.000000	4.180000	0.000000	0.000000	0.000000	0.000000	1	1	0.000000	1.000000	1.000000	1.000000	1.000000	1.000000	1.000000	740.000000	740.000000	0.000000	25.000000	20.000000	-1.333110E-13	-6.186820E-6
3737660373.299140	1.562000	1.100500	1.575000	-29.990000	-15.000000	8.200000	100.000000	17.000000	100.000000	4.180000	0.000000	0.000000	0.000000	0.000000	1	1	0.000000	1.000000	1.000000	1.000000	1.000000	1.000000	1.000000	740.000000	740.000000	0.000000	14.000000	21.000000	-1.333110E-13	-6.210308E-6
3737660378.678507	1.562000	1.100500	1.575000	-29.990000	-15.000000	8.400000	100.000000	17.000000	100.000000	4.180000	0.000000	0.000000	0.000000	0.000000	1	1	0.000000	1.000000	1.000000	1.000000	1.000000	1.000000	1.000000	740.000000	740.000000	0.000000	10.000000	19.000000	-1.333110E-13	-6.258721E-6
3737660384.033164	1.562000	1.100500	1.575000	-29.990000	-15.000000	8.600000	100.000000	17.000000	100.000000	4.180000	0.000000	0.000000	0.000000	0.000000	1	1	0.000000	1.000000	1.000000	1.000000	1.000000	1.000000	1.000000	740.000000	740.000000	0.000000	20.000000	23.000000	-1.333110E-13	-6.320409E-6
3737660389.423649	1.562000	1.100500	1.575000	-29.990000	-15.000000	8.800000	100.000000	17.000000	100.000000	4.180000	0.000000	0.000000	0.000000	0.000000	1	1	0.000000	1.000000	1.000000	1.000000	1.000000	1.000000	1.000000	740.000000	740.000000	0.000000	15.000000	22.000000	-1.333110E-13	-6.386796E-6
3737660394.783789	1.562000	1.100500	1.575000	-29.990000	-15.000000	9.000000	100.000000	17.000000	100.000000	4.180000	0.000000	0.000000	0.000000	0.000000	1	1	0.000000	1.000000	1.000000	1.000000	1.000000	1.000000	1.000000	740.000000	740.000000	0.000000	10.000000	29.000000	-1.333110E-13	-6.449915E-6
3737660400.131684	1.562000	1.100500	1.575000	-29.990000	-15.000000	9.200000	100.000000	17.000000	100.000000	4.180000	0.000000	0.000000	0.000000	0.000000	1	1	0.000000	1.000000	1.000000	1.000000	1.000000	1.000000	1.000000	740.000000	740.000000	0.000000	14.000000	12.000000	-1.333110E-13	-6.522021E-6
3737660405.518740	1.562000	1.100500	1.575000	-29.990000	-15.000000	9.400000	100.000000	17.000000	100.000000	4.180000	0.000000	0.000000	0.000000	0.000000	1	1	0.000000	1.000000	1.000000	1.000000	1.000000	1.000000	1.000000	740.000000	740.000000	0.000000	10.000000	22.000000	-1.333110E-13	-6.593109E-6
3737660410.858882	1.562000	1.100500	1.575000	-29.990000	-15.000000	9.600000	100.000000	17.000000	100.000000	4.180000	0.000000	0.000000	0.000000	0.000000	1	1	0.000000	1.000000	1.000000	1.000000	1.000000	1.000000	1.000000	740.000000	740.000000	0.000000	13.000000	15.000000	-1.333110E-13	-6.677673E-6
3737660416.214507	1.562000	1.100500	1.575000	-29.990000	-15.000000	9.800000	100.000000	17.000000	100.000000	4.180000	0.000000	0.000000	0.000000	0.000000	1	1	0.000000	1.000000	1.000000	1.000000	1.000000	1.000000	1.000000	740.000000	740.000000	0.000000	6.000000	17.000000	-1.333110E-13	-6.797167E-6
3737660421.583363	1.562000	1.100500	1.575000	-29.990000	-15.000000	10.000000	100.000000	17.000000	100.000000	4.180000	0.000000	0.000000	0.000000	0.000000	1	1	0.000000	1.000000	1.000000	1.000000	1.000000	1.000000	1.000000	740.000000	740.000000	0.000000	10.000000	20.000000	-1.333110E-13	-6.944242E-6
3737660426.924388	1.562000	1.100500	1.575000	-29.990000	-15.000000	10.200000	100.000000	17.000000	100.000000	4.180000	0.000000	0.000000	0.000000	0.000000	1	1	0.000000	1.000000	1.000000	1.000000	1.000000	1.000000	1.000000	740.000000	740.000000	0.000000	10.000000	16.000000	-1.333110E-13	-7.107044E-6
3737660432.297549	1.562000	1.100500	1.575000	-29.990000	-15.000000	10.400000	100.000000	17.000000	100.000000	4.180000	0.000000	0.000000	0.000000	0.000000	1	1	0.000000	1.000000	1.000000	1.000000	1.000000	1.000000	1.000000	740.000000	740.000000	0.000000	12.000000	18.000000	-1.333110E-13	-7.255343E-6
3737660437.667587	1.562000	1.100500	1.575000	-29.990000	-15.000000	10.600000	100.000000	17.000000	100.000000	4.180000	0.000000	0.000000	0.000000	0.000000	1	1	0.000000	1.000000	1.000000	1.000000	1.000000	1.000000	1.000000	740.000000	740.000000	0.000000	8.000000	9.000000	-1.333110E-13	-7.393425E-6
3737660443.027341	1.562000	1.100500	1.575000	-29.990000	-15.000000	10.800000	100.000000	17.000000	100.000000	4.180000	0.000000	0.000000	0.000000	0.000000	1	1	0.000000	1.000000	1.000000	1.000000	1.000000	1.000000	1.000000	740.000000	740.000000	0.000000	7.000000	11.000000	-1.333110E-13	-7.490252E-6
3737660448.387616	1.562000	1.100500	1.575000	-29.990000	-15.000000	11.000000	100.000000	17.000000	100.000000	4.180000	0.000000	0.000000	0.000000	0.000000	1	1	0.000000	1.000000	1.000000	1.000000	1.000000	1.000000	1.000000	740.000000	740.000000	0.000000	7.000000	10.000000	-1.333110E-13	-7.587687E-6
3737660453.753626	1.562000	1.100500	1.575000	-29.990000	-15.000000	11.200000	100.000000	17.000000	100.000000	4.180000	0.000000	0.000000	0.000000	0.000000	1	1	0.000000	1.000000	1.000000	1.000000	1.000000	1.000000	1.000000	740.000000	740.000000	0.000000	15.000000	9.000000	-1.333110E-13	-7.642427E-6
3737660459.121967	1.562000	1.100500	1.575000	-29.990000	-15.000000	11.400000	100.000000	17.000000	100.000000	4.180000	0.000000	0.000000	0.000000	0.000000	1	1	0.000000	1.000000	1.000000	1.000000	1.000000	1.000000	1.000000	740.000000	740.000000	0.000000	5.000000	8.000000	-1.333110E-13	-7.692475E-6
3737660464.489490	1.562000	1.100500	1.575000	-29.990000	-15.000000	11.600000	100.000000	17.000000	100.000000	4.180000	0.000000	0.000000	0.000000	0.000000	1	1	0.000000	1.000000	1.000000	1.000000	1.000000	1.000000	1.000000	740.000000	740.000000	0.000000	12.000000	7.000000	-1.333110E-13	-7.738028E-6
3737660469.846342	1.562000	1.100500	1.575000	-29.990000	-15.000000	11.800000	100.000000	17.000000	100.000000	4.180000	0.000000	0.000000	0.000000	0.000000	1	1	0.000000	1.000000	1.000000	1.000000	1.000000	1.000000	1.000000	740.000000	740.000000	0.000000	18.000000	7.000000	-1.333110E-13	-7.765193E-6
3737660475.217249	1.562000	1.100500	1.575000	-29.990000	-15.000000	12.000000	100.000000	17.000000	100.000000	4.180000	0.000000	0.000000	0.000000	0.000000	1	1	0.000000	1.000000	1.000000	1.000000	1.000000	1.000000	1.000000	740.000000	740.000000	0.000000	14.000000	10.000000	-1.333110E-13	-7.792566E-6
3737660480.564725	1.562000	1.100500	1.575000	-29.990000	-15.000000	12.200000	100.000000	17.000000	100.000000	4.180000	0.000000	0.000000	0.000000	0.000000	1	1	0.000000	1.000000	1.000000	1.000000	1.000000	1.000000	1.000000	740.000000	740.000000	0.000000	14.000000	11.000000	-1.333110E-13	-7.807887E-6
3737660485.963803	1.562000	1.100500	1.575000	-29.990000	-15.000000	12.400000	100.000000	17.000000	100.000000	4.180000	0.000000	0.000000	0.000000	0.000000	1	1	0.000000	1.000000	1.000000	1.000000	1.000000	1.000000	1.000000	740.000000	740.000000	0.000000	19.000000	10.000000	-1.333110E-13	-7.835260E-6
3737660491.330419	1.562000	1.100500	1.575000	-29.990000	-15.000000	12.600000	100.000000	17.000000	100.000000	4.180000	0.000000	0.000000	0.000000	0.000000	1	1	0.000000	1.000000	1.000000	1.000000	1.000000	1.000000	1.000000	740.000000	740.000000	0.000000	14.000000	12.000000	-1.333110E-13	-7.855479E-6
3737660496.679426	1.562000	1.100500	1.575000	-29.990000	-15.000000	12.800000	100.000000	17.000000	100.000000	4.180000	0.000000	0.000000	0.000000	0.000000	1	1	0.000000	1.000000	1.000000	1.000000	1.000000	1.000000	1.000000	740.000000	740.000000	0.000000	20.000000	7.000000	-1.333110E-13	-7.878155E-6
3737660502.050707	1.562000	1.100500	1.575000	-29.990000	-15.000000	13.000000	100.000000	17.000000	100.000000	4.180000	0.000000	0.000000	0.000000	0.000000	1	1	0.000000	1.000000	1.000000	1.000000	1.000000	1.000000	1.000000	740.000000	740.000000	0.000000	21.000000	0.000000	-1.333110E-13	-7.890411E-6
3737660507.401045	1.562000	1.100500	1.575000	-29.990000	-15.000000	13.200000	100.000000	17.000000	100.000000	4.180000	0.000000	0.000000	0.000000	0.000000	1	1	0.000000	1.000000	1.000000	1.000000	1.000000	1.000000	1.000000	740.000000	740.000000	0.000000	33.000000	18.000000	-1.333110E-13	-7.918803E-6
3737660512.773571	1.562000	1.100500	1.575000	-29.990000	-15.000000	13.400000	100.000000	17.000000	100.000000	4.180000	0.000000	0.000000	0.000000	0.000000	1	1	0.000000	1.000000	1.000000	1.000000	1.000000	1.000000	1.000000	740.000000	740.000000	0.000000	23.000000	16.000000	-1.333110E-13	-7.935962E-6
3737660518.155003	1.562000	1.100500	1.575000	-29.990000	-15.000000	13.600000	100.000000	17.000000	100.000000	4.180000	0.000000	0.000000	0.000000	0.000000	1	1	0.000000	1.000000	1.000000	1.000000	1.000000	1.000000	1.000000	740.000000	740.000000	0.000000	37.000000	5.000000	-1.333110E-13	-7.942705E-6
3737660523.530952	1.562000	1.100500	1.575000	-29.990000	-15.000000	13.800000	100.000000	17.000000	100.000000	4.180000	0.000000	0.000000	0.000000	0.000000	1	1	0.000000	1.000000	1.000000	1.000000	1.000000	1.000000	1.000000	740.000000	740.000000	0.000000	38.000000	10.000000	-1.333110E-13	-7.960682E-6
3737660528.866694	1.562000	1.100500	1.575000	-29.990000	-15.000000	14.000000	100.000000	17.000000	100.000000	4.180000	0.000000	0.000000	0.000000	0.000000	1	1	0.000000	1.000000	1.000000	1.000000	1.000000	1.000000	1.000000	740.000000	740.000000	0.000000	31.000000	10.000000	-1.333110E-13	-7.982330E-6
3737660534.245325	1.562000	1.100500	1.575000	-29.990000	-15.000000	14.200000	100.000000	17.000000	100.000000	4.180000	0.000000	0.000000	0.000000	0.000000	1	1	0.000000	1.000000	1.000000	1.000000	1.000000	1.000000	1.000000	740.000000	740.000000	0.000000	25.000000	11.000000	-1.333110E-13	-8.000510E-6
3737660539.628837	1.562000	1.100500	1.575000	-29.990000	-15.000000	14.400000	100.000000	17.000000	100.000000	4.180000	0.000000	0.000000	0.000000	0.000000	1	1	0.000000	1.000000	1.000000	1.000000	1.000000	1.000000	1.000000	740.000000	740.000000	0.000000	40.000000	11.000000	-1.333110E-13	-7.999492E-6
3737660544.993767	1.562000	1.100500	1.575000	-29.990000	-15.000000	14.600000	100.000000	17.000000	100.000000	4.180000	0.000000	0.000000	0.000000	0.000000	1	1	0.000000	1.000000	1.000000	1.000000	1.000000	1.000000	1.000000	740.000000	740.000000	0.000000	33.000000	8.000000	-1.333110E-13	-8.010929E-6
3737660550.361197	1.562000	1.100500	1.575000	-29.990000	-15.000000	14.800000	100.000000	17.000000	100.000000	4.180000	0.000000	0.000000	0.000000	0.000000	1	1	0.000000	1.000000	1.000000	1.000000	1.000000	1.000000	1.000000	740.000000	740.000000	0.000000	27.000000	12.000000	-1.333110E-13	-8.004597E-6
3737660555.743811	1.562000	1.100500	1.575000	-29.990000	-15.000000	15.000000	100.000000	17.000000	100.000000	4.180000	0.000000	0.000000	0.000000	0.000000	1	1	0.000000	1.000000	1.000000	1.000000	1.000000	1.000000	1.000000	740.000000	740.000000	0.000000	28.000000	12.000000	-1.333110E-13	-8.012359E-6
3737660561.111055	1.562000	1.100500	1.575000	-29.990000	-15.000000	15.200000	100.000000	17.000000	100.000000	4.180000	0.000000	0.000000	0.000000	0.000000	1	1	0.000000	1.000000	1.000000	1.000000	1.000000	1.000000	1.000000	740.000000	740.000000	0.000000	31.000000	12.000000	-1.333110E-13	-8.027067E-6
3737660566.474514	1.562000	1.100500	1.575000	-29.990000	-15.000000	15.400000	100.000000	17.000000	100.000000	4.180000	0.000000	0.000000	0.000000	0.000000	1	1	0.000000	1.000000	1.000000	1.000000	1.000000	1.000000	1.000000	740.000000	740.000000	0.000000	33.000000	13.000000	-1.333110E-13	-8.019919E-6
3737660571.828022	1.562000	1.100500	1.575000	-29.990000	-15.000000	15.600000	100.000000	17.000000	100.000000	4.180000	0.000000	0.000000	0.000000	0.000000	1	1	0.000000	1.000000	1.000000	1.000000	1.000000	1.000000	1.000000	740.000000	740.000000	0.000000	33.000000	14.000000	-1.333110E-13	-8.023389E-6
3737660577.199799	1.562000	1.100500	1.575000	-29.990000	-15.000000	15.800000	100.000000	17.000000	100.000000	4.180000	0.000000	0.000000	0.000000	0.000000	1	1	0.000000	1.000000	1.000000	1.000000	1.000000	1.000000	1.000000	740.000000	740.000000	0.000000	40.000000	9.000000	-1.333110E-13	-8.025432E-6
3737660582.581272	1.562000	1.100500	1.575000	-29.990000	-15.000000	16.000000	100.000000	17.000000	100.000000	4.180000	0.000000	0.000000	0.000000	0.000000	1	1	0.000000	1.000000	1.000000	1.000000	1.000000	1.000000	1.000000	740.000000	740.000000	0.000000	46.000000	7.000000	-1.333110E-13	-8.038503E-6
3737660587.957525	1.562000	1.100500	1.575000	-29.990000	-15.000000	16.200000	100.000000	17.000000	100.000000	4.180000	0.000000	0.000000	0.000000	0.000000	1	1	0.000000	1.000000	1.000000	1.000000	1.000000	1.000000	1.000000	740.000000	740.000000	0.000000	32.000000	11.000000	-1.333110E-13	-8.044426E-6
3737660593.306633	1.562000	1.100500	1.575000	-29.990000	-15.000000	16.400000	100.000000	17.000000	100.000000	4.180000	0.000000	0.000000	0.000000	0.000000	1	1	0.000000	1.000000	1.000000	1.000000	1.000000	1.000000	1.000000	740.000000	740.000000	0.000000	53.000000	11.000000	-1.333110E-13	-8.031764E-6
3737660598.653904	1.562000	1.100500	1.575000	-29.990000	-15.000000	16.600000	100.000000	17.000000	100.000000	4.180000	0.000000	0.000000	0.000000	0.000000	1	1	0.000000	1.000000	1.000000	1.000000	1.000000	1.000000	1.000000	740.000000	740.000000	0.000000	35.000000	23.000000	-1.333110E-13	-8.058319E-6
3737660604.042027	1.562000	1.100500	1.575000	-29.990000	-15.000000	16.800000	100.000000	17.000000	100.000000	4.180000	0.000000	0.000000	0.000000	0.000000	1	1	0.000000	1.000000	1.000000	1.000000	1.000000	1.000000	1.000000	740.000000	740.000000	0.000000	49.000000	15.000000	-1.333110E-13	-8.044221E-6
3737660609.405114	1.562000	1.100500	1.575000	-29.990000	-15.000000	17.000000	100.000000	17.000000	100.000000	4.180000	0.000000	0.000000	0.000000	0.000000	1	1	0.000000	1.000000	1.000000	1.000000	1.000000	1.000000	1.000000	740.000000	740.000000	0.000000	46.000000	14.000000	-1.333110E-13	-8.048311E-6
3737660614.773614	1.562000	1.100500	1.575000	-29.990000	-15.000000	17.200000	100.000000	17.000000	100.000000	4.180000	0.000000	0.000000	0.000000	0.000000	1	1	0.000000	1.000000	1.000000	1.000000	1.000000	1.000000	1.000000	740.000000	740.000000	0.000000	43.000000	17.000000	-1.333110E-13	-8.057909E-6
3737660620.115788	1.562000	1.100500	1.575000	-29.990000	-15.000000	17.400000	100.000000	17.000000	100.000000	4.180000	0.000000	0.000000	0.000000	0.000000	1	1	0.000000	1.000000	1.000000	1.000000	1.000000	1.000000	1.000000	740.000000	740.000000	0.000000	50.000000	17.000000	-1.333110E-13	-8.070777E-6
3737660625.466858	1.562000	1.100500	1.575000	-29.990000	-15.000000	17.600000	100.000000	17.000000	100.000000	4.180000	0.000000	0.000000	0.000000	0.000000	1	1	0.000000	1.000000	1.000000	1.000000	1.000000	1.000000	1.000000	740.000000	740.000000	0.000000	44.000000	21.000000	-1.333110E-13	-8.067510E-6
3737660630.830163	1.562000	1.100500	1.575000	-29.990000	-15.000000	17.800000	100.000000	17.000000	100.000000	4.180000	0.000000	0.000000	0.000000	0.000000	1	1	0.000000	1.000000	1.000000	1.000000	1.000000	1.000000	1.000000	740.000000	740.000000	0.000000	48.000000	13.000000	-1.333110E-13	-8.082013E-6
3737660636.221474	1.562000	1.100500	1.575000	-29.990000	-15.000000	18.000000	100.000000	17.000000	100.000000	4.180000	0.000000	0.000000	0.000000	0.000000	1	1	0.000000	1.000000	1.000000	1.000000	1.000000	1.000000	1.000000	740.000000	740.000000	0.000000	49.000000	14.000000	-1.333110E-13	-8.088346E-6
3737660641.571200	1.562000	1.100500	1.575000	-29.990000	-15.000000	18.200000	100.000000	17.000000	100.000000	4.180000	0.000000	0.000000	0.000000	0.000000	1	1	0.000000	1.000000	1.000000	1.000000	1.000000	1.000000	1.000000	740.000000	740.000000	0.000000	40.000000	21.000000	-1.333110E-13	-8.083649E-6
3737660646.936186	1.562000	1.100500	1.575000	-29.990000	-15.000000	18.400000	100.000000	17.000000	100.000000	4.180000	0.000000	0.000000	0.000000	0.000000	1	1	0.000000	1.000000	1.000000	1.000000	1.000000	1.000000	1.000000	740.000000	740.000000	0.000000	51.000000	18.000000	-1.333110E-13	-8.106934E-6
3737660652.297250	1.562000	1.100500	1.575000	-29.990000	-15.000000	18.600000	100.000000	17.000000	100.000000	4.180000	0.000000	0.000000	0.000000	0.000000	1	1	0.000000	1.000000	1.000000	1.000000	1.000000	1.000000	1.000000	740.000000	740.000000	0.000000	42.000000	17.000000	-1.333110E-13	-8.103871E-6
3737660657.646087	1.562000	1.100500	1.575000	-29.990000	-15.000000	18.800000	100.000000	17.000000	100.000000	4.180000	0.000000	0.000000	0.000000	0.000000	1	1	0.000000	1.000000	1.000000	1.000000	1.000000	1.000000	1.000000	740.000000	740.000000	0.000000	37.000000	24.000000	-1.333110E-13	-8.118168E-6
3737660663.984628	1.562000	1.100500	1.575000	-29.990000	-15.000000	19.000000	100.000000	17.000000	100.000000	4.180000	0.000000	0.000000	0.000000	0.000000	1	1	0.000000	1.000000	1.000000	1.000000	1.000000	1.000000	1.000000	740.000000	740.000000	0.000000	51.000000	17.000000	-1.333110E-13	-8.117147E-6
3737660670.220591	1.562000	1.100500	1.575000	-29.990000	-15.000000	19.200000	100.000000	17.000000	100.000000	4.180000	0.000000	0.000000	0.000000	0.000000	1	1	0.000000	1.000000	1.000000	1.000000	1.000000	1.000000	1.000000	740.000000	740.000000	0.000000	43.000000	19.000000	-1.333110E-13	-8.116736E-6
3737660676.579980	1.562000	1.100500	1.575000	-29.990000	-15.000000	19.400000	100.000000	17.000000	100.000000	4.180000	0.000000	0.000000	0.000000	0.000000	1	1	0.000000	1.000000	1.000000	1.000000	1.000000	1.000000	1.000000	740.000000	740.000000	0.000000	46.000000	19.000000	-1.333110E-13	-8.127563E-6
3737660681.928481	1.562000	1.100500	1.575000	-29.990000	-15.000000	19.600000	100.000000	17.000000	100.000000	4.180000	0.000000	0.000000	0.000000	0.000000	1	1	0.000000	1.000000	1.000000	1.000000	1.000000	1.000000	1.000000	740.000000	740.000000	0.000000	37.000000	20.000000	-1.333110E-13	-8.120825E-6
3737660688.244122	1.562000	1.100500	1.575000	-29.990000	-15.000000	19.800000	100.000000	17.000000	100.000000	4.180000	0.000000	0.000000	0.000000	0.000000	1	1	0.000000	1.000000	1.000000	1.000000	1.000000	1.000000	1.000000	740.000000	740.000000	0.000000	52.000000	22.000000	-1.333110E-13	-8.113677E-6
3737660694.459674	1.562000	1.100500	1.575000	-29.990000	-15.000000	20.000000	100.000000	17.000000	100.000000	4.180000	0.000000	0.000000	0.000000	0.000000	1	1	0.000000	1.000000	1.000000	1.000000	1.000000	1.000000	1.000000	740.000000	740.000000	0.000000	62.000000	15.000000	-1.333110E-13	-8.132260E-6
