#Cu(100) The=-20_09.dat
#6/9/2022 3:03:10 PM
#Preliminary IPES Scan
#Sweep En
#Measure rgm, lgm, 6487
#Timestamp (sec)	X (mm)	Y (mm)	Z (mm)	Theta (deg)	EG Grid (V)	EG Energy (eV)	EG Extraction (V)	EG Focus 1 (V)	EG Focus 2 (V)	EG Filament (V)	EG X1 Alignment (V)	EG X2 Alignment (V)	EG Y1 Alignment (V)	EG Y2 Alignment (V)	6485 Samples	6487 Samples	6487 Voltage (V)	GM2 Dwell Time (s)	GM2 SCA Lower Limit (V)	GM2 SCA Upper Limit (V)	GM1 Dwell Time (s)	GM1 SCA Lower Limit (V)	GM1 SCA Upper Limit (V)	Voltage Supply A (V)	Voltage Supply B (V)	Dummy	GM2 Counts	GM1 Counts	Keithley6485 Current (A)	Keithley6487 Current (A)
#time	xpos	ypos	zpos	theta	grid	en	ext	f1	f2	fil	x1	x2	y1	y2	6485s	6487s	6487v	gm2dw	gm2ll	gm2ul	gm1dw	gm1ll	gm1ul	va	vb	dummy	gm2	gm1	6485c	6487c
3737646196.038469	1.562000	1.100500	1.575000	-19.990000	-15.000000	0.000000	100.000000	17.000000	100.000000	4.180000	0.000000	0.000000	0.000000	0.000000	1	1	0.000000	1.000000	1.000000	1.000000	1.000000	1.000000	1.000000	740.000000	740.000000	0.000000	4.000000	8.000000	-3.135551E-13	-5.592889E-8
3737646201.313271	1.562000	1.100500	1.575000	-19.990000	-15.000000	0.200000	100.000000	17.000000	100.000000	4.180000	0.000000	0.000000	0.000000	0.000000	1	1	0.000000	1.000000	1.000000	1.000000	1.000000	1.000000	1.000000	740.000000	740.000000	0.000000	4.000000	9.000000	-3.135551E-13	-4.673685E-8
3737646206.639279	1.562000	1.100500	1.575000	-19.990000	-15.000000	0.400000	100.000000	17.000000	100.000000	4.180000	0.000000	0.000000	0.000000	0.000000	1	1	0.000000	1.000000	1.000000	1.000000	1.000000	1.000000	1.000000	740.000000	740.000000	0.000000	11.000000	13.000000	-3.135551E-13	-5.225208E-8
3737646211.999932	1.562000	1.100500	1.575000	-19.990000	-15.000000	0.600000	100.000000	17.000000	100.000000	4.180000	0.000000	0.000000	0.000000	0.000000	1	1	0.000000	1.000000	1.000000	1.000000	1.000000	1.000000	1.000000	740.000000	740.000000	0.000000	5.000000	6.000000	-3.135551E-13	-4.734966E-8
3737646217.356921	1.562000	1.100500	1.575000	-19.990000	-15.000000	0.800000	100.000000	17.000000	100.000000	4.180000	0.000000	0.000000	0.000000	0.000000	1	1	0.000000	1.000000	1.000000	1.000000	1.000000	1.000000	1.000000	740.000000	740.000000	0.000000	15.000000	10.000000	-3.135551E-13	-4.939234E-8
3737646222.749288	1.562000	1.100500	1.575000	-19.990000	-15.000000	1.000000	100.000000	17.000000	100.000000	4.180000	0.000000	0.000000	0.000000	0.000000	1	1	0.000000	1.000000	1.000000	1.000000	1.000000	1.000000	1.000000	740.000000	740.000000	0.000000	13.000000	6.000000	-3.135551E-13	-4.857526E-8
3737646228.096531	1.562000	1.100500	1.575000	-19.990000	-15.000000	1.200000	100.000000	17.000000	100.000000	4.180000	0.000000	0.000000	0.000000	0.000000	1	1	0.000000	1.000000	1.000000	1.000000	1.000000	1.000000	1.000000	740.000000	740.000000	0.000000	4.000000	4.000000	-3.135551E-13	-5.225208E-8
3737646233.454222	1.562000	1.100500	1.575000	-19.990000	-15.000000	1.400000	100.000000	17.000000	100.000000	4.180000	0.000000	0.000000	0.000000	0.000000	1	1	0.000000	1.000000	1.000000	1.000000	1.000000	1.000000	1.000000	740.000000	740.000000	0.000000	6.000000	6.000000	-3.135551E-13	-4.980087E-8
3737646238.833633	1.562000	1.100500	1.575000	-19.990000	-15.000000	1.600000	100.000000	17.000000	100.000000	4.180000	0.000000	0.000000	0.000000	0.000000	1	1	0.000000	1.000000	1.000000	1.000000	1.000000	1.000000	1.000000	740.000000	740.000000	0.000000	6.000000	8.000000	-3.135551E-13	-4.837099E-8
3737646244.206807	1.562000	1.100500	1.575000	-19.990000	-15.000000	1.800000	100.000000	17.000000	100.000000	4.180000	0.000000	0.000000	0.000000	0.000000	1	1	0.000000	1.000000	1.000000	1.000000	1.000000	1.000000	1.000000	740.000000	740.000000	0.000000	9.000000	11.000000	-3.135551E-13	-5.266062E-8
3737646249.595846	1.562000	1.100500	1.575000	-19.990000	-15.000000	2.000000	100.000000	17.000000	100.000000	4.180000	0.000000	0.000000	0.000000	0.000000	1	1	0.000000	1.000000	1.000000	1.000000	1.000000	1.000000	1.000000	740.000000	740.000000	0.000000	1.000000	6.000000	-3.135551E-13	-5.143502E-8
3737646254.941842	1.562000	1.100500	1.575000	-19.990000	-15.000000	2.200000	100.000000	17.000000	100.000000	4.180000	0.000000	0.000000	0.000000	0.000000	1	1	0.000000	1.000000	1.000000	1.000000	1.000000	1.000000	1.000000	740.000000	740.000000	0.000000	3.000000	8.000000	-3.135551E-13	-5.511182E-8
3737646260.316183	1.562000	1.100500	1.575000	-19.990000	-15.000000	2.400000	100.000000	17.000000	100.000000	4.180000	0.000000	0.000000	0.000000	0.000000	1	1	0.000000	1.000000	1.000000	1.000000	1.000000	1.000000	1.000000	740.000000	740.000000	0.000000	4.000000	3.000000	-3.135551E-13	-5.225208E-8
3737646265.704577	1.562000	1.100500	1.575000	-19.990000	-15.000000	2.600000	100.000000	17.000000	100.000000	4.180000	0.000000	0.000000	0.000000	0.000000	1	1	0.000000	1.000000	1.000000	1.000000	1.000000	1.000000	1.000000	740.000000	740.000000	0.000000	7.000000	9.000000	-3.135551E-13	-4.898378E-8
3737646271.055863	1.562000	1.100500	1.575000	-19.990000	-15.000000	2.800000	100.000000	17.000000	100.000000	4.180000	0.000000	0.000000	0.000000	0.000000	1	1	0.000000	1.000000	1.000000	1.000000	1.000000	1.000000	1.000000	740.000000	740.000000	0.000000	8.000000	3.000000	-3.135551E-13	-4.265150E-8
3737646276.409734	1.562000	1.100500	1.575000	-19.990000	-15.000000	3.000000	100.000000	17.000000	100.000000	4.180000	0.000000	0.000000	0.000000	0.000000	1	1	0.000000	1.000000	1.000000	1.000000	1.000000	1.000000	1.000000	740.000000	740.000000	0.000000	5.000000	9.000000	-3.135551E-13	-4.918807E-8
3737646281.760082	1.562000	1.100500	1.575000	-19.990000	-15.000000	3.200000	100.000000	17.000000	100.000000	4.180000	0.000000	0.000000	0.000000	0.000000	1	1	0.000000	1.000000	1.000000	1.000000	1.000000	1.000000	1.000000	740.000000	740.000000	0.000000	5.000000	2.000000	-3.135551E-13	-5.204781E-8
3737646287.105161	1.562000	1.100500	1.575000	-19.990000	-15.000000	3.400000	100.000000	17.000000	100.000000	4.180000	0.000000	0.000000	0.000000	0.000000	1	1	0.000000	1.000000	1.000000	1.000000	1.000000	1.000000	1.000000	740.000000	740.000000	0.000000	7.000000	2.000000	-3.135551E-13	-4.980086E-8
3737646292.454715	1.562000	1.100500	1.575000	-19.990000	-15.000000	3.600000	100.000000	17.000000	100.000000	4.180000	0.000000	0.000000	0.000000	0.000000	1	1	0.000000	1.000000	1.000000	1.000000	1.000000	1.000000	1.000000	740.000000	740.000000	0.000000	2.000000	9.000000	-3.135551E-13	-4.632832E-8
3737646297.819301	1.562000	1.100500	1.575000	-19.990000	-15.000000	3.800000	100.000000	17.000000	100.000000	4.180000	0.000000	0.000000	0.000000	0.000000	1	1	0.000000	1.000000	1.000000	1.000000	1.000000	1.000000	1.000000	740.000000	740.000000	0.000000	3.000000	6.000000	-3.135551E-13	-5.633742E-8
3737646303.182795	1.562000	1.100500	1.575000	-19.990000	-15.000000	4.000000	100.000000	17.000000	100.000000	4.180000	0.000000	0.000000	0.000000	0.000000	1	1	0.000000	1.000000	1.000000	1.000000	1.000000	1.000000	1.000000	740.000000	740.000000	0.000000	6.000000	2.000000	-3.135551E-13	-4.959661E-8
3737646308.541474	1.562000	1.100500	1.575000	-19.990000	-15.000000	4.200000	100.000000	17.000000	100.000000	4.180000	0.000000	0.000000	0.000000	0.000000	1	1	0.000000	1.000000	1.000000	1.000000	1.000000	1.000000	1.000000	740.000000	740.000000	0.000000	6.000000	10.000000	-3.135551E-13	-5.306914E-8
3737646313.916818	1.562000	1.100500	1.575000	-19.990000	-15.000000	4.400000	100.000000	17.000000	100.000000	4.180000	0.000000	0.000000	0.000000	0.000000	1	1	0.000000	1.000000	1.000000	1.000000	1.000000	1.000000	1.000000	740.000000	740.000000	0.000000	4.000000	12.000000	-3.135551E-13	-5.082220E-8
3737646319.293467	1.562000	1.100500	1.575000	-19.990000	-15.000000	4.600000	100.000000	17.000000	100.000000	4.180000	0.000000	0.000000	0.000000	0.000000	1	1	0.000000	1.000000	1.000000	1.000000	1.000000	1.000000	1.000000	740.000000	740.000000	0.000000	4.000000	13.000000	-3.135551E-13	-5.061793E-8
3737646324.647795	1.562000	1.100500	1.575000	-19.990000	-15.000000	4.800000	100.000000	17.000000	100.000000	4.180000	0.000000	0.000000	0.000000	0.000000	1	1	0.000000	1.000000	1.000000	1.000000	1.000000	1.000000	1.000000	740.000000	740.000000	0.000000	9.000000	40.000000	-3.135551E-13	-5.490756E-8
3737646331.557073	1.562000	1.100500	1.575000	-19.990000	-15.000000	5.000000	100.000000	17.000000	100.000000	4.180000	0.000000	0.000000	0.000000	0.000000	1	1	0.000000	1.000000	1.000000	1.000000	1.000000	1.000000	1.000000	740.000000	740.000000	0.000000	27.000000	67.000000	-3.135551E-13	-5.327341E-8
3737646338.466900	1.562000	1.100500	1.575000	-19.990000	-15.000000	5.200000	100.000000	17.000000	100.000000	4.180000	0.000000	0.000000	0.000000	0.000000	1	1	0.000000	1.000000	1.000000	1.000000	1.000000	1.000000	1.000000	740.000000	740.000000	0.000000	51.000000	121.000000	-3.135551E-13	-5.654169E-8
3737646345.591607	1.562000	1.100500	1.575000	-19.990000	-15.000000	5.400000	100.000000	17.000000	100.000000	4.180000	0.000000	0.000000	0.000000	0.000000	1	1	0.000000	1.000000	1.000000	1.000000	1.000000	1.000000	1.000000	740.000000	740.000000	0.000000	96.000000	153.000000	-3.135551E-13	-7.288313E-8
3737646352.616241	1.562000	1.100500	1.575000	-19.990000	-15.000000	5.600000	100.000000	17.000000	100.000000	4.180000	0.000000	0.000000	0.000000	0.000000	1	1	0.000000	1.000000	1.000000	1.000000	1.000000	1.000000	1.000000	740.000000	740.000000	0.000000	105.000000	166.000000	-3.135551E-13	-2.064742E-7
3737646359.630325	1.562000	1.100500	1.575000	-19.990000	-15.000000	5.800000	100.000000	17.000000	100.000000	4.180000	0.000000	0.000000	0.000000	0.000000	1	1	0.000000	1.000000	1.000000	1.000000	1.000000	1.000000	1.000000	740.000000	740.000000	0.000000	110.000000	147.000000	-3.135551E-13	-7.118327E-7
3737646366.930084	1.562000	1.100500	1.575000	-19.990000	-15.000000	6.000000	100.000000	17.000000	100.000000	4.180000	0.000000	0.000000	0.000000	0.000000	1	1	0.000000	1.000000	1.000000	1.000000	1.000000	1.000000	1.000000	740.000000	740.000000	0.000000	90.000000	101.000000	-3.135551E-13	-2.016285E-6
3737646373.787541	1.562000	1.100500	1.575000	-19.990000	-15.000000	6.200000	100.000000	17.000000	100.000000	4.180000	0.000000	0.000000	0.000000	0.000000	1	1	0.000000	1.000000	1.000000	1.000000	1.000000	1.000000	1.000000	740.000000	740.000000	0.000000	82.000000	53.000000	-3.135551E-13	-3.805672E-6
3737646380.600970	1.562000	1.100500	1.575000	-19.990000	-15.000000	6.400000	100.000000	17.000000	100.000000	4.180000	0.000000	0.000000	0.000000	0.000000	1	1	0.000000	1.000000	1.000000	1.000000	1.000000	1.000000	1.000000	740.000000	740.000000	0.000000	48.000000	47.000000	-3.135551E-13	-5.443898E-6
3737646388.776622	1.562000	1.100500	1.575000	-19.990000	-15.000000	6.600000	100.000000	17.000000	100.000000	4.180000	0.000000	0.000000	0.000000	0.000000	1	1	0.000000	1.000000	1.000000	1.000000	1.000000	1.000000	1.000000	740.000000	740.000000	0.000000	51.000000	32.000000	-3.135551E-13	-6.004409E-6
3737646395.693773	1.562000	1.100500	1.575000	-19.990000	-15.000000	6.800000	100.000000	17.000000	100.000000	4.180000	0.000000	0.000000	0.000000	0.000000	1	1	0.000000	1.000000	1.000000	1.000000	1.000000	1.000000	1.000000	740.000000	740.000000	0.000000	49.000000	30.000000	-3.135551E-13	-5.834255E-6
3737646402.656011	1.562000	1.100500	1.575000	-19.990000	-15.000000	7.000000	100.000000	17.000000	100.000000	4.180000	0.000000	0.000000	0.000000	0.000000	1	1	0.000000	1.000000	1.000000	1.000000	1.000000	1.000000	1.000000	740.000000	740.000000	0.000000	55.000000	32.000000	-3.135551E-13	-5.658175E-6
3737646409.790314	1.562000	1.100500	1.575000	-19.990000	-15.000000	7.200000	100.000000	17.000000	100.000000	4.180000	0.000000	0.000000	0.000000	0.000000	1	1	0.000000	1.000000	1.000000	1.000000	1.000000	1.000000	1.000000	740.000000	740.000000	0.000000	52.000000	23.000000	-3.135551E-13	-5.530509E-6
3737646416.886264	1.562000	1.100500	1.575000	-19.990000	-15.000000	7.400000	100.000000	17.000000	100.000000	4.180000	0.000000	0.000000	0.000000	0.000000	1	1	0.000000	1.000000	1.000000	1.000000	1.000000	1.000000	1.000000	740.000000	740.000000	0.000000	63.000000	30.000000	-3.135551E-13	-5.440631E-6
3737646423.897319	1.562000	1.100500	1.575000	-19.990000	-15.000000	7.600000	100.000000	17.000000	100.000000	4.180000	0.000000	0.000000	0.000000	0.000000	1	1	0.000000	1.000000	1.000000	1.000000	1.000000	1.000000	1.000000	740.000000	740.000000	0.000000	54.000000	31.000000	-3.135551E-13	-5.385888E-6
3737646430.184722	1.562000	1.100500	1.575000	-19.990000	-15.000000	7.800000	100.000000	17.000000	100.000000	4.180000	0.000000	0.000000	0.000000	0.000000	1	1	0.000000	1.000000	1.000000	1.000000	1.000000	1.000000	1.000000	740.000000	740.000000	0.000000	53.000000	24.000000	-3.135551E-13	-5.336657E-6
3737646435.526371	1.562000	1.100500	1.575000	-19.990000	-15.000000	8.000000	100.000000	17.000000	100.000000	4.180000	0.000000	0.000000	0.000000	0.000000	1	1	0.000000	1.000000	1.000000	1.000000	1.000000	1.000000	1.000000	740.000000	740.000000	0.000000	57.000000	21.000000	-3.135551E-13	-5.323585E-6
3737646441.859027	1.562000	1.100500	1.575000	-19.990000	-15.000000	8.200000	100.000000	17.000000	100.000000	4.180000	0.000000	0.000000	0.000000	0.000000	1	1	0.000000	1.000000	1.000000	1.000000	1.000000	1.000000	1.000000	740.000000	740.000000	0.000000	41.000000	29.000000	-3.135551E-13	-5.330530E-6
3737646448.152061	1.562000	1.100500	1.575000	-19.990000	-15.000000	8.400000	100.000000	17.000000	100.000000	4.180000	0.000000	0.000000	0.000000	0.000000	1	1	0.000000	1.000000	1.000000	1.000000	1.000000	1.000000	1.000000	740.000000	740.000000	0.000000	41.000000	23.000000	-3.135551E-13	-5.358925E-6
3737646453.528090	1.562000	1.100500	1.575000	-19.990000	-15.000000	8.600000	100.000000	17.000000	100.000000	4.180000	0.000000	0.000000	0.000000	0.000000	1	1	0.000000	1.000000	1.000000	1.000000	1.000000	1.000000	1.000000	740.000000	740.000000	0.000000	32.000000	19.000000	-3.135551E-13	-5.421429E-6
3737646458.913195	1.562000	1.100500	1.575000	-19.990000	-15.000000	8.800000	100.000000	17.000000	100.000000	4.180000	0.000000	0.000000	0.000000	0.000000	1	1	0.000000	1.000000	1.000000	1.000000	1.000000	1.000000	1.000000	740.000000	740.000000	0.000000	31.000000	18.000000	-3.135551E-13	-5.519274E-6
3737646464.280262	1.562000	1.100500	1.575000	-19.990000	-15.000000	9.000000	100.000000	17.000000	100.000000	4.180000	0.000000	0.000000	0.000000	0.000000	1	1	0.000000	1.000000	1.000000	1.000000	1.000000	1.000000	1.000000	740.000000	740.000000	0.000000	37.000000	23.000000	-3.135551E-13	-5.677377E-6
3737646469.637569	1.562000	1.100500	1.575000	-19.990000	-15.000000	9.200000	100.000000	17.000000	100.000000	4.180000	0.000000	0.000000	0.000000	0.000000	1	1	0.000000	1.000000	1.000000	1.000000	1.000000	1.000000	1.000000	740.000000	740.000000	0.000000	22.000000	15.000000	-3.135551E-13	-5.864283E-6
3737646474.990067	1.562000	1.100500	1.575000	-19.990000	-15.000000	9.400000	100.000000	17.000000	100.000000	4.180000	0.000000	0.000000	0.000000	0.000000	1	1	0.000000	1.000000	1.000000	1.000000	1.000000	1.000000	1.000000	740.000000	740.000000	0.000000	32.000000	19.000000	-3.135551E-13	-6.064261E-6
3737646480.362046	1.562000	1.100500	1.575000	-19.990000	-15.000000	9.600000	100.000000	17.000000	100.000000	4.180000	0.000000	0.000000	0.000000	0.000000	1	1	0.000000	1.000000	1.000000	1.000000	1.000000	1.000000	1.000000	740.000000	740.000000	0.000000	26.000000	17.000000	-3.135551E-13	-6.270981E-6
3737646485.709338	1.562000	1.100500	1.575000	-19.990000	-15.000000	9.800000	100.000000	17.000000	100.000000	4.180000	0.000000	0.000000	0.000000	0.000000	1	1	0.000000	1.000000	1.000000	1.000000	1.000000	1.000000	1.000000	740.000000	740.000000	0.000000	10.000000	21.000000	-3.135551E-13	-6.434599E-6
3737646491.068017	1.562000	1.100500	1.575000	-19.990000	-15.000000	10.000000	100.000000	17.000000	100.000000	4.180000	0.000000	0.000000	0.000000	0.000000	1	1	0.000000	1.000000	1.000000	1.000000	1.000000	1.000000	1.000000	740.000000	740.000000	0.000000	19.000000	13.000000	-3.135551E-13	-6.570435E-6
3737646496.451310	1.562000	1.100500	1.575000	-19.990000	-15.000000	10.200000	100.000000	17.000000	100.000000	4.180000	0.000000	0.000000	0.000000	0.000000	1	1	0.000000	1.000000	1.000000	1.000000	1.000000	1.000000	1.000000	740.000000	740.000000	0.000000	16.000000	10.000000	-3.135551E-13	-6.697695E-6
3737646501.808279	1.562000	1.100500	1.575000	-19.990000	-15.000000	10.400000	100.000000	17.000000	100.000000	4.180000	0.000000	0.000000	0.000000	0.000000	1	1	0.000000	1.000000	1.000000	1.000000	1.000000	1.000000	1.000000	740.000000	740.000000	0.000000	16.000000	9.000000	-3.135551E-13	-6.797988E-6
3737646507.175035	1.562000	1.100500	1.575000	-19.990000	-15.000000	10.600000	100.000000	17.000000	100.000000	4.180000	0.000000	0.000000	0.000000	0.000000	1	1	0.000000	1.000000	1.000000	1.000000	1.000000	1.000000	1.000000	740.000000	740.000000	0.000000	13.000000	13.000000	-3.135551E-13	-6.884192E-6
3737646512.543719	1.562000	1.100500	1.575000	-19.990000	-15.000000	10.800000	100.000000	17.000000	100.000000	4.180000	0.000000	0.000000	0.000000	0.000000	1	1	0.000000	1.000000	1.000000	1.000000	1.000000	1.000000	1.000000	740.000000	740.000000	0.000000	3.000000	12.000000	-3.135551E-13	-6.942407E-6
3737646517.905680	1.562000	1.100500	1.575000	-19.990000	-15.000000	11.000000	100.000000	17.000000	100.000000	4.180000	0.000000	0.000000	0.000000	0.000000	1	1	0.000000	1.000000	1.000000	1.000000	1.000000	1.000000	1.000000	740.000000	740.000000	0.000000	11.000000	12.000000	-3.135551E-13	-6.998786E-6
3737646523.252963	1.562000	1.100500	1.575000	-19.990000	-15.000000	11.200000	100.000000	17.000000	100.000000	4.180000	0.000000	0.000000	0.000000	0.000000	1	1	0.000000	1.000000	1.000000	1.000000	1.000000	1.000000	1.000000	740.000000	740.000000	0.000000	10.000000	13.000000	-3.135551E-13	-7.021667E-6
3737646528.621448	1.562000	1.100500	1.575000	-19.990000	-15.000000	11.400000	100.000000	17.000000	100.000000	4.180000	0.000000	0.000000	0.000000	0.000000	1	1	0.000000	1.000000	1.000000	1.000000	1.000000	1.000000	1.000000	740.000000	740.000000	0.000000	14.000000	12.000000	-3.135551E-13	-7.074162E-6
3737646533.992032	1.562000	1.100500	1.575000	-19.990000	-15.000000	11.600000	100.000000	17.000000	100.000000	4.180000	0.000000	0.000000	0.000000	0.000000	1	1	0.000000	1.000000	1.000000	1.000000	1.000000	1.000000	1.000000	740.000000	740.000000	0.000000	9.000000	12.000000	-3.135551E-13	-7.107863E-6
3737646539.361212	1.562000	1.100500	1.575000	-19.990000	-15.000000	11.800000	100.000000	17.000000	100.000000	4.180000	0.000000	0.000000	0.000000	0.000000	1	1	0.000000	1.000000	1.000000	1.000000	1.000000	1.000000	1.000000	740.000000	740.000000	0.000000	21.000000	6.000000	-3.135551E-13	-7.137278E-6
3737646544.731656	1.562000	1.100500	1.575000	-19.990000	-15.000000	12.000000	100.000000	17.000000	100.000000	4.180000	0.000000	0.000000	0.000000	0.000000	1	1	0.000000	1.000000	1.000000	1.000000	1.000000	1.000000	1.000000	740.000000	740.000000	0.000000	24.000000	8.000000	-3.135551E-13	-7.150761E-6
3737646550.089382	1.562000	1.100500	1.575000	-19.990000	-15.000000	12.200000	100.000000	17.000000	100.000000	4.180000	0.000000	0.000000	0.000000	0.000000	1	1	0.000000	1.000000	1.000000	1.000000	1.000000	1.000000	1.000000	740.000000	740.000000	0.000000	39.000000	13.000000	-3.135551E-13	-7.175271E-6
3737646555.475033	1.562000	1.100500	1.575000	-19.990000	-15.000000	12.400000	100.000000	17.000000	100.000000	4.180000	0.000000	0.000000	0.000000	0.000000	1	1	0.000000	1.000000	1.000000	1.000000	1.000000	1.000000	1.000000	740.000000	740.000000	0.000000	26.000000	12.000000	-3.135551E-13	-7.195904E-6
3737646560.852984	1.562000	1.100500	1.575000	-19.990000	-15.000000	12.600000	100.000000	17.000000	100.000000	4.180000	0.000000	0.000000	0.000000	0.000000	1	1	0.000000	1.000000	1.000000	1.000000	1.000000	1.000000	1.000000	740.000000	740.000000	0.000000	43.000000	15.000000	-3.135551E-13	-7.211635E-6
3737646566.213919	1.562000	1.100500	1.575000	-19.990000	-15.000000	12.800000	100.000000	17.000000	100.000000	4.180000	0.000000	0.000000	0.000000	0.000000	1	1	0.000000	1.000000	1.000000	1.000000	1.000000	1.000000	1.000000	740.000000	740.000000	0.000000	43.000000	15.000000	-3.135551E-13	-7.226136E-6
3737646571.570971	1.562000	1.100500	1.575000	-19.990000	-15.000000	13.000000	100.000000	17.000000	100.000000	4.180000	0.000000	0.000000	0.000000	0.000000	1	1	0.000000	1.000000	1.000000	1.000000	1.000000	1.000000	1.000000	740.000000	740.000000	0.000000	61.000000	18.000000	-3.135551E-13	-7.240229E-6
3737646576.940640	1.562000	1.100500	1.575000	-19.990000	-15.000000	13.200000	100.000000	17.000000	100.000000	4.180000	0.000000	0.000000	0.000000	0.000000	1	1	0.000000	1.000000	1.000000	1.000000	1.000000	1.000000	1.000000	740.000000	740.000000	0.000000	50.000000	11.000000	-3.135551E-13	-7.245746E-6
3737646584.099274	1.562000	1.100500	1.575000	-19.990000	-15.000000	13.400000	100.000000	17.000000	100.000000	4.180000	0.000000	0.000000	0.000000	0.000000	1	1	0.000000	1.000000	1.000000	1.000000	1.000000	1.000000	1.000000	740.000000	740.000000	0.000000	69.000000	20.000000	-3.135551E-13	-7.271889E-6
3737646590.374298	1.562000	1.100500	1.575000	-19.990000	-15.000000	13.600000	100.000000	17.000000	100.000000	4.180000	0.000000	0.000000	0.000000	0.000000	1	1	0.000000	1.000000	1.000000	1.000000	1.000000	1.000000	1.000000	740.000000	740.000000	0.000000	55.000000	19.000000	-3.135551E-13	-7.278634E-6
3737646596.698968	1.562000	1.100500	1.575000	-19.990000	-15.000000	13.800000	100.000000	17.000000	100.000000	4.180000	0.000000	0.000000	0.000000	0.000000	1	1	0.000000	1.000000	1.000000	1.000000	1.000000	1.000000	1.000000	740.000000	740.000000	0.000000	57.000000	11.000000	-3.135551E-13	-7.292934E-6
3737646602.070368	1.562000	1.100500	1.575000	-19.990000	-15.000000	14.000000	100.000000	17.000000	100.000000	4.180000	0.000000	0.000000	0.000000	0.000000	1	1	0.000000	1.000000	1.000000	1.000000	1.000000	1.000000	1.000000	740.000000	740.000000	0.000000	51.000000	17.000000	-3.135551E-13	-7.308250E-6
3737646608.342206	1.562000	1.100500	1.575000	-19.990000	-15.000000	14.200000	100.000000	17.000000	100.000000	4.180000	0.000000	0.000000	0.000000	0.000000	1	1	0.000000	1.000000	1.000000	1.000000	1.000000	1.000000	1.000000	740.000000	740.000000	0.000000	54.000000	20.000000	-3.135551E-13	-7.320099E-6
3737646613.695390	1.562000	1.100500	1.575000	-19.990000	-15.000000	14.400000	100.000000	17.000000	100.000000	4.180000	0.000000	0.000000	0.000000	0.000000	1	1	0.000000	1.000000	1.000000	1.000000	1.000000	1.000000	1.000000	740.000000	740.000000	0.000000	35.000000	15.000000	-3.135551E-13	-7.326227E-6
3737646619.056059	1.562000	1.100500	1.575000	-19.990000	-15.000000	14.600000	100.000000	17.000000	100.000000	4.180000	0.000000	0.000000	0.000000	0.000000	1	1	0.000000	1.000000	1.000000	1.000000	1.000000	1.000000	1.000000	740.000000	740.000000	0.000000	41.000000	16.000000	-3.135551E-13	-7.341137E-6
3737646624.434670	1.562000	1.100500	1.575000	-19.990000	-15.000000	14.800000	100.000000	17.000000	100.000000	4.180000	0.000000	0.000000	0.000000	0.000000	1	1	0.000000	1.000000	1.000000	1.000000	1.000000	1.000000	1.000000	740.000000	740.000000	0.000000	39.000000	16.000000	-3.135551E-13	-7.352782E-6
3737646629.783228	1.562000	1.100500	1.575000	-19.990000	-15.000000	15.000000	100.000000	17.000000	100.000000	4.180000	0.000000	0.000000	0.000000	0.000000	1	1	0.000000	1.000000	1.000000	1.000000	1.000000	1.000000	1.000000	740.000000	740.000000	0.000000	37.000000	12.000000	-3.135551E-13	-7.370758E-6
3737646635.149321	1.562000	1.100500	1.575000	-19.990000	-15.000000	15.200000	100.000000	17.000000	100.000000	4.180000	0.000000	0.000000	0.000000	0.000000	1	1	0.000000	1.000000	1.000000	1.000000	1.000000	1.000000	1.000000	740.000000	740.000000	0.000000	18.000000	19.000000	-3.135551E-13	-7.378724E-6
3737646640.528852	1.562000	1.100500	1.575000	-19.990000	-15.000000	15.400000	100.000000	17.000000	100.000000	4.180000	0.000000	0.000000	0.000000	0.000000	1	1	0.000000	1.000000	1.000000	1.000000	1.000000	1.000000	1.000000	740.000000	740.000000	0.000000	39.000000	15.000000	-3.135551E-13	-7.387916E-6
3737646645.913490	1.562000	1.100500	1.575000	-19.990000	-15.000000	15.600000	100.000000	17.000000	100.000000	4.180000	0.000000	0.000000	0.000000	0.000000	1	1	0.000000	1.000000	1.000000	1.000000	1.000000	1.000000	1.000000	740.000000	740.000000	0.000000	35.000000	11.000000	-3.135551E-13	-7.399353E-6
3737646651.288115	1.562000	1.100500	1.575000	-19.990000	-15.000000	15.800000	100.000000	17.000000	100.000000	4.180000	0.000000	0.000000	0.000000	0.000000	1	1	0.000000	1.000000	1.000000	1.000000	1.000000	1.000000	1.000000	740.000000	740.000000	0.000000	33.000000	13.000000	-3.135551E-13	-7.414879E-6
3737646656.673538	1.562000	1.100500	1.575000	-19.990000	-15.000000	16.000000	100.000000	17.000000	100.000000	4.180000	0.000000	0.000000	0.000000	0.000000	1	1	0.000000	1.000000	1.000000	1.000000	1.000000	1.000000	1.000000	740.000000	740.000000	0.000000	30.000000	15.000000	-3.135551E-13	-7.414880E-6
3737646662.036392	1.562000	1.100500	1.575000	-19.990000	-15.000000	16.200000	100.000000	17.000000	100.000000	4.180000	0.000000	0.000000	0.000000	0.000000	1	1	0.000000	1.000000	1.000000	1.000000	1.000000	1.000000	1.000000	740.000000	740.000000	0.000000	33.000000	13.000000	-3.135551E-13	-7.429995E-6
3737646667.388890	1.562000	1.100500	1.575000	-19.990000	-15.000000	16.400000	100.000000	17.000000	100.000000	4.180000	0.000000	0.000000	0.000000	0.000000	1	1	0.000000	1.000000	1.000000	1.000000	1.000000	1.000000	1.000000	740.000000	740.000000	0.000000	44.000000	12.000000	-3.135551E-13	-7.436122E-6
3737646672.743713	1.562000	1.100500	1.575000	-19.990000	-15.000000	16.600000	100.000000	17.000000	100.000000	4.180000	0.000000	0.000000	0.000000	0.000000	1	1	0.000000	1.000000	1.000000	1.000000	1.000000	1.000000	1.000000	740.000000	740.000000	0.000000	47.000000	15.000000	-3.135551E-13	-7.437350E-6
3737646678.122102	1.562000	1.100500	1.575000	-19.990000	-15.000000	16.800000	100.000000	17.000000	100.000000	4.180000	0.000000	0.000000	0.000000	0.000000	1	1	0.000000	1.000000	1.000000	1.000000	1.000000	1.000000	1.000000	740.000000	740.000000	0.000000	44.000000	19.000000	-3.135551E-13	-7.442252E-6
3737646683.492748	1.562000	1.100500	1.575000	-19.990000	-15.000000	17.000000	100.000000	17.000000	100.000000	4.180000	0.000000	0.000000	0.000000	0.000000	1	1	0.000000	1.000000	1.000000	1.000000	1.000000	1.000000	1.000000	740.000000	740.000000	0.000000	40.000000	16.000000	-3.135551E-13	-7.451037E-6
3737646688.863601	1.562000	1.100500	1.575000	-19.990000	-15.000000	17.200000	100.000000	17.000000	100.000000	4.180000	0.000000	0.000000	0.000000	0.000000	1	1	0.000000	1.000000	1.000000	1.000000	1.000000	1.000000	1.000000	740.000000	740.000000	0.000000	44.000000	6.000000	-3.135551E-13	-7.454712E-6
3737646694.240808	1.562000	1.100500	1.575000	-19.990000	-15.000000	17.400000	100.000000	17.000000	100.000000	4.180000	0.000000	0.000000	0.000000	0.000000	1	1	0.000000	1.000000	1.000000	1.000000	1.000000	1.000000	1.000000	740.000000	740.000000	0.000000	29.000000	14.000000	-3.135551E-13	-7.454301E-6
3737646699.582655	1.562000	1.100500	1.575000	-19.990000	-15.000000	17.600000	100.000000	17.000000	100.000000	4.180000	0.000000	0.000000	0.000000	0.000000	1	1	0.000000	1.000000	1.000000	1.000000	1.000000	1.000000	1.000000	740.000000	740.000000	0.000000	46.000000	11.000000	-3.135551E-13	-7.472072E-6
3737646704.960637	1.562000	1.100500	1.575000	-19.990000	-15.000000	17.800000	100.000000	17.000000	100.000000	4.180000	0.000000	0.000000	0.000000	0.000000	1	1	0.000000	1.000000	1.000000	1.000000	1.000000	1.000000	1.000000	740.000000	740.000000	0.000000	37.000000	19.000000	-3.135551E-13	-7.461453E-6
3737646710.323326	1.562000	1.100500	1.575000	-19.990000	-15.000000	18.000000	100.000000	17.000000	100.000000	4.180000	0.000000	0.000000	0.000000	0.000000	1	1	0.000000	1.000000	1.000000	1.000000	1.000000	1.000000	1.000000	740.000000	740.000000	0.000000	43.000000	13.000000	-3.135551E-13	-7.470645E-6
3737646716.674393	1.562000	1.100500	1.575000	-19.990000	-15.000000	18.200000	100.000000	17.000000	100.000000	4.180000	0.000000	0.000000	0.000000	0.000000	1	1	0.000000	1.000000	1.000000	1.000000	1.000000	1.000000	1.000000	740.000000	740.000000	0.000000	51.000000	23.000000	-3.135551E-13	-7.473300E-6
3737646722.984817	1.562000	1.100500	1.575000	-19.990000	-15.000000	18.400000	100.000000	17.000000	100.000000	4.180000	0.000000	0.000000	0.000000	0.000000	1	1	0.000000	1.000000	1.000000	1.000000	1.000000	1.000000	1.000000	740.000000	740.000000	0.000000	53.000000	12.000000	-3.135551E-13	-7.476979E-6
3737646731.204327	1.562000	1.100500	1.575000	-19.990000	-15.000000	18.600000	100.000000	17.000000	100.000000	4.180000	0.000000	0.000000	0.000000	0.000000	1	1	0.000000	1.000000	1.000000	1.000000	1.000000	1.000000	1.000000	740.000000	740.000000	0.000000	47.000000	21.000000	-3.135551E-13	-7.485355E-6
3737646739.448511	1.562000	1.100500	1.575000	-19.990000	-15.000000	18.800000	100.000000	17.000000	100.000000	4.180000	0.000000	0.000000	0.000000	0.000000	1	1	0.000000	1.000000	1.000000	1.000000	1.000000	1.000000	1.000000	740.000000	740.000000	0.000000	56.000000	20.000000	-3.135551E-13	-7.493727E-6
3737646746.535851	1.562000	1.100500	1.575000	-19.990000	-15.000000	19.000000	100.000000	17.000000	100.000000	4.180000	0.000000	0.000000	0.000000	0.000000	1	1	0.000000	1.000000	1.000000	1.000000	1.000000	1.000000	1.000000	740.000000	740.000000	0.000000	52.000000	21.000000	-3.135551E-13	-7.496179E-6
3737646752.805380	1.562000	1.100500	1.575000	-19.990000	-15.000000	19.200000	100.000000	17.000000	100.000000	4.180000	0.000000	0.000000	0.000000	0.000000	1	1	0.000000	1.000000	1.000000	1.000000	1.000000	1.000000	1.000000	740.000000	740.000000	0.000000	51.000000	24.000000	-3.135551E-13	-7.504553E-6
3737646759.781440	1.562000	1.100500	1.575000	-19.990000	-15.000000	19.400000	100.000000	17.000000	100.000000	4.180000	0.000000	0.000000	0.000000	0.000000	1	1	0.000000	1.000000	1.000000	1.000000	1.000000	1.000000	1.000000	740.000000	740.000000	0.000000	61.000000	41.000000	-3.135551E-13	-7.511909E-6
3737646766.603376	1.562000	1.100500	1.575000	-19.990000	-15.000000	19.600000	100.000000	17.000000	100.000000	4.180000	0.000000	0.000000	0.000000	0.000000	1	1	0.000000	1.000000	1.000000	1.000000	1.000000	1.000000	1.000000	740.000000	740.000000	0.000000	56.000000	22.000000	-3.135551E-13	-7.521713E-6
3737646773.475916	1.562000	1.100500	1.575000	-19.990000	-15.000000	19.800000	100.000000	17.000000	100.000000	4.180000	0.000000	0.000000	0.000000	0.000000	1	1	0.000000	1.000000	1.000000	1.000000	1.000000	1.000000	1.000000	740.000000	740.000000	0.000000	64.000000	28.000000	-3.135551E-13	-7.521101E-6
3737646780.609027	1.562000	1.100500	1.575000	-19.990000	-15.000000	20.000000	100.000000	17.000000	100.000000	4.180000	0.000000	0.000000	0.000000	0.000000	1	1	0.000000	1.000000	1.000000	1.000000	1.000000	1.000000	1.000000	740.000000	740.000000	0.000000	62.000000	23.000000	-3.135551E-13	-7.528862E-6
