#Cu(100) The=20_03.dat
#6/9/2022 1:55:08 PM
#Preliminary IPES Scan
#Sweep En
#Measure rgm, lgm, 6487
#Timestamp (sec)	X (mm)	Y (mm)	Z (mm)	Theta (deg)	EG Grid (V)	EG Energy (eV)	EG Extraction (V)	EG Focus 1 (V)	EG Focus 2 (V)	EG Filament (V)	EG X1 Alignment (V)	EG X2 Alignment (V)	EG Y1 Alignment (V)	EG Y2 Alignment (V)	6485 Samples	6487 Samples	6487 Voltage (V)	GM2 Dwell Time (s)	GM2 SCA Lower Limit (V)	GM2 SCA Upper Limit (V)	GM1 Dwell Time (s)	GM1 SCA Lower Limit (V)	GM1 SCA Upper Limit (V)	Voltage Supply A (V)	Voltage Supply B (V)	Dummy	GM2 Counts	GM1 Counts	Keithley6485 Current (A)	Keithley6487 Current (A)
#time	xpos	ypos	zpos	theta	grid	en	ext	f1	f2	fil	x1	x2	y1	y2	6485s	6487s	6487v	gm2dw	gm2ll	gm2ul	gm1dw	gm1ll	gm1ul	va	vb	dummy	gm2	gm1	6485c	6487c
3737642114.645869	1.562000	1.100500	1.575000	20.010000	-15.000000	0.000000	100.000000	17.000000	100.000000	4.180000	0.000000	0.000000	0.000000	0.000000	1	1	0.000000	1.000000	1.000000	1.000000	1.000000	1.000000	1.000000	740.000000	740.000000	0.000000	4.000000	5.000000	1.015824E-13	-5.000528E-8
3737642119.997388	1.562000	1.100500	1.575000	20.010000	-15.000000	0.200000	100.000000	17.000000	100.000000	4.180000	0.000000	0.000000	0.000000	0.000000	1	1	0.000000	1.000000	1.000000	1.000000	1.000000	1.000000	1.000000	740.000000	740.000000	0.000000	5.000000	5.000000	1.015824E-13	-4.857541E-8
3737642125.333684	1.562000	1.100500	1.575000	20.010000	-15.000000	0.400000	100.000000	17.000000	100.000000	4.180000	0.000000	0.000000	0.000000	0.000000	1	1	0.000000	1.000000	1.000000	1.000000	1.000000	1.000000	1.000000	740.000000	740.000000	0.000000	9.000000	9.000000	1.015824E-13	-5.184368E-8
3737642130.713047	1.562000	1.100500	1.575000	20.010000	-15.000000	0.600000	100.000000	17.000000	100.000000	4.180000	0.000000	0.000000	0.000000	0.000000	1	1	0.000000	1.000000	1.000000	1.000000	1.000000	1.000000	1.000000	740.000000	740.000000	0.000000	5.000000	11.000000	1.015824E-13	-4.980100E-8
3737642136.077037	1.562000	1.100500	1.575000	20.010000	-15.000000	0.800000	100.000000	17.000000	100.000000	4.180000	0.000000	0.000000	0.000000	0.000000	1	1	0.000000	1.000000	1.000000	1.000000	1.000000	1.000000	1.000000	740.000000	740.000000	0.000000	4.000000	8.000000	1.015824E-13	-4.980100E-8
3737642141.442533	1.562000	1.100500	1.575000	20.010000	-15.000000	1.000000	100.000000	17.000000	100.000000	4.180000	0.000000	0.000000	0.000000	0.000000	1	1	0.000000	1.000000	1.000000	1.000000	1.000000	1.000000	1.000000	740.000000	740.000000	0.000000	7.000000	10.000000	1.015824E-13	-4.632845E-8
3737642146.780359	1.562000	1.100500	1.575000	20.010000	-15.000000	1.200000	100.000000	17.000000	100.000000	4.180000	0.000000	0.000000	0.000000	0.000000	1	1	0.000000	1.000000	1.000000	1.000000	1.000000	1.000000	1.000000	740.000000	740.000000	0.000000	8.000000	11.000000	1.015824E-13	-5.470343E-8
3737642152.104220	1.562000	1.100500	1.575000	20.010000	-15.000000	1.400000	100.000000	17.000000	100.000000	4.180000	0.000000	0.000000	0.000000	0.000000	1	1	0.000000	1.000000	1.000000	1.000000	1.000000	1.000000	1.000000	740.000000	740.000000	0.000000	4.000000	9.000000	1.015824E-13	-5.204794E-8
3737642157.450170	1.562000	1.100500	1.575000	20.010000	-15.000000	1.600000	100.000000	17.000000	100.000000	4.180000	0.000000	0.000000	0.000000	0.000000	1	1	0.000000	1.000000	1.000000	1.000000	1.000000	1.000000	1.000000	740.000000	740.000000	0.000000	4.000000	9.000000	1.015824E-13	-5.184370E-8
3737642162.803602	1.562000	1.100500	1.575000	20.010000	-15.000000	1.800000	100.000000	17.000000	100.000000	4.180000	0.000000	0.000000	0.000000	0.000000	1	1	0.000000	1.000000	1.000000	1.000000	1.000000	1.000000	1.000000	740.000000	740.000000	0.000000	8.000000	9.000000	1.015824E-13	-5.245649E-8
3737642168.152000	1.562000	1.100500	1.575000	20.010000	-15.000000	2.000000	100.000000	17.000000	100.000000	4.180000	0.000000	0.000000	0.000000	0.000000	1	1	0.000000	1.000000	1.000000	1.000000	1.000000	1.000000	1.000000	740.000000	740.000000	0.000000	4.000000	12.000000	1.015824E-13	-5.552052E-8
3737642173.494811	1.562000	1.100500	1.575000	20.010000	-15.000000	2.200000	100.000000	17.000000	100.000000	4.180000	0.000000	0.000000	0.000000	0.000000	1	1	0.000000	1.000000	1.000000	1.000000	1.000000	1.000000	1.000000	740.000000	740.000000	0.000000	1.000000	8.000000	1.015824E-13	-4.816687E-8
3737642178.872624	1.562000	1.100500	1.575000	20.010000	-15.000000	2.400000	100.000000	17.000000	100.000000	4.180000	0.000000	0.000000	0.000000	0.000000	1	1	0.000000	1.000000	1.000000	1.000000	1.000000	1.000000	1.000000	740.000000	740.000000	0.000000	2.000000	5.000000	1.015824E-13	-4.898394E-8
3737642184.240208	1.562000	1.100500	1.575000	20.010000	-15.000000	2.600000	100.000000	17.000000	100.000000	4.180000	0.000000	0.000000	0.000000	0.000000	1	1	0.000000	1.000000	1.000000	1.000000	1.000000	1.000000	1.000000	740.000000	740.000000	0.000000	2.000000	6.000000	1.015824E-13	-5.960587E-8
3737642189.606574	1.562000	1.100500	1.575000	20.010000	-15.000000	2.800000	100.000000	17.000000	100.000000	4.180000	0.000000	0.000000	0.000000	0.000000	1	1	0.000000	1.000000	1.000000	1.000000	1.000000	1.000000	1.000000	740.000000	740.000000	0.000000	2.000000	7.000000	1.015824E-13	-5.674615E-8
3737642194.963122	1.562000	1.100500	1.575000	20.010000	-15.000000	3.000000	100.000000	17.000000	100.000000	4.180000	0.000000	0.000000	0.000000	0.000000	1	1	0.000000	1.000000	1.000000	1.000000	1.000000	1.000000	1.000000	740.000000	740.000000	0.000000	4.000000	8.000000	1.015824E-13	-5.838027E-8
3737642200.309049	1.562000	1.100500	1.575000	20.010000	-15.000000	3.200000	100.000000	17.000000	100.000000	4.180000	0.000000	0.000000	0.000000	0.000000	1	1	0.000000	1.000000	1.000000	1.000000	1.000000	1.000000	1.000000	740.000000	740.000000	0.000000	9.000000	8.000000	1.015824E-13	-4.857541E-8
3737642205.662965	1.562000	1.100500	1.575000	20.010000	-15.000000	3.400000	100.000000	17.000000	100.000000	4.180000	0.000000	0.000000	0.000000	0.000000	1	1	0.000000	1.000000	1.000000	1.000000	1.000000	1.000000	1.000000	740.000000	740.000000	0.000000	3.000000	1.000000	1.015824E-13	-5.245651E-8
3737642211.023631	1.562000	1.100500	1.575000	20.010000	-15.000000	3.600000	100.000000	17.000000	100.000000	4.180000	0.000000	0.000000	0.000000	0.000000	1	1	0.000000	1.000000	1.000000	1.000000	1.000000	1.000000	1.000000	740.000000	740.000000	0.000000	8.000000	5.000000	1.015824E-13	-5.123090E-8
3737642216.383042	1.562000	1.100500	1.575000	20.010000	-15.000000	3.800000	100.000000	17.000000	100.000000	4.180000	0.000000	0.000000	0.000000	0.000000	1	1	0.000000	1.000000	1.000000	1.000000	1.000000	1.000000	1.000000	740.000000	740.000000	0.000000	3.000000	9.000000	1.015824E-13	-5.960587E-8
3737642221.751696	1.562000	1.100500	1.575000	20.010000	-15.000000	4.000000	100.000000	17.000000	100.000000	4.180000	0.000000	0.000000	0.000000	0.000000	1	1	0.000000	1.000000	1.000000	1.000000	1.000000	1.000000	1.000000	740.000000	740.000000	0.000000	3.000000	4.000000	1.015824E-13	-5.123090E-8
3737642227.110525	1.562000	1.100500	1.575000	20.010000	-15.000000	4.200000	100.000000	17.000000	100.000000	4.180000	0.000000	0.000000	0.000000	0.000000	1	1	0.000000	1.000000	1.000000	1.000000	1.000000	1.000000	1.000000	740.000000	740.000000	0.000000	10.000000	9.000000	1.015824E-13	-5.061808E-8
3737642232.495269	1.562000	1.100500	1.575000	20.010000	-15.000000	4.400000	100.000000	17.000000	100.000000	4.180000	0.000000	0.000000	0.000000	0.000000	1	1	0.000000	1.000000	1.000000	1.000000	1.000000	1.000000	1.000000	740.000000	740.000000	0.000000	6.000000	11.000000	1.015824E-13	-4.653273E-8
3737642237.829078	1.562000	1.100500	1.575000	20.010000	-15.000000	4.600000	100.000000	17.000000	100.000000	4.180000	0.000000	0.000000	0.000000	0.000000	1	1	0.000000	1.000000	1.000000	1.000000	1.000000	1.000000	1.000000	740.000000	740.000000	0.000000	18.000000	16.000000	1.015824E-13	-4.918819E-8
3737642244.565547	1.562000	1.100500	1.575000	20.010000	-15.000000	4.800000	100.000000	17.000000	100.000000	4.180000	0.000000	0.000000	0.000000	0.000000	1	1	0.000000	1.000000	1.000000	1.000000	1.000000	1.000000	1.000000	740.000000	740.000000	0.000000	48.000000	56.000000	1.015824E-13	-5.061808E-8
3737642251.607372	1.562000	1.100500	1.575000	20.010000	-15.000000	5.000000	100.000000	17.000000	100.000000	4.180000	0.000000	0.000000	0.000000	0.000000	1	1	0.000000	1.000000	1.000000	1.000000	1.000000	1.000000	1.000000	740.000000	740.000000	0.000000	36.000000	112.000000	1.015824E-13	-4.673697E-8
3737642258.770803	1.562000	1.100500	1.575000	20.010000	-15.000000	5.200000	100.000000	17.000000	100.000000	4.180000	0.000000	0.000000	0.000000	0.000000	1	1	0.000000	1.000000	1.000000	1.000000	1.000000	1.000000	1.000000	740.000000	740.000000	0.000000	50.000000	151.000000	1.015824E-13	-5.143515E-8
3737642266.028291	1.562000	1.100500	1.575000	20.010000	-15.000000	5.400000	100.000000	17.000000	100.000000	4.180000	0.000000	0.000000	0.000000	0.000000	1	1	0.000000	1.000000	1.000000	1.000000	1.000000	1.000000	1.000000	740.000000	740.000000	0.000000	74.000000	209.000000	1.015824E-13	-6.124003E-8
3737642273.137055	1.562000	1.100500	1.575000	20.010000	-15.000000	5.600000	100.000000	17.000000	100.000000	4.180000	0.000000	0.000000	0.000000	0.000000	1	1	0.000000	1.000000	1.000000	1.000000	1.000000	1.000000	1.000000	740.000000	740.000000	0.000000	51.000000	277.000000	1.015824E-13	-1.327339E-7
3737642280.134027	1.562000	1.100500	1.575000	20.010000	-15.000000	5.800000	100.000000	17.000000	100.000000	4.180000	0.000000	0.000000	0.000000	0.000000	1	1	0.000000	1.000000	1.000000	1.000000	1.000000	1.000000	1.000000	740.000000	740.000000	0.000000	39.000000	260.000000	1.015824E-13	-3.286272E-7
3737642288.448147	1.562000	1.100500	1.575000	20.010000	-15.000000	6.000000	100.000000	17.000000	100.000000	4.180000	0.000000	0.000000	0.000000	0.000000	1	1	0.000000	1.000000	1.000000	1.000000	1.000000	1.000000	1.000000	740.000000	740.000000	0.000000	35.000000	234.000000	1.015824E-13	-8.405232E-7
3737642295.385369	1.562000	1.100500	1.575000	20.010000	-15.000000	6.200000	100.000000	17.000000	100.000000	4.180000	0.000000	0.000000	0.000000	0.000000	1	1	0.000000	1.000000	1.000000	1.000000	1.000000	1.000000	1.000000	740.000000	740.000000	0.000000	9.000000	160.000000	1.015824E-13	-1.703965E-6
3737642302.182034	1.562000	1.100500	1.575000	20.010000	-15.000000	6.400000	100.000000	17.000000	100.000000	4.180000	0.000000	0.000000	0.000000	0.000000	1	1	0.000000	1.000000	1.000000	1.000000	1.000000	1.000000	1.000000	740.000000	740.000000	0.000000	14.000000	119.000000	1.015824E-13	-2.574965E-6
3737642308.735891	1.562000	1.100500	1.575000	20.010000	-15.000000	6.600000	100.000000	17.000000	100.000000	4.180000	0.000000	0.000000	0.000000	0.000000	1	1	0.000000	1.000000	1.000000	1.000000	1.000000	1.000000	1.000000	740.000000	740.000000	0.000000	16.000000	108.000000	1.015824E-13	-3.080323E-6
3737642315.526177	1.562000	1.100500	1.575000	20.010000	-15.000000	6.800000	100.000000	17.000000	100.000000	4.180000	0.000000	0.000000	0.000000	0.000000	1	1	0.000000	1.000000	1.000000	1.000000	1.000000	1.000000	1.000000	740.000000	740.000000	0.000000	11.000000	89.000000	1.015824E-13	-3.322790E-6
3737642322.099355	1.562000	1.100500	1.575000	20.010000	-15.000000	7.000000	100.000000	17.000000	100.000000	4.180000	0.000000	0.000000	0.000000	0.000000	1	1	0.000000	1.000000	1.000000	1.000000	1.000000	1.000000	1.000000	740.000000	740.000000	0.000000	20.000000	111.000000	1.015824E-13	-3.485388E-6
3737642329.084023	1.562000	1.100500	1.575000	20.010000	-15.000000	7.200000	100.000000	17.000000	100.000000	4.180000	0.000000	0.000000	0.000000	0.000000	1	1	0.000000	1.000000	1.000000	1.000000	1.000000	1.000000	1.000000	740.000000	740.000000	0.000000	9.000000	113.000000	1.015824E-13	-3.595693E-6
3737642335.492336	1.562000	1.100500	1.575000	20.010000	-15.000000	7.400000	100.000000	17.000000	100.000000	4.180000	0.000000	0.000000	0.000000	0.000000	1	1	0.000000	1.000000	1.000000	1.000000	1.000000	1.000000	1.000000	740.000000	740.000000	0.000000	18.000000	98.000000	1.015824E-13	-3.657586E-6
3737642342.420520	1.562000	1.100500	1.575000	20.010000	-15.000000	7.600000	100.000000	17.000000	100.000000	4.180000	0.000000	0.000000	0.000000	0.000000	1	1	0.000000	1.000000	1.000000	1.000000	1.000000	1.000000	1.000000	740.000000	740.000000	0.000000	16.000000	84.000000	1.015824E-13	-3.712739E-6
3737642349.123209	1.562000	1.100500	1.575000	20.010000	-15.000000	7.800000	100.000000	17.000000	100.000000	4.180000	0.000000	0.000000	0.000000	0.000000	1	1	0.000000	1.000000	1.000000	1.000000	1.000000	1.000000	1.000000	740.000000	740.000000	0.000000	21.000000	132.000000	1.015824E-13	-3.766665E-6
3737642355.743076	1.562000	1.100500	1.575000	20.010000	-15.000000	8.000000	100.000000	17.000000	100.000000	4.180000	0.000000	0.000000	0.000000	0.000000	1	1	0.000000	1.000000	1.000000	1.000000	1.000000	1.000000	1.000000	740.000000	740.000000	0.000000	16.000000	137.000000	1.015824E-13	-3.829785E-6
3737642362.158825	1.562000	1.100500	1.575000	20.010000	-15.000000	8.200000	100.000000	17.000000	100.000000	4.180000	0.000000	0.000000	0.000000	0.000000	1	1	0.000000	1.000000	1.000000	1.000000	1.000000	1.000000	1.000000	740.000000	740.000000	0.000000	14.000000	108.000000	1.015824E-13	-3.886571E-6
3737642369.081421	1.562000	1.100500	1.575000	20.010000	-15.000000	8.400000	100.000000	17.000000	100.000000	4.180000	0.000000	0.000000	0.000000	0.000000	1	1	0.000000	1.000000	1.000000	1.000000	1.000000	1.000000	1.000000	740.000000	740.000000	0.000000	20.000000	101.000000	1.015824E-13	-3.940498E-6
3737642375.859304	1.562000	1.100500	1.575000	20.010000	-15.000000	8.600000	100.000000	17.000000	100.000000	4.180000	0.000000	0.000000	0.000000	0.000000	1	1	0.000000	1.000000	1.000000	1.000000	1.000000	1.000000	1.000000	740.000000	740.000000	0.000000	21.000000	106.000000	1.015824E-13	-4.017099E-6
3737642382.544036	1.562000	1.100500	1.575000	20.010000	-15.000000	8.800000	100.000000	17.000000	100.000000	4.180000	0.000000	0.000000	0.000000	0.000000	1	1	0.000000	1.000000	1.000000	1.000000	1.000000	1.000000	1.000000	740.000000	740.000000	0.000000	16.000000	93.000000	1.015824E-13	-4.117190E-6
3737642389.000736	1.562000	1.100500	1.575000	20.010000	-15.000000	9.000000	100.000000	17.000000	100.000000	4.180000	0.000000	0.000000	0.000000	0.000000	1	1	0.000000	1.000000	1.000000	1.000000	1.000000	1.000000	1.000000	740.000000	740.000000	0.000000	12.000000	91.000000	1.015824E-13	-4.249966E-6
3737642395.617731	1.562000	1.100500	1.575000	20.010000	-15.000000	9.200000	100.000000	17.000000	100.000000	4.180000	0.000000	0.000000	0.000000	0.000000	1	1	0.000000	1.000000	1.000000	1.000000	1.000000	1.000000	1.000000	740.000000	740.000000	0.000000	18.000000	80.000000	1.015824E-13	-4.419917E-6
3737642402.551929	1.562000	1.100500	1.575000	20.010000	-15.000000	9.400000	100.000000	17.000000	100.000000	4.180000	0.000000	0.000000	0.000000	0.000000	1	1	0.000000	1.000000	1.000000	1.000000	1.000000	1.000000	1.000000	740.000000	740.000000	0.000000	6.000000	85.000000	1.015824E-13	-4.617646E-6
3737642409.555167	1.562000	1.100500	1.575000	20.010000	-15.000000	9.600000	100.000000	17.000000	100.000000	4.180000	0.000000	0.000000	0.000000	0.000000	1	1	0.000000	1.000000	1.000000	1.000000	1.000000	1.000000	1.000000	740.000000	740.000000	0.000000	9.000000	54.000000	1.015824E-13	-4.793929E-6
3737642415.732525	1.562000	1.100500	1.575000	20.010000	-15.000000	9.800000	100.000000	17.000000	100.000000	4.180000	0.000000	0.000000	0.000000	0.000000	1	1	0.000000	1.000000	1.000000	1.000000	1.000000	1.000000	1.000000	740.000000	740.000000	0.000000	12.000000	55.000000	1.015824E-13	-4.925276E-6
3737642421.991631	1.562000	1.100500	1.575000	20.010000	-15.000000	10.000000	100.000000	17.000000	100.000000	4.180000	0.000000	0.000000	0.000000	0.000000	1	1	0.000000	1.000000	1.000000	1.000000	1.000000	1.000000	1.000000	740.000000	740.000000	0.000000	8.000000	59.000000	1.015824E-13	-5.034149E-6
3737642428.312599	1.562000	1.100500	1.575000	20.010000	-15.000000	10.200000	100.000000	17.000000	100.000000	4.180000	0.000000	0.000000	0.000000	0.000000	1	1	0.000000	1.000000	1.000000	1.000000	1.000000	1.000000	1.000000	740.000000	740.000000	0.000000	18.000000	47.000000	1.015824E-13	-5.113406E-6
3737642433.679816	1.562000	1.100500	1.575000	20.010000	-15.000000	10.400000	100.000000	17.000000	100.000000	4.180000	0.000000	0.000000	0.000000	0.000000	1	1	0.000000	1.000000	1.000000	1.000000	1.000000	1.000000	1.000000	740.000000	740.000000	0.000000	6.000000	54.000000	1.015824E-13	-5.197565E-6
3737642439.003578	1.562000	1.100500	1.575000	20.010000	-15.000000	10.600000	100.000000	17.000000	100.000000	4.180000	0.000000	0.000000	0.000000	0.000000	1	1	0.000000	1.000000	1.000000	1.000000	1.000000	1.000000	1.000000	740.000000	740.000000	0.000000	7.000000	33.000000	1.015824E-13	-5.252923E-6
3737642444.368728	1.562000	1.100500	1.575000	20.010000	-15.000000	10.800000	100.000000	17.000000	100.000000	4.180000	0.000000	0.000000	0.000000	0.000000	1	1	0.000000	1.000000	1.000000	1.000000	1.000000	1.000000	1.000000	740.000000	740.000000	0.000000	7.000000	45.000000	1.015824E-13	-5.292753E-6
3737642449.707429	1.562000	1.100500	1.575000	20.010000	-15.000000	11.000000	100.000000	17.000000	100.000000	4.180000	0.000000	0.000000	0.000000	0.000000	1	1	0.000000	1.000000	1.000000	1.000000	1.000000	1.000000	1.000000	740.000000	740.000000	0.000000	9.000000	41.000000	1.015824E-13	-5.338714E-6
3737642455.065669	1.562000	1.100500	1.575000	20.010000	-15.000000	11.200000	100.000000	17.000000	100.000000	4.180000	0.000000	0.000000	0.000000	0.000000	1	1	0.000000	1.000000	1.000000	1.000000	1.000000	1.000000	1.000000	740.000000	740.000000	0.000000	7.000000	36.000000	1.015824E-13	-5.375279E-6
3737642463.255062	1.562000	1.100500	1.575000	20.010000	-15.000000	11.400000	100.000000	17.000000	100.000000	4.180000	0.000000	0.000000	0.000000	0.000000	1	1	0.000000	1.000000	1.000000	1.000000	1.000000	1.000000	1.000000	740.000000	740.000000	0.000000	7.000000	55.000000	1.015824E-13	-5.412865E-6
3737642470.128181	1.562000	1.100500	1.575000	20.010000	-15.000000	11.600000	100.000000	17.000000	100.000000	4.180000	0.000000	0.000000	0.000000	0.000000	1	1	0.000000	1.000000	1.000000	1.000000	1.000000	1.000000	1.000000	740.000000	740.000000	0.000000	10.000000	70.000000	1.015824E-13	-5.424914E-6
3737642476.498064	1.562000	1.100500	1.575000	20.010000	-15.000000	11.800000	100.000000	17.000000	100.000000	4.180000	0.000000	0.000000	0.000000	0.000000	1	1	0.000000	1.000000	1.000000	1.000000	1.000000	1.000000	1.000000	740.000000	740.000000	0.000000	12.000000	111.000000	1.015824E-13	-5.466996E-6
3737642483.686469	1.562000	1.100500	1.575000	20.010000	-15.000000	12.000000	100.000000	17.000000	100.000000	4.180000	0.000000	0.000000	0.000000	0.000000	1	1	0.000000	1.000000	1.000000	1.000000	1.000000	1.000000	1.000000	740.000000	740.000000	0.000000	8.000000	120.000000	1.015824E-13	-5.471080E-6
3737642490.489514	1.562000	1.100500	1.575000	20.010000	-15.000000	12.200000	100.000000	17.000000	100.000000	4.180000	0.000000	0.000000	0.000000	0.000000	1	1	0.000000	1.000000	1.000000	1.000000	1.000000	1.000000	1.000000	740.000000	740.000000	0.000000	13.000000	108.000000	1.015824E-13	-5.501721E-6
3737642497.530027	1.562000	1.100500	1.575000	20.010000	-15.000000	12.400000	100.000000	17.000000	100.000000	4.180000	0.000000	0.000000	0.000000	0.000000	1	1	0.000000	1.000000	1.000000	1.000000	1.000000	1.000000	1.000000	740.000000	740.000000	0.000000	20.000000	139.000000	1.015824E-13	-5.538693E-6
3737642504.448612	1.562000	1.100500	1.575000	20.010000	-15.000000	12.600000	100.000000	17.000000	100.000000	4.180000	0.000000	0.000000	0.000000	0.000000	1	1	0.000000	1.000000	1.000000	1.000000	1.000000	1.000000	1.000000	740.000000	740.000000	0.000000	18.000000	102.000000	1.015824E-13	-5.555034E-6
3737642511.689098	1.562000	1.100500	1.575000	20.010000	-15.000000	12.800000	100.000000	17.000000	100.000000	4.180000	0.000000	0.000000	0.000000	0.000000	1	1	0.000000	1.000000	1.000000	1.000000	1.000000	1.000000	1.000000	740.000000	740.000000	0.000000	22.000000	124.000000	1.015824E-13	-5.578525E-6
3737642518.153251	1.562000	1.100500	1.575000	20.010000	-15.000000	13.000000	100.000000	17.000000	100.000000	4.180000	0.000000	0.000000	0.000000	0.000000	1	1	0.000000	1.000000	1.000000	1.000000	1.000000	1.000000	1.000000	740.000000	740.000000	0.000000	15.000000	80.000000	1.015824E-13	-5.600179E-6
3737642524.691319	1.562000	1.100500	1.575000	20.010000	-15.000000	13.200000	100.000000	17.000000	100.000000	4.180000	0.000000	0.000000	0.000000	0.000000	1	1	0.000000	1.000000	1.000000	1.000000	1.000000	1.000000	1.000000	740.000000	740.000000	0.000000	16.000000	95.000000	1.015824E-13	-5.624281E-6
3737642531.552377	1.562000	1.100500	1.575000	20.010000	-15.000000	13.400000	100.000000	17.000000	100.000000	4.180000	0.000000	0.000000	0.000000	0.000000	1	1	0.000000	1.000000	1.000000	1.000000	1.000000	1.000000	1.000000	740.000000	740.000000	0.000000	18.000000	68.000000	1.015824E-13	-5.630001E-6
3737642538.206298	1.562000	1.100500	1.575000	20.010000	-15.000000	13.600000	100.000000	17.000000	100.000000	4.180000	0.000000	0.000000	0.000000	0.000000	1	1	0.000000	1.000000	1.000000	1.000000	1.000000	1.000000	1.000000	740.000000	740.000000	0.000000	19.000000	96.000000	1.015824E-13	-5.652878E-6
3737642545.118757	1.562000	1.100500	1.575000	20.010000	-15.000000	13.800000	100.000000	17.000000	100.000000	4.180000	0.000000	0.000000	0.000000	0.000000	1	1	0.000000	1.000000	1.000000	1.000000	1.000000	1.000000	1.000000	740.000000	740.000000	0.000000	14.000000	74.000000	1.015824E-13	-5.672080E-6
3737642552.035696	1.562000	1.100500	1.575000	20.010000	-15.000000	14.000000	100.000000	17.000000	100.000000	4.180000	0.000000	0.000000	0.000000	0.000000	1	1	0.000000	1.000000	1.000000	1.000000	1.000000	1.000000	1.000000	740.000000	740.000000	0.000000	11.000000	63.000000	1.015824E-13	-5.689238E-6
3737642558.288798	1.562000	1.100500	1.575000	20.010000	-15.000000	14.200000	100.000000	17.000000	100.000000	4.180000	0.000000	0.000000	0.000000	0.000000	1	1	0.000000	1.000000	1.000000	1.000000	1.000000	1.000000	1.000000	740.000000	740.000000	0.000000	8.000000	62.000000	1.015824E-13	-5.712116E-6
3737642563.627613	1.562000	1.100500	1.575000	20.010000	-15.000000	14.400000	100.000000	17.000000	100.000000	4.180000	0.000000	0.000000	0.000000	0.000000	1	1	0.000000	1.000000	1.000000	1.000000	1.000000	1.000000	1.000000	740.000000	740.000000	0.000000	9.000000	52.000000	1.015824E-13	-5.706601E-6
3737642570.990289	1.562000	1.100500	1.575000	20.010000	-15.000000	14.600000	100.000000	17.000000	100.000000	4.180000	0.000000	0.000000	0.000000	0.000000	1	1	0.000000	1.000000	1.000000	1.000000	1.000000	1.000000	1.000000	740.000000	740.000000	0.000000	13.000000	44.000000	1.015824E-13	-5.728867E-6
3737642576.350995	1.562000	1.100500	1.575000	20.010000	-15.000000	14.800000	100.000000	17.000000	100.000000	4.180000	0.000000	0.000000	0.000000	0.000000	1	1	0.000000	1.000000	1.000000	1.000000	1.000000	1.000000	1.000000	740.000000	740.000000	0.000000	6.000000	29.000000	1.015824E-13	-5.742349E-6
3737642582.692691	1.562000	1.100500	1.575000	20.010000	-15.000000	15.000000	100.000000	17.000000	100.000000	4.180000	0.000000	0.000000	0.000000	0.000000	1	1	0.000000	1.000000	1.000000	1.000000	1.000000	1.000000	1.000000	740.000000	740.000000	0.000000	11.000000	55.000000	1.015824E-13	-5.762163E-6
3737642588.054990	1.562000	1.100500	1.575000	20.010000	-15.000000	15.200000	100.000000	17.000000	100.000000	4.180000	0.000000	0.000000	0.000000	0.000000	1	1	0.000000	1.000000	1.000000	1.000000	1.000000	1.000000	1.000000	740.000000	740.000000	0.000000	12.000000	32.000000	1.015824E-13	-5.782179E-6
3737642593.432998	1.562000	1.100500	1.575000	20.010000	-15.000000	15.400000	100.000000	17.000000	100.000000	4.180000	0.000000	0.000000	0.000000	0.000000	1	1	0.000000	1.000000	1.000000	1.000000	1.000000	1.000000	1.000000	740.000000	740.000000	0.000000	10.000000	45.000000	1.015824E-13	-5.794434E-6
3737642599.613410	1.562000	1.100500	1.575000	20.010000	-15.000000	15.600000	100.000000	17.000000	100.000000	4.180000	0.000000	0.000000	0.000000	0.000000	1	1	0.000000	1.000000	1.000000	1.000000	1.000000	1.000000	1.000000	740.000000	740.000000	0.000000	13.000000	57.000000	1.015824E-13	-5.810778E-6
3737642605.840220	1.562000	1.100500	1.575000	20.010000	-15.000000	15.800000	100.000000	17.000000	100.000000	4.180000	0.000000	0.000000	0.000000	0.000000	1	1	0.000000	1.000000	1.000000	1.000000	1.000000	1.000000	1.000000	740.000000	740.000000	0.000000	15.000000	55.000000	1.015824E-13	-5.820989E-6
3737642612.167381	1.562000	1.100500	1.575000	20.010000	-15.000000	16.000000	100.000000	17.000000	100.000000	4.180000	0.000000	0.000000	0.000000	0.000000	1	1	0.000000	1.000000	1.000000	1.000000	1.000000	1.000000	1.000000	740.000000	740.000000	0.000000	7.000000	57.000000	1.015824E-13	-5.838763E-6
3737642619.257062	1.562000	1.100500	1.575000	20.010000	-15.000000	16.200000	100.000000	17.000000	100.000000	4.180000	0.000000	0.000000	0.000000	0.000000	1	1	0.000000	1.000000	1.000000	1.000000	1.000000	1.000000	1.000000	740.000000	740.000000	0.000000	11.000000	76.000000	1.015824E-13	-5.845708E-6
3737642626.193896	1.562000	1.100500	1.575000	20.010000	-15.000000	16.400000	100.000000	17.000000	100.000000	4.180000	0.000000	0.000000	0.000000	0.000000	1	1	0.000000	1.000000	1.000000	1.000000	1.000000	1.000000	1.000000	740.000000	740.000000	0.000000	8.000000	80.000000	1.015824E-13	-5.864909E-6
3737642633.091671	1.562000	1.100500	1.575000	20.010000	-15.000000	16.600000	100.000000	17.000000	100.000000	4.180000	0.000000	0.000000	0.000000	0.000000	1	1	0.000000	1.000000	1.000000	1.000000	1.000000	1.000000	1.000000	740.000000	740.000000	0.000000	16.000000	71.000000	1.015824E-13	-5.882884E-6
3737642640.123489	1.562000	1.100500	1.575000	20.010000	-15.000000	16.800000	100.000000	17.000000	100.000000	4.180000	0.000000	0.000000	0.000000	0.000000	1	1	0.000000	1.000000	1.000000	1.000000	1.000000	1.000000	1.000000	740.000000	740.000000	0.000000	11.000000	64.000000	1.015824E-13	-5.889216E-6
3737642647.170082	1.562000	1.100500	1.575000	20.010000	-15.000000	17.000000	100.000000	17.000000	100.000000	4.180000	0.000000	0.000000	0.000000	0.000000	1	1	0.000000	1.000000	1.000000	1.000000	1.000000	1.000000	1.000000	740.000000	740.000000	0.000000	10.000000	65.000000	1.015824E-13	-5.912912E-6
3737642654.113750	1.562000	1.100500	1.575000	20.010000	-15.000000	17.200000	100.000000	17.000000	100.000000	4.180000	0.000000	0.000000	0.000000	0.000000	1	1	0.000000	1.000000	1.000000	1.000000	1.000000	1.000000	1.000000	740.000000	740.000000	0.000000	13.000000	87.000000	1.015824E-13	-5.922921E-6
3737642660.939198	1.562000	1.100500	1.575000	20.010000	-15.000000	17.400000	100.000000	17.000000	100.000000	4.180000	0.000000	0.000000	0.000000	0.000000	1	1	0.000000	1.000000	1.000000	1.000000	1.000000	1.000000	1.000000	740.000000	740.000000	0.000000	19.000000	71.000000	1.015824E-13	-5.948453E-6
3737642667.665329	1.562000	1.100500	1.575000	20.010000	-15.000000	17.600000	100.000000	17.000000	100.000000	4.180000	0.000000	0.000000	0.000000	0.000000	1	1	0.000000	1.000000	1.000000	1.000000	1.000000	1.000000	1.000000	740.000000	740.000000	0.000000	21.000000	100.000000	1.015824E-13	-5.954583E-6
3737642674.372030	1.562000	1.100500	1.575000	20.010000	-15.000000	17.800000	100.000000	17.000000	100.000000	4.180000	0.000000	0.000000	0.000000	0.000000	1	1	0.000000	1.000000	1.000000	1.000000	1.000000	1.000000	1.000000	740.000000	740.000000	0.000000	14.000000	71.000000	1.015824E-13	-5.970923E-6
3737642681.066206	1.562000	1.100500	1.575000	20.010000	-15.000000	18.000000	100.000000	17.000000	100.000000	4.180000	0.000000	0.000000	0.000000	0.000000	1	1	0.000000	1.000000	1.000000	1.000000	1.000000	1.000000	1.000000	740.000000	740.000000	0.000000	16.000000	82.000000	1.015824E-13	-5.987265E-6
3737642687.822530	1.562000	1.100500	1.575000	20.010000	-15.000000	18.200000	100.000000	17.000000	100.000000	4.180000	0.000000	0.000000	0.000000	0.000000	1	1	0.000000	1.000000	1.000000	1.000000	1.000000	1.000000	1.000000	740.000000	740.000000	0.000000	16.000000	74.000000	1.015824E-13	-6.005650E-6
3737642694.625873	1.562000	1.100500	1.575000	20.010000	-15.000000	18.400000	100.000000	17.000000	100.000000	4.180000	0.000000	0.000000	0.000000	0.000000	1	1	0.000000	1.000000	1.000000	1.000000	1.000000	1.000000	1.000000	740.000000	740.000000	0.000000	13.000000	86.000000	1.015824E-13	-6.014841E-6
3737642701.246788	1.562000	1.100500	1.575000	20.010000	-15.000000	18.600000	100.000000	17.000000	100.000000	4.180000	0.000000	0.000000	0.000000	0.000000	1	1	0.000000	1.000000	1.000000	1.000000	1.000000	1.000000	1.000000	740.000000	740.000000	0.000000	17.000000	95.000000	1.015824E-13	-6.027505E-6
3737642707.676731	1.562000	1.100500	1.575000	20.010000	-15.000000	18.800000	100.000000	17.000000	100.000000	4.180000	0.000000	0.000000	0.000000	0.000000	1	1	0.000000	1.000000	1.000000	1.000000	1.000000	1.000000	1.000000	740.000000	740.000000	0.000000	15.000000	109.000000	1.015824E-13	-6.039966E-6
3737642715.560272	1.562000	1.100500	1.575000	20.010000	-15.000000	19.000000	100.000000	17.000000	100.000000	4.180000	0.000000	0.000000	0.000000	0.000000	1	1	0.000000	1.000000	1.000000	1.000000	1.000000	1.000000	1.000000	740.000000	740.000000	0.000000	22.000000	114.000000	1.015824E-13	-6.059576E-6
3737642723.450590	1.562000	1.100500	1.575000	20.010000	-15.000000	19.200000	100.000000	17.000000	100.000000	4.180000	0.000000	0.000000	0.000000	0.000000	1	1	0.000000	1.000000	1.000000	1.000000	1.000000	1.000000	1.000000	740.000000	740.000000	0.000000	18.000000	117.000000	1.015824E-13	-6.068156E-6
3737642730.407204	1.562000	1.100500	1.575000	20.010000	-15.000000	19.400000	100.000000	17.000000	100.000000	4.180000	0.000000	0.000000	0.000000	0.000000	1	1	0.000000	1.000000	1.000000	1.000000	1.000000	1.000000	1.000000	740.000000	740.000000	0.000000	24.000000	77.000000	1.015824E-13	-6.085721E-6
3737642736.888773	1.562000	1.100500	1.575000	20.010000	-15.000000	19.600000	100.000000	17.000000	100.000000	4.180000	0.000000	0.000000	0.000000	0.000000	1	1	0.000000	1.000000	1.000000	1.000000	1.000000	1.000000	1.000000	740.000000	740.000000	0.000000	28.000000	107.000000	1.015824E-13	-6.090625E-6
3737642744.053712	1.562000	1.100500	1.575000	20.010000	-15.000000	19.800000	100.000000	17.000000	100.000000	4.180000	0.000000	0.000000	0.000000	0.000000	1	1	0.000000	1.000000	1.000000	1.000000	1.000000	1.000000	1.000000	740.000000	740.000000	0.000000	16.000000	128.000000	1.015824E-13	-6.111867E-6
3737642750.494259	1.562000	1.100500	1.575000	20.010000	-15.000000	20.000000	100.000000	17.000000	100.000000	4.180000	0.000000	0.000000	0.000000	0.000000	1	1	0.000000	1.000000	1.000000	1.000000	1.000000	1.000000	1.000000	740.000000	740.000000	0.000000	29.000000	118.000000	1.015824E-13	-6.124327E-6
