#Cu(100) The=25_16.dat
#6/9/2022 4:18:54 PM
#Preliminary IPES Scan
#Sweep En
#Measure rgm, lgm, 6487
#Timestamp (sec)	X (mm)	Y (mm)	Z (mm)	Theta (deg)	EG Grid (V)	EG Energy (eV)	EG Extraction (V)	EG Focus 1 (V)	EG Focus 2 (V)	EG Filament (V)	EG X1 Alignment (V)	EG X2 Alignment (V)	EG Y1 Alignment (V)	EG Y2 Alignment (V)	6485 Samples	6487 Samples	6487 Voltage (V)	GM2 Dwell Time (s)	GM2 SCA Lower Limit (V)	GM2 SCA Upper Limit (V)	GM1 Dwell Time (s)	GM1 SCA Lower Limit (V)	GM1 SCA Upper Limit (V)	Voltage Supply A (V)	Voltage Supply B (V)	Dummy	GM2 Counts	GM1 Counts	Keithley6485 Current (A)	Keithley6487 Current (A)
#time	xpos	ypos	zpos	theta	grid	en	ext	f1	f2	fil	x1	x2	y1	y2	6485s	6487s	6487v	gm2dw	gm2ll	gm2ul	gm1dw	gm1ll	gm1ul	va	vb	dummy	gm2	gm1	6485c	6487c
3737650740.690473	1.562000	1.100500	1.575000	25.000000	-15.000000	0.000000	100.000000	17.000000	100.000000	4.180000	0.000000	0.000000	0.000000	0.000000	1	1	0.000000	1.000000	1.000000	1.000000	1.000000	1.000000	1.000000	740.000000	740.000000	0.000000	1.000000	6.000000	-1.942947E-14	-5.531594E-8
3737650746.049690	1.562000	1.100500	1.575000	25.000000	-15.000000	0.200000	100.000000	17.000000	100.000000	4.180000	0.000000	0.000000	0.000000	0.000000	1	1	0.000000	1.000000	1.000000	1.000000	1.000000	1.000000	1.000000	740.000000	740.000000	0.000000	5.000000	20.000000	-1.942947E-14	-6.266956E-8
3737650751.409113	1.562000	1.100500	1.575000	25.000000	-15.000000	0.400000	100.000000	17.000000	100.000000	4.180000	0.000000	0.000000	0.000000	0.000000	1	1	0.000000	1.000000	1.000000	1.000000	1.000000	1.000000	1.000000	740.000000	740.000000	0.000000	2.000000	7.000000	-1.942947E-14	-5.776715E-8
3737650756.757984	1.562000	1.100500	1.575000	25.000000	-15.000000	0.600000	100.000000	17.000000	100.000000	4.180000	0.000000	0.000000	0.000000	0.000000	1	1	0.000000	1.000000	1.000000	1.000000	1.000000	1.000000	1.000000	740.000000	740.000000	0.000000	3.000000	17.000000	-1.942947E-14	-5.735862E-8
3737650762.118497	1.562000	1.100500	1.575000	25.000000	-15.000000	0.800000	100.000000	17.000000	100.000000	4.180000	0.000000	0.000000	0.000000	0.000000	1	1	0.000000	1.000000	1.000000	1.000000	1.000000	1.000000	1.000000	740.000000	740.000000	0.000000	6.000000	15.000000	-1.942947E-14	-5.490741E-8
3737650767.479129	1.562000	1.100500	1.575000	25.000000	-15.000000	1.000000	100.000000	17.000000	100.000000	4.180000	0.000000	0.000000	0.000000	0.000000	1	1	0.000000	1.000000	1.000000	1.000000	1.000000	1.000000	1.000000	740.000000	740.000000	0.000000	5.000000	10.000000	-1.942947E-14	-6.123968E-8
3737650772.831394	1.562000	1.100500	1.575000	25.000000	-15.000000	1.200000	100.000000	17.000000	100.000000	4.180000	0.000000	0.000000	0.000000	0.000000	1	1	0.000000	1.000000	1.000000	1.000000	1.000000	1.000000	1.000000	740.000000	740.000000	0.000000	2.000000	6.000000	-1.942947E-14	-5.858421E-8
3737650778.200988	1.562000	1.100500	1.575000	25.000000	-15.000000	1.400000	100.000000	17.000000	100.000000	4.180000	0.000000	0.000000	0.000000	0.000000	1	1	0.000000	1.000000	1.000000	1.000000	1.000000	1.000000	1.000000	740.000000	740.000000	0.000000	1.000000	5.000000	-1.942947E-14	-4.959646E-8
3737650783.585288	1.562000	1.100500	1.575000	25.000000	-15.000000	1.600000	100.000000	17.000000	100.000000	4.180000	0.000000	0.000000	0.000000	0.000000	1	1	0.000000	1.000000	1.000000	1.000000	1.000000	1.000000	1.000000	740.000000	740.000000	0.000000	4.000000	16.000000	-1.942947E-14	-5.470314E-8
3737650788.917101	1.562000	1.100500	1.575000	25.000000	-15.000000	1.800000	100.000000	17.000000	100.000000	4.180000	0.000000	0.000000	0.000000	0.000000	1	1	0.000000	1.000000	1.000000	1.000000	1.000000	1.000000	1.000000	740.000000	740.000000	0.000000	2.000000	21.000000	-1.942947E-14	-5.000500E-8
3737650794.254799	1.562000	1.100500	1.575000	25.000000	-15.000000	2.000000	100.000000	17.000000	100.000000	4.180000	0.000000	0.000000	0.000000	0.000000	1	1	0.000000	1.000000	1.000000	1.000000	1.000000	1.000000	1.000000	740.000000	740.000000	0.000000	1.000000	13.000000	-1.942947E-14	-5.184340E-8
3737650799.616747	1.562000	1.100500	1.575000	25.000000	-15.000000	2.200000	100.000000	17.000000	100.000000	4.180000	0.000000	0.000000	0.000000	0.000000	1	1	0.000000	1.000000	1.000000	1.000000	1.000000	1.000000	1.000000	740.000000	740.000000	0.000000	3.000000	10.000000	-1.942947E-14	-5.409034E-8
3737650804.970308	1.562000	1.100500	1.575000	25.000000	-15.000000	2.400000	100.000000	17.000000	100.000000	4.180000	0.000000	0.000000	0.000000	0.000000	1	1	0.000000	1.000000	1.000000	1.000000	1.000000	1.000000	1.000000	740.000000	740.000000	0.000000	5.000000	3.000000	-1.942947E-14	-5.572446E-8
3737650810.335200	1.562000	1.100500	1.575000	25.000000	-15.000000	2.600000	100.000000	17.000000	100.000000	4.180000	0.000000	0.000000	0.000000	0.000000	1	1	0.000000	1.000000	1.000000	1.000000	1.000000	1.000000	1.000000	740.000000	740.000000	0.000000	7.000000	15.000000	-1.942947E-14	-5.266048E-8
3737650815.717962	1.562000	1.100500	1.575000	25.000000	-15.000000	2.800000	100.000000	17.000000	100.000000	4.180000	0.000000	0.000000	0.000000	0.000000	1	1	0.000000	1.000000	1.000000	1.000000	1.000000	1.000000	1.000000	740.000000	740.000000	0.000000	5.000000	8.000000	-1.942947E-14	-5.306900E-8
3737650821.081316	1.562000	1.100500	1.575000	25.000000	-15.000000	3.000000	100.000000	17.000000	100.000000	4.180000	0.000000	0.000000	0.000000	0.000000	1	1	0.000000	1.000000	1.000000	1.000000	1.000000	1.000000	1.000000	740.000000	740.000000	0.000000	4.000000	13.000000	-1.942947E-14	-5.347754E-8
3737650826.455563	1.562000	1.100500	1.575000	25.000000	-15.000000	3.200000	100.000000	17.000000	100.000000	4.180000	0.000000	0.000000	0.000000	0.000000	1	1	0.000000	1.000000	1.000000	1.000000	1.000000	1.000000	1.000000	740.000000	740.000000	0.000000	3.000000	16.000000	-1.942947E-14	-5.368180E-8
3737650831.797289	1.562000	1.100500	1.575000	25.000000	-15.000000	3.400000	100.000000	17.000000	100.000000	4.180000	0.000000	0.000000	0.000000	0.000000	1	1	0.000000	1.000000	1.000000	1.000000	1.000000	1.000000	1.000000	740.000000	740.000000	0.000000	0.000000	7.000000	-1.942947E-14	-5.552021E-8
3737650837.178212	1.562000	1.100500	1.575000	25.000000	-15.000000	3.600000	100.000000	17.000000	100.000000	4.180000	0.000000	0.000000	0.000000	0.000000	1	1	0.000000	1.000000	1.000000	1.000000	1.000000	1.000000	1.000000	740.000000	740.000000	0.000000	5.000000	8.000000	-1.942947E-14	-5.940129E-8
3737650842.552791	1.562000	1.100500	1.575000	25.000000	-15.000000	3.800000	100.000000	17.000000	100.000000	4.180000	0.000000	0.000000	0.000000	0.000000	1	1	0.000000	1.000000	1.000000	1.000000	1.000000	1.000000	1.000000	740.000000	740.000000	0.000000	1.000000	13.000000	-1.942947E-14	-5.061781E-8
3737650847.937663	1.562000	1.100500	1.575000	25.000000	-15.000000	4.000000	100.000000	17.000000	100.000000	4.180000	0.000000	0.000000	0.000000	0.000000	1	1	0.000000	1.000000	1.000000	1.000000	1.000000	1.000000	1.000000	740.000000	740.000000	0.000000	1.000000	12.000000	-1.942947E-14	-5.245621E-8
3737650853.297480	1.562000	1.100500	1.575000	25.000000	-15.000000	4.200000	100.000000	17.000000	100.000000	4.180000	0.000000	0.000000	0.000000	0.000000	1	1	0.000000	1.000000	1.000000	1.000000	1.000000	1.000000	1.000000	740.000000	740.000000	0.000000	5.000000	14.000000	-1.942947E-14	-5.163914E-8
3737650858.687121	1.562000	1.100500	1.575000	25.000000	-15.000000	4.400000	100.000000	17.000000	100.000000	4.180000	0.000000	0.000000	0.000000	0.000000	1	1	0.000000	1.000000	1.000000	1.000000	1.000000	1.000000	1.000000	740.000000	740.000000	0.000000	17.000000	22.000000	-1.942947E-14	-5.878848E-8
3737650865.237373	1.562000	1.100500	1.575000	25.000000	-15.000000	4.600000	100.000000	17.000000	100.000000	4.180000	0.000000	0.000000	0.000000	0.000000	1	1	0.000000	1.000000	1.000000	1.000000	1.000000	1.000000	1.000000	740.000000	740.000000	0.000000	42.000000	66.000000	-1.942947E-14	-5.878847E-8
3737650872.350343	1.562000	1.100500	1.575000	25.000000	-15.000000	4.800000	100.000000	17.000000	100.000000	4.180000	0.000000	0.000000	0.000000	0.000000	1	1	0.000000	1.000000	1.000000	1.000000	1.000000	1.000000	1.000000	740.000000	740.000000	0.000000	43.000000	158.000000	-1.942947E-14	-6.021835E-8
3737650879.276530	1.562000	1.100500	1.575000	25.000000	-15.000000	5.000000	100.000000	17.000000	100.000000	4.180000	0.000000	0.000000	0.000000	0.000000	1	1	0.000000	1.000000	1.000000	1.000000	1.000000	1.000000	1.000000	740.000000	740.000000	0.000000	49.000000	196.000000	-1.942947E-14	-5.960556E-8
3737650886.481320	1.562000	1.100500	1.575000	25.000000	-15.000000	5.200000	100.000000	17.000000	100.000000	4.180000	0.000000	0.000000	0.000000	0.000000	1	1	0.000000	1.000000	1.000000	1.000000	1.000000	1.000000	1.000000	740.000000	740.000000	0.000000	44.000000	246.000000	-1.942947E-14	-5.552020E-8
3737650893.540696	1.562000	1.100500	1.575000	25.000000	-15.000000	5.400000	100.000000	17.000000	100.000000	4.180000	0.000000	0.000000	0.000000	0.000000	1	1	0.000000	1.000000	1.000000	1.000000	1.000000	1.000000	1.000000	740.000000	740.000000	0.000000	58.000000	264.000000	-1.942947E-14	-6.961466E-8
3737650900.828054	1.562000	1.100500	1.575000	25.000000	-15.000000	5.600000	100.000000	17.000000	100.000000	4.180000	0.000000	0.000000	0.000000	0.000000	1	1	0.000000	1.000000	1.000000	1.000000	1.000000	1.000000	1.000000	740.000000	740.000000	0.000000	55.000000	302.000000	-1.942947E-14	-1.513216E-7
3737650908.057903	1.562000	1.100500	1.575000	25.000000	-15.000000	5.800000	100.000000	17.000000	100.000000	4.180000	0.000000	0.000000	0.000000	0.000000	1	1	0.000000	1.000000	1.000000	1.000000	1.000000	1.000000	1.000000	740.000000	740.000000	0.000000	35.000000	298.000000	-1.942947E-14	-4.093112E-7
3737650915.338520	1.562000	1.100500	1.575000	25.000000	-15.000000	6.000000	100.000000	17.000000	100.000000	4.180000	0.000000	0.000000	0.000000	0.000000	1	1	0.000000	1.000000	1.000000	1.000000	1.000000	1.000000	1.000000	740.000000	740.000000	0.000000	16.000000	250.000000	-1.942947E-14	-1.014759E-6
3737650922.578843	1.562000	1.100500	1.575000	25.000000	-15.000000	6.200000	100.000000	17.000000	100.000000	4.180000	0.000000	0.000000	0.000000	0.000000	1	1	0.000000	1.000000	1.000000	1.000000	1.000000	1.000000	1.000000	740.000000	740.000000	0.000000	8.000000	203.000000	-1.942947E-14	-2.019550E-6
3737650929.799243	1.562000	1.100500	1.575000	25.000000	-15.000000	6.400000	100.000000	17.000000	100.000000	4.180000	0.000000	0.000000	0.000000	0.000000	1	1	0.000000	1.000000	1.000000	1.000000	1.000000	1.000000	1.000000	740.000000	740.000000	0.000000	16.000000	130.000000	-1.942947E-14	-2.991046E-6
3737650936.568191	1.562000	1.100500	1.575000	25.000000	-15.000000	6.600000	100.000000	17.000000	100.000000	4.180000	0.000000	0.000000	0.000000	0.000000	1	1	0.000000	1.000000	1.000000	1.000000	1.000000	1.000000	1.000000	740.000000	740.000000	0.000000	12.000000	115.000000	-1.942947E-14	-3.627746E-6
3737650943.209554	1.562000	1.100500	1.575000	25.000000	-15.000000	6.800000	100.000000	17.000000	100.000000	4.180000	0.000000	0.000000	0.000000	0.000000	1	1	0.000000	1.000000	1.000000	1.000000	1.000000	1.000000	1.000000	740.000000	740.000000	0.000000	8.000000	90.000000	-1.942947E-14	-3.957638E-6
3737650949.611397	1.562000	1.100500	1.575000	25.000000	-15.000000	7.000000	100.000000	17.000000	100.000000	4.180000	0.000000	0.000000	0.000000	0.000000	1	1	0.000000	1.000000	1.000000	1.000000	1.000000	1.000000	1.000000	740.000000	740.000000	0.000000	6.000000	96.000000	-1.942947E-14	-4.215014E-6
3737650956.034623	1.562000	1.100500	1.575000	25.000000	-15.000000	7.200000	100.000000	17.000000	100.000000	4.180000	0.000000	0.000000	0.000000	0.000000	1	1	0.000000	1.000000	1.000000	1.000000	1.000000	1.000000	1.000000	740.000000	740.000000	0.000000	6.000000	116.000000	-1.942947E-14	-4.425819E-6
3737650962.406622	1.562000	1.100500	1.575000	25.000000	-15.000000	7.400000	100.000000	17.000000	100.000000	4.180000	0.000000	0.000000	0.000000	0.000000	1	1	0.000000	1.000000	1.000000	1.000000	1.000000	1.000000	1.000000	740.000000	740.000000	0.000000	15.000000	116.000000	-1.942947E-14	-4.579223E-6
3737650969.175715	1.562000	1.100500	1.575000	25.000000	-15.000000	7.600000	100.000000	17.000000	100.000000	4.180000	0.000000	0.000000	0.000000	0.000000	1	1	0.000000	1.000000	1.000000	1.000000	1.000000	1.000000	1.000000	740.000000	740.000000	0.000000	11.000000	119.000000	-1.942947E-14	-4.695860E-6
3737650975.992817	1.562000	1.100500	1.575000	25.000000	-15.000000	7.800000	100.000000	17.000000	100.000000	4.180000	0.000000	0.000000	0.000000	0.000000	1	1	0.000000	1.000000	1.000000	1.000000	1.000000	1.000000	1.000000	740.000000	740.000000	0.000000	8.000000	116.000000	-1.942947E-14	-4.818828E-6
3737650982.883961	1.562000	1.100500	1.575000	25.000000	-15.000000	8.000000	100.000000	17.000000	100.000000	4.180000	0.000000	0.000000	0.000000	0.000000	1	1	0.000000	1.000000	1.000000	1.000000	1.000000	1.000000	1.000000	740.000000	740.000000	0.000000	8.000000	117.000000	-1.942947E-14	-4.927092E-6
3737650989.387463	1.562000	1.100500	1.575000	25.000000	-15.000000	8.200000	100.000000	17.000000	100.000000	4.180000	0.000000	0.000000	0.000000	0.000000	1	1	0.000000	1.000000	1.000000	1.000000	1.000000	1.000000	1.000000	740.000000	740.000000	0.000000	9.000000	110.000000	-1.942947E-14	-5.049447E-6
3737650995.962629	1.562000	1.100500	1.575000	25.000000	-15.000000	8.400000	100.000000	17.000000	100.000000	4.180000	0.000000	0.000000	0.000000	0.000000	1	1	0.000000	1.000000	1.000000	1.000000	1.000000	1.000000	1.000000	740.000000	740.000000	0.000000	7.000000	107.000000	-1.942947E-14	-5.182629E-6
3737651002.499364	1.562000	1.100500	1.575000	25.000000	-15.000000	8.600000	100.000000	17.000000	100.000000	4.180000	0.000000	0.000000	0.000000	0.000000	1	1	0.000000	1.000000	1.000000	1.000000	1.000000	1.000000	1.000000	740.000000	740.000000	0.000000	8.000000	115.000000	-1.942947E-14	-5.309071E-6
3737651009.040091	1.562000	1.100500	1.575000	25.000000	-15.000000	8.800000	100.000000	17.000000	100.000000	4.180000	0.000000	0.000000	0.000000	0.000000	1	1	0.000000	1.000000	1.000000	1.000000	1.000000	1.000000	1.000000	740.000000	740.000000	0.000000	10.000000	104.000000	-1.942947E-14	-5.467785E-6
3737651015.749217	1.562000	1.100500	1.575000	25.000000	-15.000000	9.000000	100.000000	17.000000	100.000000	4.180000	0.000000	0.000000	0.000000	0.000000	1	1	0.000000	1.000000	1.000000	1.000000	1.000000	1.000000	1.000000	740.000000	740.000000	0.000000	10.000000	97.000000	-1.942947E-14	-5.646113E-6
3737651022.677159	1.562000	1.100500	1.575000	25.000000	-15.000000	9.200000	100.000000	17.000000	100.000000	4.180000	0.000000	0.000000	0.000000	0.000000	1	1	0.000000	1.000000	1.000000	1.000000	1.000000	1.000000	1.000000	740.000000	740.000000	0.000000	7.000000	69.000000	-1.942947E-14	-5.869375E-6
3737651028.787010	1.562000	1.100500	1.575000	25.000000	-15.000000	9.400000	100.000000	17.000000	100.000000	4.180000	0.000000	0.000000	0.000000	0.000000	1	1	0.000000	1.000000	1.000000	1.000000	1.000000	1.000000	1.000000	740.000000	740.000000	0.000000	6.000000	77.000000	-1.942947E-14	-6.108573E-6
3737651035.933705	1.562000	1.100500	1.575000	25.000000	-15.000000	9.600000	100.000000	17.000000	100.000000	4.180000	0.000000	0.000000	0.000000	0.000000	1	1	0.000000	1.000000	1.000000	1.000000	1.000000	1.000000	1.000000	740.000000	740.000000	0.000000	3.000000	69.000000	-1.942947E-14	-6.318356E-6
3737651041.280965	1.562000	1.100500	1.575000	25.000000	-15.000000	9.800000	100.000000	17.000000	100.000000	4.180000	0.000000	0.000000	0.000000	0.000000	1	1	0.000000	1.000000	1.000000	1.000000	1.000000	1.000000	1.000000	740.000000	740.000000	0.000000	8.000000	51.000000	-1.942947E-14	-6.493208E-6
3737651046.673010	1.562000	1.100500	1.575000	25.000000	-15.000000	10.000000	100.000000	17.000000	100.000000	4.180000	0.000000	0.000000	0.000000	0.000000	1	1	0.000000	1.000000	1.000000	1.000000	1.000000	1.000000	1.000000	740.000000	740.000000	0.000000	6.000000	54.000000	-1.942947E-14	-6.625369E-6
3737651052.030366	1.562000	1.100500	1.575000	25.000000	-15.000000	10.200000	100.000000	17.000000	100.000000	4.180000	0.000000	0.000000	0.000000	0.000000	1	1	0.000000	1.000000	1.000000	1.000000	1.000000	1.000000	1.000000	740.000000	740.000000	0.000000	3.000000	40.000000	-1.942947E-14	-6.748337E-6
3737651057.412735	1.562000	1.100500	1.575000	25.000000	-15.000000	10.400000	100.000000	17.000000	100.000000	4.180000	0.000000	0.000000	0.000000	0.000000	1	1	0.000000	1.000000	1.000000	1.000000	1.000000	1.000000	1.000000	740.000000	740.000000	0.000000	4.000000	31.000000	-1.942947E-14	-6.828207E-6
3737651062.798730	1.562000	1.100500	1.575000	25.000000	-15.000000	10.600000	100.000000	17.000000	100.000000	4.180000	0.000000	0.000000	0.000000	0.000000	1	1	0.000000	1.000000	1.000000	1.000000	1.000000	1.000000	1.000000	740.000000	740.000000	0.000000	6.000000	35.000000	-1.942947E-14	-6.908279E-6
3737651068.165678	1.562000	1.100500	1.575000	25.000000	-15.000000	10.800000	100.000000	17.000000	100.000000	4.180000	0.000000	0.000000	0.000000	0.000000	1	1	0.000000	1.000000	1.000000	1.000000	1.000000	1.000000	1.000000	740.000000	740.000000	0.000000	7.000000	25.000000	-1.942947E-14	-6.982631E-6
3737651073.531062	1.562000	1.100500	1.575000	25.000000	-15.000000	11.000000	100.000000	17.000000	100.000000	4.180000	0.000000	0.000000	0.000000	0.000000	1	1	0.000000	1.000000	1.000000	1.000000	1.000000	1.000000	1.000000	740.000000	740.000000	0.000000	5.000000	29.000000	-1.942947E-14	-7.046159E-6
3737651078.892308	1.562000	1.100500	1.575000	25.000000	-15.000000	11.200000	100.000000	17.000000	100.000000	4.180000	0.000000	0.000000	0.000000	0.000000	1	1	0.000000	1.000000	1.000000	1.000000	1.000000	1.000000	1.000000	740.000000	740.000000	0.000000	8.000000	34.000000	-1.942947E-14	-7.082724E-6
3737651084.249105	1.562000	1.100500	1.575000	25.000000	-15.000000	11.400000	100.000000	17.000000	100.000000	4.180000	0.000000	0.000000	0.000000	0.000000	1	1	0.000000	1.000000	1.000000	1.000000	1.000000	1.000000	1.000000	740.000000	740.000000	0.000000	5.000000	51.000000	-1.942947E-14	-7.130726E-6
3737651091.347597	1.562000	1.100500	1.575000	25.000000	-15.000000	11.600000	100.000000	17.000000	100.000000	4.180000	0.000000	0.000000	0.000000	0.000000	1	1	0.000000	1.000000	1.000000	1.000000	1.000000	1.000000	1.000000	740.000000	740.000000	0.000000	2.000000	76.000000	-1.942947E-14	-7.166065E-6
3737651098.498281	1.562000	1.100500	1.575000	25.000000	-15.000000	11.800000	100.000000	17.000000	100.000000	4.180000	0.000000	0.000000	0.000000	0.000000	1	1	0.000000	1.000000	1.000000	1.000000	1.000000	1.000000	1.000000	740.000000	740.000000	0.000000	9.000000	63.000000	-1.942947E-14	-7.214475E-6
3737651105.165257	1.562000	1.100500	1.575000	25.000000	-15.000000	12.000000	100.000000	17.000000	100.000000	4.180000	0.000000	0.000000	0.000000	0.000000	1	1	0.000000	1.000000	1.000000	1.000000	1.000000	1.000000	1.000000	740.000000	740.000000	0.000000	7.000000	100.000000	-1.942947E-14	-7.236333E-6
3737651111.872012	1.562000	1.100500	1.575000	25.000000	-15.000000	12.200000	100.000000	17.000000	100.000000	4.180000	0.000000	0.000000	0.000000	0.000000	1	1	0.000000	1.000000	1.000000	1.000000	1.000000	1.000000	1.000000	740.000000	740.000000	0.000000	11.000000	82.000000	-1.942947E-14	-7.276776E-6
3737651118.479973	1.562000	1.100500	1.575000	25.000000	-15.000000	12.400000	100.000000	17.000000	100.000000	4.180000	0.000000	0.000000	0.000000	0.000000	1	1	0.000000	1.000000	1.000000	1.000000	1.000000	1.000000	1.000000	740.000000	740.000000	0.000000	8.000000	93.000000	-1.942947E-14	-7.283928E-6
3737651124.976025	1.562000	1.100500	1.575000	25.000000	-15.000000	12.600000	100.000000	17.000000	100.000000	4.180000	0.000000	0.000000	0.000000	0.000000	1	1	0.000000	1.000000	1.000000	1.000000	1.000000	1.000000	1.000000	740.000000	740.000000	0.000000	7.000000	113.000000	-1.942947E-14	-7.310278E-6
3737651131.781637	1.562000	1.100500	1.575000	25.000000	-15.000000	12.800000	100.000000	17.000000	100.000000	4.180000	0.000000	0.000000	0.000000	0.000000	1	1	0.000000	1.000000	1.000000	1.000000	1.000000	1.000000	1.000000	740.000000	740.000000	0.000000	9.000000	123.000000	-1.942947E-14	-7.344799E-6
3737651138.141539	1.562000	1.100500	1.575000	25.000000	-15.000000	13.000000	100.000000	17.000000	100.000000	4.180000	0.000000	0.000000	0.000000	0.000000	1	1	0.000000	1.000000	1.000000	1.000000	1.000000	1.000000	1.000000	740.000000	740.000000	0.000000	8.000000	99.000000	-1.942947E-14	-7.353173E-6
3737651144.589949	1.562000	1.100500	1.575000	25.000000	-15.000000	13.200000	100.000000	17.000000	100.000000	4.180000	0.000000	0.000000	0.000000	0.000000	1	1	0.000000	1.000000	1.000000	1.000000	1.000000	1.000000	1.000000	740.000000	740.000000	0.000000	17.000000	114.000000	-1.942947E-14	-7.362570E-6
3737651150.891293	1.562000	1.100500	1.575000	25.000000	-15.000000	13.400000	100.000000	17.000000	100.000000	4.180000	0.000000	0.000000	0.000000	0.000000	1	1	0.000000	1.000000	1.000000	1.000000	1.000000	1.000000	1.000000	740.000000	740.000000	0.000000	6.000000	99.000000	-1.942947E-14	-7.392189E-6
3737651157.634058	1.562000	1.100500	1.575000	25.000000	-15.000000	13.600000	100.000000	17.000000	100.000000	4.180000	0.000000	0.000000	0.000000	0.000000	1	1	0.000000	1.000000	1.000000	1.000000	1.000000	1.000000	1.000000	740.000000	740.000000	0.000000	14.000000	90.000000	-1.942947E-14	-7.426097E-6
3737651164.518531	1.562000	1.100500	1.575000	25.000000	-15.000000	13.800000	100.000000	17.000000	100.000000	4.180000	0.000000	0.000000	0.000000	0.000000	1	1	0.000000	1.000000	1.000000	1.000000	1.000000	1.000000	1.000000	740.000000	740.000000	0.000000	5.000000	86.000000	-1.942947E-14	-7.439784E-6
3737651171.681553	1.562000	1.100500	1.575000	25.000000	-15.000000	14.000000	100.000000	17.000000	100.000000	4.180000	0.000000	0.000000	0.000000	0.000000	1	1	0.000000	1.000000	1.000000	1.000000	1.000000	1.000000	1.000000	740.000000	740.000000	0.000000	6.000000	70.000000	-1.942947E-14	-7.455511E-6
3737651177.652378	1.562000	1.100500	1.575000	25.000000	-15.000000	14.200000	100.000000	17.000000	100.000000	4.180000	0.000000	0.000000	0.000000	0.000000	1	1	0.000000	1.000000	1.000000	1.000000	1.000000	1.000000	1.000000	740.000000	740.000000	0.000000	17.000000	55.000000	-1.942947E-14	-7.483290E-6
3737651184.873239	1.562000	1.100500	1.575000	25.000000	-15.000000	14.400000	100.000000	17.000000	100.000000	4.180000	0.000000	0.000000	0.000000	0.000000	1	1	0.000000	1.000000	1.000000	1.000000	1.000000	1.000000	1.000000	740.000000	740.000000	0.000000	7.000000	65.000000	-1.942947E-14	-7.494322E-6
3737651191.238456	1.562000	1.100500	1.575000	25.000000	-15.000000	14.600000	100.000000	17.000000	100.000000	4.180000	0.000000	0.000000	0.000000	0.000000	1	1	0.000000	1.000000	1.000000	1.000000	1.000000	1.000000	1.000000	740.000000	740.000000	0.000000	8.000000	60.000000	-1.942947E-14	-7.522715E-6
3737651198.599589	1.562000	1.100500	1.575000	25.000000	-15.000000	14.800000	100.000000	17.000000	100.000000	4.180000	0.000000	0.000000	0.000000	0.000000	1	1	0.000000	1.000000	1.000000	1.000000	1.000000	1.000000	1.000000	740.000000	740.000000	0.000000	14.000000	47.000000	-1.942947E-14	-7.529455E-6
3737651203.957407	1.562000	1.100500	1.575000	25.000000	-15.000000	15.000000	100.000000	17.000000	100.000000	4.180000	0.000000	0.000000	0.000000	0.000000	1	1	0.000000	1.000000	1.000000	1.000000	1.000000	1.000000	1.000000	740.000000	740.000000	0.000000	16.000000	38.000000	-1.942947E-14	-7.533132E-6
3737651210.249498	1.562000	1.100500	1.575000	25.000000	-15.000000	15.200000	100.000000	17.000000	100.000000	4.180000	0.000000	0.000000	0.000000	0.000000	1	1	0.000000	1.000000	1.000000	1.000000	1.000000	1.000000	1.000000	740.000000	740.000000	0.000000	3.000000	59.000000	-1.942947E-14	-7.561118E-6
3737651216.592372	1.562000	1.100500	1.575000	25.000000	-15.000000	15.400000	100.000000	17.000000	100.000000	4.180000	0.000000	0.000000	0.000000	0.000000	1	1	0.000000	1.000000	1.000000	1.000000	1.000000	1.000000	1.000000	740.000000	740.000000	0.000000	5.000000	58.000000	-1.942947E-14	-7.569289E-6
3737651221.982160	1.562000	1.100500	1.575000	25.000000	-15.000000	15.600000	100.000000	17.000000	100.000000	4.180000	0.000000	0.000000	0.000000	0.000000	1	1	0.000000	1.000000	1.000000	1.000000	1.000000	1.000000	1.000000	740.000000	740.000000	0.000000	10.000000	41.000000	-1.942947E-14	-7.587264E-6
3737651228.199287	1.562000	1.100500	1.575000	25.000000	-15.000000	15.800000	100.000000	17.000000	100.000000	4.180000	0.000000	0.000000	0.000000	0.000000	1	1	0.000000	1.000000	1.000000	1.000000	1.000000	1.000000	1.000000	740.000000	740.000000	0.000000	4.000000	37.000000	-1.942947E-14	-7.604217E-6
3737651235.277409	1.562000	1.100500	1.575000	25.000000	-15.000000	16.000000	100.000000	17.000000	100.000000	4.180000	0.000000	0.000000	0.000000	0.000000	1	1	0.000000	1.000000	1.000000	1.000000	1.000000	1.000000	1.000000	740.000000	740.000000	0.000000	8.000000	67.000000	-1.942947E-14	-7.636285E-6
3737651241.494912	1.562000	1.100500	1.575000	25.000000	-15.000000	16.200000	100.000000	17.000000	100.000000	4.180000	0.000000	0.000000	0.000000	0.000000	1	1	0.000000	1.000000	1.000000	1.000000	1.000000	1.000000	1.000000	740.000000	740.000000	0.000000	3.000000	57.000000	-1.942947E-14	-7.641597E-6
3737651248.508077	1.562000	1.100500	1.575000	25.000000	-15.000000	16.400000	100.000000	17.000000	100.000000	4.180000	0.000000	0.000000	0.000000	0.000000	1	1	0.000000	1.000000	1.000000	1.000000	1.000000	1.000000	1.000000	740.000000	740.000000	0.000000	12.000000	74.000000	-1.942947E-14	-7.656509E-6
3737651255.622045	1.562000	1.100500	1.575000	25.000000	-15.000000	16.600000	100.000000	17.000000	100.000000	4.180000	0.000000	0.000000	0.000000	0.000000	1	1	0.000000	1.000000	1.000000	1.000000	1.000000	1.000000	1.000000	740.000000	740.000000	0.000000	2.000000	61.000000	-1.942947E-14	-7.664888E-6
3737651262.778840	1.562000	1.100500	1.575000	25.000000	-15.000000	16.800000	100.000000	17.000000	100.000000	4.180000	0.000000	0.000000	0.000000	0.000000	1	1	0.000000	1.000000	1.000000	1.000000	1.000000	1.000000	1.000000	740.000000	740.000000	0.000000	5.000000	62.000000	-1.942947E-14	-7.684085E-6
3737651269.488655	1.562000	1.100500	1.575000	25.000000	-15.000000	17.000000	100.000000	17.000000	100.000000	4.180000	0.000000	0.000000	0.000000	0.000000	1	1	0.000000	1.000000	1.000000	1.000000	1.000000	1.000000	1.000000	740.000000	740.000000	0.000000	9.000000	77.000000	-1.942947E-14	-7.692666E-6
3737651276.247573	1.562000	1.100500	1.575000	25.000000	-15.000000	17.200000	100.000000	17.000000	100.000000	4.180000	0.000000	0.000000	0.000000	0.000000	1	1	0.000000	1.000000	1.000000	1.000000	1.000000	1.000000	1.000000	740.000000	740.000000	0.000000	6.000000	69.000000	-1.942947E-14	-7.717180E-6
3737651282.965710	1.562000	1.100500	1.575000	25.000000	-15.000000	17.400000	100.000000	17.000000	100.000000	4.180000	0.000000	0.000000	0.000000	0.000000	1	1	0.000000	1.000000	1.000000	1.000000	1.000000	1.000000	1.000000	740.000000	740.000000	0.000000	11.000000	94.000000	-1.942947E-14	-7.710439E-6
3737651289.728453	1.562000	1.100500	1.575000	25.000000	-15.000000	17.600000	100.000000	17.000000	100.000000	4.180000	0.000000	0.000000	0.000000	0.000000	1	1	0.000000	1.000000	1.000000	1.000000	1.000000	1.000000	1.000000	740.000000	740.000000	0.000000	7.000000	68.000000	-1.942947E-14	-7.738217E-6
3737651296.382946	1.562000	1.100500	1.575000	25.000000	-15.000000	17.800000	100.000000	17.000000	100.000000	4.180000	0.000000	0.000000	0.000000	0.000000	1	1	0.000000	1.000000	1.000000	1.000000	1.000000	1.000000	1.000000	740.000000	740.000000	0.000000	9.000000	76.000000	-1.942947E-14	-7.746593E-6
3737651303.104925	1.562000	1.100500	1.575000	25.000000	-15.000000	18.000000	100.000000	17.000000	100.000000	4.180000	0.000000	0.000000	0.000000	0.000000	1	1	0.000000	1.000000	1.000000	1.000000	1.000000	1.000000	1.000000	740.000000	740.000000	0.000000	5.000000	82.000000	-1.942947E-14	-7.765180E-6
3737651309.578013	1.562000	1.100500	1.575000	25.000000	-15.000000	18.200000	100.000000	17.000000	100.000000	4.180000	0.000000	0.000000	0.000000	0.000000	1	1	0.000000	1.000000	1.000000	1.000000	1.000000	1.000000	1.000000	740.000000	740.000000	0.000000	16.000000	93.000000	-1.942947E-14	-7.784791E-6
3737651316.190116	1.562000	1.100500	1.575000	25.000000	-15.000000	18.400000	100.000000	17.000000	100.000000	4.180000	0.000000	0.000000	0.000000	0.000000	1	1	0.000000	1.000000	1.000000	1.000000	1.000000	1.000000	1.000000	740.000000	740.000000	0.000000	9.000000	97.000000	-1.942947E-14	-7.787245E-6
3737651322.886223	1.562000	1.100500	1.575000	25.000000	-15.000000	18.600000	100.000000	17.000000	100.000000	4.180000	0.000000	0.000000	0.000000	0.000000	1	1	0.000000	1.000000	1.000000	1.000000	1.000000	1.000000	1.000000	740.000000	740.000000	0.000000	9.000000	104.000000	-1.942947E-14	-7.784180E-6
3737651329.322059	1.562000	1.100500	1.575000	25.000000	-15.000000	18.800000	100.000000	17.000000	100.000000	4.180000	0.000000	0.000000	0.000000	0.000000	1	1	0.000000	1.000000	1.000000	1.000000	1.000000	1.000000	1.000000	740.000000	740.000000	0.000000	10.000000	100.000000	-1.942947E-14	-7.802356E-6
3737651335.892419	1.562000	1.100500	1.575000	25.000000	-15.000000	19.000000	100.000000	17.000000	100.000000	4.180000	0.000000	0.000000	0.000000	0.000000	1	1	0.000000	1.000000	1.000000	1.000000	1.000000	1.000000	1.000000	740.000000	740.000000	0.000000	14.000000	85.000000	-1.942947E-14	-7.809506E-6
3737651342.726430	1.562000	1.100500	1.575000	25.000000	-15.000000	19.200000	100.000000	17.000000	100.000000	4.180000	0.000000	0.000000	0.000000	0.000000	1	1	0.000000	1.000000	1.000000	1.000000	1.000000	1.000000	1.000000	740.000000	740.000000	0.000000	14.000000	93.000000	-1.942947E-14	-7.819925E-6
3737651349.582394	1.562000	1.100500	1.575000	25.000000	-15.000000	19.400000	100.000000	17.000000	100.000000	4.180000	0.000000	0.000000	0.000000	0.000000	1	1	0.000000	1.000000	1.000000	1.000000	1.000000	1.000000	1.000000	740.000000	740.000000	0.000000	18.000000	117.000000	-1.942947E-14	-7.832791E-6
3737651356.280201	1.562000	1.100500	1.575000	25.000000	-15.000000	19.600000	100.000000	17.000000	100.000000	4.180000	0.000000	0.000000	0.000000	0.000000	1	1	0.000000	1.000000	1.000000	1.000000	1.000000	1.000000	1.000000	740.000000	740.000000	0.000000	14.000000	118.000000	-1.942947E-14	-7.843416E-6
3737651363.124357	1.562000	1.100500	1.575000	25.000000	-15.000000	19.800000	100.000000	17.000000	100.000000	4.180000	0.000000	0.000000	0.000000	0.000000	1	1	0.000000	1.000000	1.000000	1.000000	1.000000	1.000000	1.000000	740.000000	740.000000	0.000000	13.000000	135.000000	-1.942947E-14	-7.846685E-6
3737651370.345830	1.562000	1.100500	1.575000	25.000000	-15.000000	20.000000	100.000000	17.000000	100.000000	4.180000	0.000000	0.000000	0.000000	0.000000	1	1	0.000000	1.000000	1.000000	1.000000	1.000000	1.000000	1.000000	740.000000	740.000000	0.000000	16.000000	135.000000	-1.942947E-14	-7.857509E-6
