#Cu(100) Th=5_06.dat
#6/8/2022 5:57:37 PM
#Preliminary IPES Scan
#Sweep En
#Measure rgm, lgm, 6487
#Timestamp (sec)	X (mm)	Y (mm)	Z (mm)	Theta (deg)	EG Grid (V)	EG Energy (eV)	EG Extraction (V)	EG Focus 1 (V)	EG Focus 2 (V)	EG Filament (V)	EG X1 Alignment (V)	EG X2 Alignment (V)	EG Y1 Alignment (V)	EG Y2 Alignment (V)	6485 Samples	6487 Samples	6487 Voltage (V)	GM2 Dwell Time (s)	GM2 SCA Lower Limit (V)	GM2 SCA Upper Limit (V)	GM1 Dwell Time (s)	GM1 SCA Lower Limit (V)	GM1 SCA Upper Limit (V)	Voltage Supply A (V)	Voltage Supply B (V)	Dummy	GM2 Counts	GM1 Counts	Keithley6485 Current (A)	Keithley6487 Current (A)
#time	xpos	ypos	zpos	theta	grid	en	ext	f1	f2	fil	x1	x2	y1	y2	6485s	6487s	6487v	gm2dw	gm2ll	gm2ul	gm1dw	gm1ll	gm1ul	va	vb	dummy	gm2	gm1	6485c	6487c
3737570262.748873	1.562000	1.100500	1.575000	5.000000	-15.000000	0.000000	100.000000	17.000000	100.000000	4.180000	0.000000	0.000000	0.000000	0.000000	1	1	0.000000	1.000000	1.000000	1.000000	1.000000	1.000000	1.000000	740.000000	740.000000	0.000000	9.000000	18.000000	-1.943467E-13	0.000000E+0
3737570267.920065	1.562000	1.100500	1.575000	5.000000	-15.000000	0.200000	100.000000	17.000000	100.000000	4.180000	0.000000	0.000000	0.000000	0.000000	1	1	0.000000	1.000000	1.000000	1.000000	1.000000	1.000000	1.000000	740.000000	740.000000	0.000000	9.000000	14.000000	-1.943467E-13	0.000000E+0
3737570273.084277	1.562000	1.100500	1.575000	5.000000	-15.000000	0.400000	100.000000	17.000000	100.000000	4.180000	0.000000	0.000000	0.000000	0.000000	1	1	0.000000	1.000000	1.000000	1.000000	1.000000	1.000000	1.000000	740.000000	740.000000	0.000000	7.000000	10.000000	-1.943467E-13	0.000000E+0
3737570278.262449	1.562000	1.100500	1.575000	5.000000	-15.000000	0.600000	100.000000	17.000000	100.000000	4.180000	0.000000	0.000000	0.000000	0.000000	1	1	0.000000	1.000000	1.000000	1.000000	1.000000	1.000000	1.000000	740.000000	740.000000	0.000000	6.000000	8.000000	-1.943467E-13	0.000000E+0
3737570283.436635	1.562000	1.100500	1.575000	5.000000	-15.000000	0.800000	100.000000	17.000000	100.000000	4.180000	0.000000	0.000000	0.000000	0.000000	1	1	0.000000	1.000000	1.000000	1.000000	1.000000	1.000000	1.000000	740.000000	740.000000	0.000000	10.000000	14.000000	-1.943467E-13	0.000000E+0
3737570288.610819	1.562000	1.100500	1.575000	5.000000	-15.000000	1.000000	100.000000	17.000000	100.000000	4.180000	0.000000	0.000000	0.000000	0.000000	1	1	0.000000	1.000000	1.000000	1.000000	1.000000	1.000000	1.000000	740.000000	740.000000	0.000000	5.000000	12.000000	-1.943467E-13	0.000000E+0
3737570293.790987	1.562000	1.100500	1.575000	5.000000	-15.000000	1.200000	100.000000	17.000000	100.000000	4.180000	0.000000	0.000000	0.000000	0.000000	1	1	0.000000	1.000000	1.000000	1.000000	1.000000	1.000000	1.000000	740.000000	740.000000	0.000000	10.000000	6.000000	-1.943467E-13	0.000000E+0
3737570298.968163	1.562000	1.100500	1.575000	5.000000	-15.000000	1.400000	100.000000	17.000000	100.000000	4.180000	0.000000	0.000000	0.000000	0.000000	1	1	0.000000	1.000000	1.000000	1.000000	1.000000	1.000000	1.000000	740.000000	740.000000	0.000000	10.000000	19.000000	-1.943467E-13	0.000000E+0
3737570304.141349	1.562000	1.100500	1.575000	5.000000	-15.000000	1.600000	100.000000	17.000000	100.000000	4.180000	0.000000	0.000000	0.000000	0.000000	1	1	0.000000	1.000000	1.000000	1.000000	1.000000	1.000000	1.000000	740.000000	740.000000	0.000000	10.000000	15.000000	-1.943467E-13	0.000000E+0
3737570309.324511	1.562000	1.100500	1.575000	5.000000	-15.000000	1.800000	100.000000	17.000000	100.000000	4.180000	0.000000	0.000000	0.000000	0.000000	1	1	0.000000	1.000000	1.000000	1.000000	1.000000	1.000000	1.000000	740.000000	740.000000	0.000000	7.000000	8.000000	-1.943467E-13	0.000000E+0
3737570314.497697	1.562000	1.100500	1.575000	5.000000	-15.000000	2.000000	100.000000	17.000000	100.000000	4.180000	0.000000	0.000000	0.000000	0.000000	1	1	0.000000	1.000000	1.000000	1.000000	1.000000	1.000000	1.000000	740.000000	740.000000	0.000000	9.000000	12.000000	-1.943467E-13	0.000000E+0
3737570319.667893	1.562000	1.100500	1.575000	5.000000	-15.000000	2.200000	100.000000	17.000000	100.000000	4.180000	0.000000	0.000000	0.000000	0.000000	1	1	0.000000	1.000000	1.000000	1.000000	1.000000	1.000000	1.000000	740.000000	740.000000	0.000000	14.000000	8.000000	-1.943467E-13	0.000000E+0
3737570324.837091	1.562000	1.100500	1.575000	5.000000	-15.000000	2.400000	100.000000	17.000000	100.000000	4.180000	0.000000	0.000000	0.000000	0.000000	1	1	0.000000	1.000000	1.000000	1.000000	1.000000	1.000000	1.000000	740.000000	740.000000	0.000000	8.000000	9.000000	-1.943467E-13	0.000000E+0
3737570330.013270	1.562000	1.100500	1.575000	5.000000	-15.000000	2.600000	100.000000	17.000000	100.000000	4.180000	0.000000	0.000000	0.000000	0.000000	1	1	0.000000	1.000000	1.000000	1.000000	1.000000	1.000000	1.000000	740.000000	740.000000	0.000000	8.000000	10.000000	-1.943467E-13	0.000000E+0
3737570335.181469	1.562000	1.100500	1.575000	5.000000	-15.000000	2.800000	100.000000	17.000000	100.000000	4.180000	0.000000	0.000000	0.000000	0.000000	1	1	0.000000	1.000000	1.000000	1.000000	1.000000	1.000000	1.000000	740.000000	740.000000	0.000000	8.000000	4.000000	-1.943467E-13	0.000000E+0
3737570340.346678	1.562000	1.100500	1.575000	5.000000	-15.000000	3.000000	100.000000	17.000000	100.000000	4.180000	0.000000	0.000000	0.000000	0.000000	1	1	0.000000	1.000000	1.000000	1.000000	1.000000	1.000000	1.000000	740.000000	740.000000	0.000000	8.000000	8.000000	-1.943467E-13	0.000000E+0
3737570345.520885	1.562000	1.100500	1.575000	5.000000	-15.000000	3.200000	100.000000	17.000000	100.000000	4.180000	0.000000	0.000000	0.000000	0.000000	1	1	0.000000	1.000000	1.000000	1.000000	1.000000	1.000000	1.000000	740.000000	740.000000	0.000000	6.000000	7.000000	-1.943467E-13	0.000000E+0
3737570350.698039	1.562000	1.100500	1.575000	5.000000	-15.000000	3.400000	100.000000	17.000000	100.000000	4.180000	0.000000	0.000000	0.000000	0.000000	1	1	0.000000	1.000000	1.000000	1.000000	1.000000	1.000000	1.000000	740.000000	740.000000	0.000000	7.000000	2.000000	-1.943467E-13	0.000000E+0
3737570355.876213	1.562000	1.100500	1.575000	5.000000	-15.000000	3.600000	100.000000	17.000000	100.000000	4.180000	0.000000	0.000000	0.000000	0.000000	1	1	0.000000	1.000000	1.000000	1.000000	1.000000	1.000000	1.000000	740.000000	740.000000	0.000000	9.000000	5.000000	-1.943467E-13	0.000000E+0
3737570361.060370	1.562000	1.100500	1.575000	5.000000	-15.000000	3.800000	100.000000	17.000000	100.000000	4.180000	0.000000	0.000000	0.000000	0.000000	1	1	0.000000	1.000000	1.000000	1.000000	1.000000	1.000000	1.000000	740.000000	740.000000	0.000000	13.000000	10.000000	-1.943467E-13	0.000000E+0
3737570366.236548	1.562000	1.100500	1.575000	5.000000	-15.000000	4.000000	100.000000	17.000000	100.000000	4.180000	0.000000	0.000000	0.000000	0.000000	1	1	0.000000	1.000000	1.000000	1.000000	1.000000	1.000000	1.000000	740.000000	740.000000	0.000000	12.000000	6.000000	-1.943467E-13	0.000000E+0
3737570371.410757	1.562000	1.100500	1.575000	5.000000	-15.000000	4.200000	100.000000	17.000000	100.000000	4.180000	0.000000	0.000000	0.000000	0.000000	1	1	0.000000	1.000000	1.000000	1.000000	1.000000	1.000000	1.000000	740.000000	740.000000	0.000000	9.000000	7.000000	-1.943467E-13	0.000000E+0
3737570376.592896	1.562000	1.100500	1.575000	5.000000	-15.000000	4.400000	100.000000	17.000000	100.000000	4.180000	0.000000	0.000000	0.000000	0.000000	1	1	0.000000	1.000000	1.000000	1.000000	1.000000	1.000000	1.000000	740.000000	740.000000	0.000000	17.000000	10.000000	-1.943467E-13	0.000000E+0
3737570382.724524	1.562000	1.100500	1.575000	5.000000	-15.000000	4.600000	100.000000	17.000000	100.000000	4.180000	0.000000	0.000000	0.000000	0.000000	1	1	0.000000	1.000000	1.000000	1.000000	1.000000	1.000000	1.000000	740.000000	740.000000	0.000000	31.000000	40.000000	-1.943467E-13	0.000000E+0
3737570389.568251	1.562000	1.100500	1.575000	5.000000	-15.000000	4.800000	100.000000	17.000000	100.000000	4.180000	0.000000	0.000000	0.000000	0.000000	1	1	0.000000	1.000000	1.000000	1.000000	1.000000	1.000000	1.000000	740.000000	740.000000	0.000000	68.000000	101.000000	-1.943467E-13	0.000000E+0
3737570396.536645	1.562000	1.100500	1.575000	5.000000	-15.000000	5.000000	100.000000	17.000000	100.000000	4.180000	0.000000	0.000000	0.000000	0.000000	1	1	0.000000	1.000000	1.000000	1.000000	1.000000	1.000000	1.000000	740.000000	740.000000	0.000000	100.000000	208.000000	-1.943467E-13	0.000000E+0
3737570403.431235	1.562000	1.100500	1.575000	5.000000	-15.000000	5.200000	100.000000	17.000000	100.000000	4.180000	0.000000	0.000000	0.000000	0.000000	1	1	0.000000	1.000000	1.000000	1.000000	1.000000	1.000000	1.000000	740.000000	740.000000	0.000000	116.000000	259.000000	-1.943467E-13	0.000000E+0
3737570410.411595	1.562000	1.100500	1.575000	5.000000	-15.000000	5.400000	100.000000	17.000000	100.000000	4.180000	0.000000	0.000000	0.000000	0.000000	1	1	0.000000	1.000000	1.000000	1.000000	1.000000	1.000000	1.000000	740.000000	740.000000	0.000000	121.000000	302.000000	-1.943467E-13	0.000000E+0
3737570417.506651	1.562000	1.100500	1.575000	5.000000	-15.000000	5.600000	100.000000	17.000000	100.000000	4.180000	0.000000	0.000000	0.000000	0.000000	1	1	0.000000	1.000000	1.000000	1.000000	1.000000	1.000000	1.000000	740.000000	740.000000	0.000000	126.000000	397.000000	-1.943467E-13	0.000000E+0
3737570424.574780	1.562000	1.100500	1.575000	5.000000	-15.000000	5.800000	100.000000	17.000000	100.000000	4.180000	0.000000	0.000000	0.000000	0.000000	1	1	0.000000	1.000000	1.000000	1.000000	1.000000	1.000000	1.000000	740.000000	740.000000	0.000000	103.000000	363.000000	-1.943467E-13	0.000000E+0
3737570431.508265	1.562000	1.100500	1.575000	5.000000	-15.000000	6.000000	100.000000	17.000000	100.000000	4.180000	0.000000	0.000000	0.000000	0.000000	1	1	0.000000	1.000000	1.000000	1.000000	1.000000	1.000000	1.000000	740.000000	740.000000	0.000000	86.000000	303.000000	-1.943467E-13	0.000000E+0
3737570438.282202	1.562000	1.100500	1.575000	5.000000	-15.000000	6.200000	100.000000	17.000000	100.000000	4.180000	0.000000	0.000000	0.000000	0.000000	1	1	0.000000	1.000000	1.000000	1.000000	1.000000	1.000000	1.000000	740.000000	740.000000	0.000000	54.000000	191.000000	-1.943467E-13	0.000000E+0
3737570445.139870	1.562000	1.100500	1.575000	5.000000	-15.000000	6.400000	100.000000	17.000000	100.000000	4.180000	0.000000	0.000000	0.000000	0.000000	1	1	0.000000	1.000000	1.000000	1.000000	1.000000	1.000000	1.000000	740.000000	740.000000	0.000000	43.000000	122.000000	-1.943467E-13	0.000000E+0
3737570451.496893	1.562000	1.100500	1.575000	5.000000	-15.000000	6.600000	100.000000	17.000000	100.000000	4.180000	0.000000	0.000000	0.000000	0.000000	1	1	0.000000	1.000000	1.000000	1.000000	1.000000	1.000000	1.000000	740.000000	740.000000	0.000000	42.000000	74.000000	-1.943467E-13	0.000000E+0
3737570457.917749	1.562000	1.100500	1.575000	5.000000	-15.000000	6.800000	100.000000	17.000000	100.000000	4.180000	0.000000	0.000000	0.000000	0.000000	1	1	0.000000	1.000000	1.000000	1.000000	1.000000	1.000000	1.000000	740.000000	740.000000	0.000000	45.000000	71.000000	-1.943467E-13	0.000000E+0
3737570464.496184	1.562000	1.100500	1.575000	5.000000	-15.000000	7.000000	100.000000	17.000000	100.000000	4.180000	0.000000	0.000000	0.000000	0.000000	1	1	0.000000	1.000000	1.000000	1.000000	1.000000	1.000000	1.000000	740.000000	740.000000	0.000000	57.000000	74.000000	-1.943467E-13	0.000000E+0
3737570470.689647	1.562000	1.100500	1.575000	5.000000	-15.000000	7.200000	100.000000	17.000000	100.000000	4.180000	0.000000	0.000000	0.000000	0.000000	1	1	0.000000	1.000000	1.000000	1.000000	1.000000	1.000000	1.000000	740.000000	740.000000	0.000000	47.000000	75.000000	-1.943467E-13	0.000000E+0
3737570476.926019	1.562000	1.100500	1.575000	5.000000	-15.000000	7.400000	100.000000	17.000000	100.000000	4.180000	0.000000	0.000000	0.000000	0.000000	1	1	0.000000	1.000000	1.000000	1.000000	1.000000	1.000000	1.000000	740.000000	740.000000	0.000000	44.000000	74.000000	-1.943467E-13	0.000000E+0
3737570483.617153	1.562000	1.100500	1.575000	5.000000	-15.000000	7.600000	100.000000	17.000000	100.000000	4.180000	0.000000	0.000000	0.000000	0.000000	1	1	0.000000	1.000000	1.000000	1.000000	1.000000	1.000000	1.000000	740.000000	740.000000	0.000000	55.000000	80.000000	-1.943467E-13	0.000000E+0
3737570490.503742	1.562000	1.100500	1.575000	5.000000	-15.000000	7.800000	100.000000	17.000000	100.000000	4.180000	0.000000	0.000000	0.000000	0.000000	1	1	0.000000	1.000000	1.000000	1.000000	1.000000	1.000000	1.000000	740.000000	740.000000	0.000000	57.000000	91.000000	-1.943467E-13	0.000000E+0
3737570497.148998	1.562000	1.100500	1.575000	5.000000	-15.000000	8.000000	100.000000	17.000000	100.000000	4.180000	0.000000	0.000000	0.000000	0.000000	1	1	0.000000	1.000000	1.000000	1.000000	1.000000	1.000000	1.000000	740.000000	740.000000	0.000000	51.000000	78.000000	-1.943467E-13	0.000000E+0
3737570503.803254	1.562000	1.100500	1.575000	5.000000	-15.000000	8.200000	100.000000	17.000000	100.000000	4.180000	0.000000	0.000000	0.000000	0.000000	1	1	0.000000	1.000000	1.000000	1.000000	1.000000	1.000000	1.000000	740.000000	740.000000	0.000000	53.000000	84.000000	-1.943467E-13	0.000000E+0
3737570510.147291	1.562000	1.100500	1.575000	5.000000	-15.000000	8.400000	100.000000	17.000000	100.000000	4.180000	0.000000	0.000000	0.000000	0.000000	1	1	0.000000	1.000000	1.000000	1.000000	1.000000	1.000000	1.000000	740.000000	740.000000	0.000000	33.000000	80.000000	-1.943467E-13	0.000000E+0
3737570516.372670	1.562000	1.100500	1.575000	5.000000	-15.000000	8.600000	100.000000	17.000000	100.000000	4.180000	0.000000	0.000000	0.000000	0.000000	1	1	0.000000	1.000000	1.000000	1.000000	1.000000	1.000000	1.000000	740.000000	740.000000	0.000000	41.000000	78.000000	-1.943467E-13	0.000000E+0
3737570522.712740	1.562000	1.100500	1.575000	5.000000	-15.000000	8.800000	100.000000	17.000000	100.000000	4.180000	0.000000	0.000000	0.000000	0.000000	1	1	0.000000	1.000000	1.000000	1.000000	1.000000	1.000000	1.000000	740.000000	740.000000	0.000000	37.000000	72.000000	-1.943467E-13	0.000000E+0
3737570529.091707	1.562000	1.100500	1.575000	5.000000	-15.000000	9.000000	100.000000	17.000000	100.000000	4.180000	0.000000	0.000000	0.000000	0.000000	1	1	0.000000	1.000000	1.000000	1.000000	1.000000	1.000000	1.000000	740.000000	740.000000	0.000000	44.000000	80.000000	-1.943467E-13	0.000000E+0
3737570535.501592	1.562000	1.100500	1.575000	5.000000	-15.000000	9.200000	100.000000	17.000000	100.000000	4.180000	0.000000	0.000000	0.000000	0.000000	1	1	0.000000	1.000000	1.000000	1.000000	1.000000	1.000000	1.000000	740.000000	740.000000	0.000000	35.000000	63.000000	-1.943467E-13	0.000000E+0
3737570542.150838	1.562000	1.100500	1.575000	5.000000	-15.000000	9.400000	100.000000	17.000000	100.000000	4.180000	0.000000	0.000000	0.000000	0.000000	1	1	0.000000	1.000000	1.000000	1.000000	1.000000	1.000000	1.000000	740.000000	740.000000	0.000000	30.000000	54.000000	-1.943467E-13	0.000000E+0
3737570548.977638	1.562000	1.100500	1.575000	5.000000	-15.000000	9.600000	100.000000	17.000000	100.000000	4.180000	0.000000	0.000000	0.000000	0.000000	1	1	0.000000	1.000000	1.000000	1.000000	1.000000	1.000000	1.000000	740.000000	740.000000	0.000000	26.000000	48.000000	-1.943467E-13	0.000000E+0
3737570557.136822	1.562000	1.100500	1.575000	5.000000	-15.000000	9.800000	100.000000	17.000000	100.000000	4.180000	0.000000	0.000000	0.000000	0.000000	1	1	0.000000	1.000000	1.000000	1.000000	1.000000	1.000000	1.000000	740.000000	740.000000	0.000000	33.000000	41.000000	-1.943467E-13	0.000000E+0
3737570563.131815	1.562000	1.100500	1.575000	5.000000	-15.000000	10.000000	100.000000	17.000000	100.000000	4.180000	0.000000	0.000000	0.000000	0.000000	1	1	0.000000	1.000000	1.000000	1.000000	1.000000	1.000000	1.000000	740.000000	740.000000	0.000000	27.000000	39.000000	-1.943467E-13	0.000000E+0
3737570570.078267	1.562000	1.100500	1.575000	5.000000	-15.000000	10.200000	100.000000	17.000000	100.000000	4.180000	0.000000	0.000000	0.000000	0.000000	1	1	0.000000	1.000000	1.000000	1.000000	1.000000	1.000000	1.000000	740.000000	740.000000	0.000000	30.000000	40.000000	-1.943467E-13	0.000000E+0
3737570575.392099	1.562000	1.100500	1.575000	5.000000	-15.000000	10.400000	100.000000	17.000000	100.000000	4.180000	0.000000	0.000000	0.000000	0.000000	1	1	0.000000	1.000000	1.000000	1.000000	1.000000	1.000000	1.000000	740.000000	740.000000	0.000000	27.000000	41.000000	-1.943467E-13	0.000000E+0
3737570580.559283	1.562000	1.100500	1.575000	5.000000	-15.000000	10.600000	100.000000	17.000000	100.000000	4.180000	0.000000	0.000000	0.000000	0.000000	1	1	0.000000	1.000000	1.000000	1.000000	1.000000	1.000000	1.000000	740.000000	740.000000	0.000000	23.000000	33.000000	-1.943467E-13	0.000000E+0
3737570585.732471	1.562000	1.100500	1.575000	5.000000	-15.000000	10.800000	100.000000	17.000000	100.000000	4.180000	0.000000	0.000000	0.000000	0.000000	1	1	0.000000	1.000000	1.000000	1.000000	1.000000	1.000000	1.000000	740.000000	740.000000	0.000000	20.000000	34.000000	-1.943467E-13	0.000000E+0
3737570590.916628	1.562000	1.100500	1.575000	5.000000	-15.000000	11.000000	100.000000	17.000000	100.000000	4.180000	0.000000	0.000000	0.000000	0.000000	1	1	0.000000	1.000000	1.000000	1.000000	1.000000	1.000000	1.000000	740.000000	740.000000	0.000000	25.000000	29.000000	-1.943467E-13	0.000000E+0
3737570597.480103	1.562000	1.100500	1.575000	5.000000	-15.000000	11.200000	100.000000	17.000000	100.000000	4.180000	0.000000	0.000000	0.000000	0.000000	1	1	0.000000	1.000000	1.000000	1.000000	1.000000	1.000000	1.000000	740.000000	740.000000	0.000000	36.000000	55.000000	-1.943467E-13	0.000000E+0
3737570604.072501	1.562000	1.100500	1.575000	5.000000	-15.000000	11.400000	100.000000	17.000000	100.000000	4.180000	0.000000	0.000000	0.000000	0.000000	1	1	0.000000	1.000000	1.000000	1.000000	1.000000	1.000000	1.000000	740.000000	740.000000	0.000000	58.000000	136.000000	-1.943467E-13	0.000000E+0
3737570611.003991	1.562000	1.100500	1.575000	5.000000	-15.000000	11.600000	100.000000	17.000000	100.000000	4.180000	0.000000	0.000000	0.000000	0.000000	1	1	0.000000	1.000000	1.000000	1.000000	1.000000	1.000000	1.000000	740.000000	740.000000	0.000000	100.000000	220.000000	-1.943467E-13	0.000000E+0
3737570617.925511	1.562000	1.100500	1.575000	5.000000	-15.000000	11.800000	100.000000	17.000000	100.000000	4.180000	0.000000	0.000000	0.000000	0.000000	1	1	0.000000	1.000000	1.000000	1.000000	1.000000	1.000000	1.000000	740.000000	740.000000	0.000000	140.000000	313.000000	-1.943467E-13	0.000000E+0
3737570625.012587	1.562000	1.100500	1.575000	5.000000	-15.000000	12.000000	100.000000	17.000000	100.000000	4.180000	0.000000	0.000000	0.000000	0.000000	1	1	0.000000	1.000000	1.000000	1.000000	1.000000	1.000000	1.000000	740.000000	740.000000	0.000000	164.000000	232.000000	-1.943467E-13	0.000000E+0
3737570632.061765	1.562000	1.100500	1.575000	5.000000	-15.000000	12.200000	100.000000	17.000000	100.000000	4.180000	0.000000	0.000000	0.000000	0.000000	1	1	0.000000	1.000000	1.000000	1.000000	1.000000	1.000000	1.000000	740.000000	740.000000	0.000000	146.000000	191.000000	-1.943467E-13	0.000000E+0
3737570640.121246	1.562000	1.100500	1.575000	5.000000	-15.000000	12.400000	100.000000	17.000000	100.000000	4.180000	0.000000	0.000000	0.000000	0.000000	1	1	0.000000	1.000000	1.000000	1.000000	1.000000	1.000000	1.000000	740.000000	740.000000	0.000000	169.000000	185.000000	-1.943467E-13	0.000000E+0
3737570646.854267	1.562000	1.100500	1.575000	5.000000	-15.000000	12.600000	100.000000	17.000000	100.000000	4.180000	0.000000	0.000000	0.000000	0.000000	1	1	0.000000	1.000000	1.000000	1.000000	1.000000	1.000000	1.000000	740.000000	740.000000	0.000000	120.000000	133.000000	-1.943467E-13	0.000000E+0
3737570653.920401	1.562000	1.100500	1.575000	5.000000	-15.000000	12.800000	100.000000	17.000000	100.000000	4.180000	0.000000	0.000000	0.000000	0.000000	1	1	0.000000	1.000000	1.000000	1.000000	1.000000	1.000000	1.000000	740.000000	740.000000	0.000000	108.000000	103.000000	-1.943467E-13	0.000000E+0
3737570660.611535	1.562000	1.100500	1.575000	5.000000	-15.000000	13.000000	100.000000	17.000000	100.000000	4.180000	0.000000	0.000000	0.000000	0.000000	1	1	0.000000	1.000000	1.000000	1.000000	1.000000	1.000000	1.000000	740.000000	740.000000	0.000000	87.000000	85.000000	-1.943467E-13	0.000000E+0
3737570667.231858	1.562000	1.100500	1.575000	5.000000	-15.000000	13.200000	100.000000	17.000000	100.000000	4.180000	0.000000	0.000000	0.000000	0.000000	1	1	0.000000	1.000000	1.000000	1.000000	1.000000	1.000000	1.000000	740.000000	740.000000	0.000000	73.000000	57.000000	-1.943467E-13	0.000000E+0
3737570673.302648	1.562000	1.100500	1.575000	5.000000	-15.000000	13.400000	100.000000	17.000000	100.000000	4.180000	0.000000	0.000000	0.000000	0.000000	1	1	0.000000	1.000000	1.000000	1.000000	1.000000	1.000000	1.000000	740.000000	740.000000	0.000000	56.000000	59.000000	-1.943467E-13	0.000000E+0
3737570679.662665	1.562000	1.100500	1.575000	5.000000	-15.000000	13.600000	100.000000	17.000000	100.000000	4.180000	0.000000	0.000000	0.000000	0.000000	1	1	0.000000	1.000000	1.000000	1.000000	1.000000	1.000000	1.000000	740.000000	740.000000	0.000000	53.000000	60.000000	-1.943467E-13	0.000000E+0
3737570686.119426	1.562000	1.100500	1.575000	5.000000	-15.000000	13.800000	100.000000	17.000000	100.000000	4.180000	0.000000	0.000000	0.000000	0.000000	1	1	0.000000	1.000000	1.000000	1.000000	1.000000	1.000000	1.000000	740.000000	740.000000	0.000000	55.000000	59.000000	-1.943467E-13	0.000000E+0
3737570692.605109	1.562000	1.100500	1.575000	5.000000	-15.000000	14.000000	100.000000	17.000000	100.000000	4.180000	0.000000	0.000000	0.000000	0.000000	1	1	0.000000	1.000000	1.000000	1.000000	1.000000	1.000000	1.000000	740.000000	740.000000	0.000000	44.000000	58.000000	-1.943467E-13	0.000000E+0
3737570699.448846	1.562000	1.100500	1.575000	5.000000	-15.000000	14.200000	100.000000	17.000000	100.000000	4.180000	0.000000	0.000000	0.000000	0.000000	1	1	0.000000	1.000000	1.000000	1.000000	1.000000	1.000000	1.000000	740.000000	740.000000	0.000000	54.000000	42.000000	-1.943467E-13	0.000000E+0
3737570706.372348	1.562000	1.100500	1.575000	5.000000	-15.000000	14.400000	100.000000	17.000000	100.000000	4.180000	0.000000	0.000000	0.000000	0.000000	1	1	0.000000	1.000000	1.000000	1.000000	1.000000	1.000000	1.000000	740.000000	740.000000	0.000000	32.000000	53.000000	-1.943467E-13	0.000000E+0
3737570712.967738	1.562000	1.100500	1.575000	5.000000	-15.000000	14.600000	100.000000	17.000000	100.000000	4.180000	0.000000	0.000000	0.000000	0.000000	1	1	0.000000	1.000000	1.000000	1.000000	1.000000	1.000000	1.000000	740.000000	740.000000	0.000000	30.000000	42.000000	-1.943467E-13	0.000000E+0
3737570719.918180	1.562000	1.100500	1.575000	5.000000	-15.000000	14.800000	100.000000	17.000000	100.000000	4.180000	0.000000	0.000000	0.000000	0.000000	1	1	0.000000	1.000000	1.000000	1.000000	1.000000	1.000000	1.000000	740.000000	740.000000	0.000000	31.000000	42.000000	-1.943467E-13	0.000000E+0
3737570726.513569	1.562000	1.100500	1.575000	5.000000	-15.000000	15.000000	100.000000	17.000000	100.000000	4.180000	0.000000	0.000000	0.000000	0.000000	1	1	0.000000	1.000000	1.000000	1.000000	1.000000	1.000000	1.000000	740.000000	740.000000	0.000000	42.000000	48.000000	-1.943467E-13	0.000000E+0
3737570733.179769	1.562000	1.100500	1.575000	5.000000	-15.000000	15.200000	100.000000	17.000000	100.000000	4.180000	0.000000	0.000000	0.000000	0.000000	1	1	0.000000	1.000000	1.000000	1.000000	1.000000	1.000000	1.000000	740.000000	740.000000	0.000000	42.000000	44.000000	-1.943467E-13	0.000000E+0
3737570739.555745	1.562000	1.100500	1.575000	5.000000	-15.000000	15.400000	100.000000	17.000000	100.000000	4.180000	0.000000	0.000000	0.000000	0.000000	1	1	0.000000	1.000000	1.000000	1.000000	1.000000	1.000000	1.000000	740.000000	740.000000	0.000000	42.000000	72.000000	-1.943467E-13	0.000000E+0
3737570746.179059	1.562000	1.100500	1.575000	5.000000	-15.000000	15.600000	100.000000	17.000000	100.000000	4.180000	0.000000	0.000000	0.000000	0.000000	1	1	0.000000	1.000000	1.000000	1.000000	1.000000	1.000000	1.000000	740.000000	740.000000	0.000000	71.000000	84.000000	-1.943467E-13	0.000000E+0
3737570752.604902	1.562000	1.100500	1.575000	5.000000	-15.000000	15.800000	100.000000	17.000000	100.000000	4.180000	0.000000	0.000000	0.000000	0.000000	1	1	0.000000	1.000000	1.000000	1.000000	1.000000	1.000000	1.000000	740.000000	740.000000	0.000000	45.000000	61.000000	-1.943467E-13	0.000000E+0
3737570759.320969	1.562000	1.100500	1.575000	5.000000	-15.000000	16.000000	100.000000	17.000000	100.000000	4.180000	0.000000	0.000000	0.000000	0.000000	1	1	0.000000	1.000000	1.000000	1.000000	1.000000	1.000000	1.000000	740.000000	740.000000	0.000000	60.000000	63.000000	-1.943467E-13	0.000000E+0
3737570765.714897	1.562000	1.100500	1.575000	5.000000	-15.000000	16.200000	100.000000	17.000000	100.000000	4.180000	0.000000	0.000000	0.000000	0.000000	1	1	0.000000	1.000000	1.000000	1.000000	1.000000	1.000000	1.000000	740.000000	740.000000	0.000000	67.000000	52.000000	-1.943467E-13	0.000000E+0
3737570772.845858	1.562000	1.100500	1.575000	5.000000	-15.000000	16.400000	100.000000	17.000000	100.000000	4.180000	0.000000	0.000000	0.000000	0.000000	1	1	0.000000	1.000000	1.000000	1.000000	1.000000	1.000000	1.000000	740.000000	740.000000	0.000000	74.000000	78.000000	-1.943467E-13	0.000000E+0
3737570779.541976	1.562000	1.100500	1.575000	5.000000	-15.000000	16.600000	100.000000	17.000000	100.000000	4.180000	0.000000	0.000000	0.000000	0.000000	1	1	0.000000	1.000000	1.000000	1.000000	1.000000	1.000000	1.000000	740.000000	740.000000	0.000000	72.000000	72.000000	-1.943467E-13	0.000000E+0
3737570786.556272	1.562000	1.100500	1.575000	5.000000	-15.000000	16.800000	100.000000	17.000000	100.000000	4.180000	0.000000	0.000000	0.000000	0.000000	1	1	0.000000	1.000000	1.000000	1.000000	1.000000	1.000000	1.000000	740.000000	740.000000	0.000000	76.000000	79.000000	-1.943467E-13	0.000000E+0
3737570793.521650	1.562000	1.100500	1.575000	5.000000	-15.000000	17.000000	100.000000	17.000000	100.000000	4.180000	0.000000	0.000000	0.000000	0.000000	1	1	0.000000	1.000000	1.000000	1.000000	1.000000	1.000000	1.000000	740.000000	740.000000	0.000000	74.000000	96.000000	-1.943467E-13	0.000000E+0
3737570800.485056	1.562000	1.100500	1.575000	5.000000	-15.000000	17.200000	100.000000	17.000000	100.000000	4.180000	0.000000	0.000000	0.000000	0.000000	1	1	0.000000	1.000000	1.000000	1.000000	1.000000	1.000000	1.000000	740.000000	740.000000	0.000000	62.000000	70.000000	-1.943467E-13	0.000000E+0
3737570807.195140	1.562000	1.100500	1.575000	5.000000	-15.000000	17.400000	100.000000	17.000000	100.000000	4.180000	0.000000	0.000000	0.000000	0.000000	1	1	0.000000	1.000000	1.000000	1.000000	1.000000	1.000000	1.000000	740.000000	740.000000	0.000000	63.000000	82.000000	-1.943467E-13	0.000000E+0
3737570814.162538	1.562000	1.100500	1.575000	5.000000	-15.000000	17.600000	100.000000	17.000000	100.000000	4.180000	0.000000	0.000000	0.000000	0.000000	1	1	0.000000	1.000000	1.000000	1.000000	1.000000	1.000000	1.000000	740.000000	740.000000	0.000000	68.000000	85.000000	-1.943467E-13	0.000000E+0
3737570820.538511	1.562000	1.100500	1.575000	5.000000	-15.000000	17.800000	100.000000	17.000000	100.000000	4.180000	0.000000	0.000000	0.000000	0.000000	1	1	0.000000	1.000000	1.000000	1.000000	1.000000	1.000000	1.000000	740.000000	740.000000	0.000000	51.000000	102.000000	-1.943467E-13	0.000000E+0
3737570827.436093	1.562000	1.100500	1.575000	5.000000	-15.000000	18.000000	100.000000	17.000000	100.000000	4.180000	0.000000	0.000000	0.000000	0.000000	1	1	0.000000	1.000000	1.000000	1.000000	1.000000	1.000000	1.000000	740.000000	740.000000	0.000000	75.000000	95.000000	-1.943467E-13	0.000000E+0
3737570834.353622	1.562000	1.100500	1.575000	5.000000	-15.000000	18.200000	100.000000	17.000000	100.000000	4.180000	0.000000	0.000000	0.000000	0.000000	1	1	0.000000	1.000000	1.000000	1.000000	1.000000	1.000000	1.000000	740.000000	740.000000	0.000000	80.000000	67.000000	-1.943467E-13	0.000000E+0
3737570841.055728	1.562000	1.100500	1.575000	5.000000	-15.000000	18.400000	100.000000	17.000000	100.000000	4.180000	0.000000	0.000000	0.000000	0.000000	1	1	0.000000	1.000000	1.000000	1.000000	1.000000	1.000000	1.000000	740.000000	740.000000	0.000000	79.000000	81.000000	-1.943467E-13	0.000000E+0
3737570847.929374	1.562000	1.100500	1.575000	5.000000	-15.000000	18.600000	100.000000	17.000000	100.000000	4.180000	0.000000	0.000000	0.000000	0.000000	1	1	0.000000	1.000000	1.000000	1.000000	1.000000	1.000000	1.000000	740.000000	740.000000	0.000000	93.000000	95.000000	-1.943467E-13	0.000000E+0
3737570854.865854	1.562000	1.100500	1.575000	5.000000	-15.000000	18.800000	100.000000	17.000000	100.000000	4.180000	0.000000	0.000000	0.000000	0.000000	1	1	0.000000	1.000000	1.000000	1.000000	1.000000	1.000000	1.000000	740.000000	740.000000	0.000000	76.000000	101.000000	-1.943467E-13	0.000000E+0
3737570861.461243	1.562000	1.100500	1.575000	5.000000	-15.000000	19.000000	100.000000	17.000000	100.000000	4.180000	0.000000	0.000000	0.000000	0.000000	1	1	0.000000	1.000000	1.000000	1.000000	1.000000	1.000000	1.000000	740.000000	740.000000	0.000000	74.000000	114.000000	-1.943467E-13	0.000000E+0
3737570868.102530	1.562000	1.100500	1.575000	5.000000	-15.000000	19.200000	100.000000	17.000000	100.000000	4.180000	0.000000	0.000000	0.000000	0.000000	1	1	0.000000	1.000000	1.000000	1.000000	1.000000	1.000000	1.000000	740.000000	740.000000	0.000000	90.000000	104.000000	-1.943467E-13	0.000000E+0
3737570875.200557	1.562000	1.100500	1.575000	5.000000	-15.000000	19.400000	100.000000	17.000000	100.000000	4.180000	0.000000	0.000000	0.000000	0.000000	1	1	0.000000	1.000000	1.000000	1.000000	1.000000	1.000000	1.000000	740.000000	740.000000	0.000000	100.000000	119.000000	-1.943467E-13	0.000000E+0
3737570882.187902	1.562000	1.100500	1.575000	5.000000	-15.000000	19.600000	100.000000	17.000000	100.000000	4.180000	0.000000	0.000000	0.000000	0.000000	1	1	0.000000	1.000000	1.000000	1.000000	1.000000	1.000000	1.000000	740.000000	740.000000	0.000000	92.000000	130.000000	-1.943467E-13	0.000000E+0
3737570889.244059	1.562000	1.100500	1.575000	5.000000	-15.000000	19.800000	100.000000	17.000000	100.000000	4.180000	0.000000	0.000000	0.000000	0.000000	1	1	0.000000	1.000000	1.000000	1.000000	1.000000	1.000000	1.000000	740.000000	740.000000	0.000000	97.000000	133.000000	-1.943467E-13	0.000000E+0
3737570896.248357	1.562000	1.100500	1.575000	5.000000	-15.000000	20.000000	100.000000	17.000000	100.000000	4.180000	0.000000	0.000000	0.000000	0.000000	1	1	0.000000	1.000000	1.000000	1.000000	1.000000	1.000000	1.000000	740.000000	740.000000	0.000000	108.000000	128.000000	-1.943467E-13	0.000000E+0
