#BeamwidthEn15Ext100Fil4.80G-13F18F2-9_02.dat
#3/9/2022 1:22:32 PM
#X (mm)
#From -20 To -2 By 0.2
#Measure 6485c
#90 points
#Timestamp (sec)	X (mm)	Y (mm)	Z (mm)	Theta (deg)	EG Grid (V)	EG Energy (eV)	EG Extraction (V)	EG Focus 1 (V)	EG Focus 2 (V)	EG Filament (V)	EG X1 Alignment (V)	EG X2 Alignment (V)	EG Y1 Alignment (V)	EG Y2 Alignment (V)	6485 Samples	6487 Samples	6487 Voltage (V)	GM2 Dwell Time (s)	GM2 SCA Lower Limit (V)	GM2 SCA Upper Limit (V)	GM1 Dwell Time (s)	GM1 SCA Lower Limit (V)	GM1 SCA Upper Limit (V)	Voltage Supply A (V)	Voltage Supply B (V)	Dummy	GM2 Counts	GM1 Counts	Keithley6485 Current (A)	Keithley6487 Current (A)
#time	xpos	ypos	zpos	theta	grid	en	ext	f1	f2	fil	x1	x2	y1	y2	6485s	6487s	6487v	gm2dw	gm2ll	gm2ul	gm1dw	gm1ll	gm1ul	va	vb	dummy	gm2	gm1	6485c	6487c
3729694961.237145	-20.000500	-0.000500	-1.000000	-4.020000	-13.400000	15.000000	100.000000	8.000000	-9.000000	4.780000	0.000000	0.000000	0.000000	0.000000	1	1	0.000000	1.000000	1.000000	1.000000	1.000000	1.000000	1.000000	0.000000	0.000000	0.000000	0.000000	0.000000	-2.554955E-7	-2.563129E-5
3729694963.145839	-19.801000	-0.000500	-1.000000	-4.020000	-13.400000	15.000000	100.000000	8.000000	-9.000000	4.780000	0.000000	0.000000	0.000000	0.000000	1	1	0.000000	1.000000	1.000000	1.000000	1.000000	1.000000	1.000000	0.000000	0.000000	0.000000	0.000000	0.000000	-2.664343E-7	-2.563129E-5
3729694965.035785	-19.601000	-0.000500	-1.000000	-4.020000	-13.400000	15.000000	100.000000	8.000000	-9.000000	4.780000	0.000000	0.000000	0.000000	0.000000	1	1	0.000000	1.000000	1.000000	1.000000	1.000000	1.000000	1.000000	0.000000	0.000000	0.000000	0.000000	0.000000	-2.770688E-7	-2.563129E-5
3729694966.911069	-19.401000	-0.000500	-1.000000	-4.020000	-13.400000	15.000000	100.000000	8.000000	-9.000000	4.780000	0.000000	0.000000	0.000000	0.000000	1	1	0.000000	1.000000	1.000000	1.000000	1.000000	1.000000	1.000000	0.000000	0.000000	0.000000	0.000000	0.000000	-2.870260E-7	-2.563129E-5
3729694968.776334	-19.201000	-0.000500	-1.000000	-4.020000	-13.400000	15.000000	100.000000	8.000000	-9.000000	4.780000	0.000000	0.000000	0.000000	0.000000	1	1	0.000000	1.000000	1.000000	1.000000	1.000000	1.000000	1.000000	0.000000	0.000000	0.000000	0.000000	0.000000	-2.962353E-7	-2.563129E-5
3729694970.644938	-19.001000	-0.000500	-1.000000	-4.020000	-13.400000	15.000000	100.000000	8.000000	-9.000000	4.780000	0.000000	0.000000	0.000000	0.000000	1	1	0.000000	1.000000	1.000000	1.000000	1.000000	1.000000	1.000000	0.000000	0.000000	0.000000	0.000000	0.000000	-3.037553E-7	-2.563129E-5
3729694972.506859	-18.801000	-0.000500	-1.000000	-4.020000	-13.400000	15.000000	100.000000	8.000000	-9.000000	4.780000	0.000000	0.000000	0.000000	0.000000	1	1	0.000000	1.000000	1.000000	1.000000	1.000000	1.000000	1.000000	0.000000	0.000000	0.000000	0.000000	0.000000	-3.092361E-7	-2.563129E-5
3729694974.370571	-18.601000	-0.000500	-1.000000	-4.020000	-13.400000	15.000000	100.000000	8.000000	-9.000000	4.780000	0.000000	0.000000	0.000000	0.000000	1	1	0.000000	1.000000	1.000000	1.000000	1.000000	1.000000	1.000000	0.000000	0.000000	0.000000	0.000000	0.000000	-3.125719E-7	-2.563129E-5
3729694976.241361	-18.401000	-0.000500	-1.000000	-4.020000	-13.400000	15.000000	100.000000	8.000000	-9.000000	4.780000	0.000000	0.000000	0.000000	0.000000	1	1	0.000000	1.000000	1.000000	1.000000	1.000000	1.000000	1.000000	0.000000	0.000000	0.000000	0.000000	0.000000	-3.138564E-7	-2.563129E-5
3729694978.106257	-18.201000	-0.000500	-1.000000	-4.020000	-13.400000	15.000000	100.000000	8.000000	-9.000000	4.780000	0.000000	0.000000	0.000000	0.000000	1	1	0.000000	1.000000	1.000000	1.000000	1.000000	1.000000	1.000000	0.000000	0.000000	0.000000	0.000000	0.000000	-3.133323E-7	-2.563129E-5
3729694979.977561	-18.001000	-0.000500	-1.000000	-4.020000	-13.400000	15.000000	100.000000	8.000000	-9.000000	4.780000	0.000000	0.000000	0.000000	0.000000	1	1	0.000000	1.000000	1.000000	1.000000	1.000000	1.000000	1.000000	0.000000	0.000000	0.000000	0.000000	0.000000	-3.113092E-7	-2.563129E-5
3729694981.847988	-17.801000	-0.000500	-1.000000	-4.020000	-13.400000	15.000000	100.000000	8.000000	-9.000000	4.780000	0.000000	0.000000	0.000000	0.000000	1	1	0.000000	1.000000	1.000000	1.000000	1.000000	1.000000	1.000000	0.000000	0.000000	0.000000	0.000000	0.000000	-3.084539E-7	-2.563129E-5
3729694983.718457	-17.601000	-0.000500	-1.000000	-4.020000	-13.400000	15.000000	100.000000	8.000000	-9.000000	4.780000	0.000000	0.000000	0.000000	0.000000	1	1	0.000000	1.000000	1.000000	1.000000	1.000000	1.000000	1.000000	0.000000	0.000000	0.000000	0.000000	0.000000	-3.052395E-7	-2.563129E-5
3729694985.586684	-17.401000	-0.000500	-1.000000	-4.020000	-13.400000	15.000000	100.000000	8.000000	-9.000000	4.780000	0.000000	0.000000	0.000000	0.000000	1	1	0.000000	1.000000	1.000000	1.000000	1.000000	1.000000	1.000000	0.000000	0.000000	0.000000	0.000000	0.000000	-3.021800E-7	-2.563129E-5
3729694987.459274	-17.201000	-0.000500	-1.000000	-4.020000	-13.400000	15.000000	100.000000	8.000000	-9.000000	4.780000	0.000000	0.000000	0.000000	0.000000	1	1	0.000000	1.000000	1.000000	1.000000	1.000000	1.000000	1.000000	0.000000	0.000000	0.000000	0.000000	0.000000	-2.994166E-7	-2.563129E-5
3729694989.328410	-17.001000	-0.000500	-1.000000	-4.020000	-13.400000	15.000000	100.000000	8.000000	-9.000000	4.780000	0.000000	0.000000	0.000000	0.000000	1	1	0.000000	1.000000	1.000000	1.000000	1.000000	1.000000	1.000000	0.000000	0.000000	0.000000	0.000000	0.000000	-2.971182E-7	-2.563129E-5
3729694991.196944	-16.801000	-0.000500	-1.000000	-4.020000	-13.400000	15.000000	100.000000	8.000000	-9.000000	4.780000	0.000000	0.000000	0.000000	0.000000	1	1	0.000000	1.000000	1.000000	1.000000	1.000000	1.000000	1.000000	0.000000	0.000000	0.000000	0.000000	0.000000	-2.953063E-7	-2.563129E-5
3729694993.058659	-16.601000	-0.000500	-1.000000	-4.020000	-13.400000	15.000000	100.000000	8.000000	-9.000000	4.780000	0.000000	0.000000	0.000000	0.000000	1	1	0.000000	1.000000	1.000000	1.000000	1.000000	1.000000	1.000000	0.000000	0.000000	0.000000	0.000000	0.000000	-2.939054E-7	-2.563129E-5
3729694994.924530	-16.401000	-0.000500	-1.000000	-4.020000	-13.400000	15.000000	100.000000	8.000000	-9.000000	4.780000	0.000000	0.000000	0.000000	0.000000	1	1	0.000000	1.000000	1.000000	1.000000	1.000000	1.000000	1.000000	0.000000	0.000000	0.000000	0.000000	0.000000	-2.928246E-7	-2.563129E-5
3729694996.786621	-16.200500	-0.000500	-1.000000	-4.020000	-13.400000	15.000000	100.000000	8.000000	-9.000000	4.780000	0.000000	0.000000	0.000000	0.000000	1	1	0.000000	1.000000	1.000000	1.000000	1.000000	1.000000	1.000000	0.000000	0.000000	0.000000	0.000000	0.000000	-2.921347E-7	-2.563129E-5
3729694998.646173	-16.000500	-0.000500	-1.000000	-4.020000	-13.400000	15.000000	100.000000	8.000000	-9.000000	4.780000	0.000000	0.000000	0.000000	0.000000	1	1	0.000000	1.000000	1.000000	1.000000	1.000000	1.000000	1.000000	0.000000	0.000000	0.000000	0.000000	0.000000	-2.917632E-7	-2.563129E-5
3729695000.514791	-15.801000	-0.000500	-1.000000	-4.020000	-13.400000	15.000000	100.000000	8.000000	-9.000000	4.780000	0.000000	0.000000	0.000000	0.000000	1	1	0.000000	1.000000	1.000000	1.000000	1.000000	1.000000	1.000000	0.000000	0.000000	0.000000	0.000000	0.000000	-2.916245E-7	-2.563129E-5
3729695002.382787	-15.601000	-0.000500	-1.000000	-4.020000	-13.400000	15.000000	100.000000	8.000000	-9.000000	4.780000	0.000000	0.000000	0.000000	0.000000	1	1	0.000000	1.000000	1.000000	1.000000	1.000000	1.000000	1.000000	0.000000	0.000000	0.000000	0.000000	0.000000	-2.917320E-7	-2.563129E-5
3729695004.252821	-15.401000	-0.000500	-1.000000	-4.020000	-13.400000	15.000000	100.000000	8.000000	-9.000000	4.780000	0.000000	0.000000	0.000000	0.000000	1	1	0.000000	1.000000	1.000000	1.000000	1.000000	1.000000	1.000000	0.000000	0.000000	0.000000	0.000000	0.000000	-2.920417E-7	-2.563129E-5
3729695006.121087	-15.200500	-0.000500	-1.000000	-4.020000	-13.400000	15.000000	100.000000	8.000000	-9.000000	4.780000	0.000000	0.000000	0.000000	0.000000	1	1	0.000000	1.000000	1.000000	1.000000	1.000000	1.000000	1.000000	0.000000	0.000000	0.000000	0.000000	0.000000	-2.925778E-7	-2.563129E-5
3729695007.993968	-15.000500	-0.000500	-1.000000	-4.020000	-13.400000	15.000000	100.000000	8.000000	-9.000000	4.780000	0.000000	0.000000	0.000000	0.000000	1	1	0.000000	1.000000	1.000000	1.000000	1.000000	1.000000	1.000000	0.000000	0.000000	0.000000	0.000000	0.000000	-2.932478E-7	-2.563129E-5
3729695009.867659	-14.800500	-0.000500	-1.000000	-4.020000	-13.400000	15.000000	100.000000	8.000000	-9.000000	4.780000	0.000000	0.000000	0.000000	0.000000	1	1	0.000000	1.000000	1.000000	1.000000	1.000000	1.000000	1.000000	0.000000	0.000000	0.000000	0.000000	0.000000	-2.940376E-7	-2.563129E-5
3729695011.742109	-14.601000	-0.000500	-1.000000	-4.020000	-13.400000	15.000000	100.000000	8.000000	-9.000000	4.780000	0.000000	0.000000	0.000000	0.000000	1	1	0.000000	1.000000	1.000000	1.000000	1.000000	1.000000	1.000000	0.000000	0.000000	0.000000	0.000000	0.000000	-2.949414E-7	-2.563129E-5
3729695013.616636	-14.401000	-0.000500	-1.000000	-4.020000	-13.400000	15.000000	100.000000	8.000000	-9.000000	4.780000	0.000000	0.000000	0.000000	0.000000	1	1	0.000000	1.000000	1.000000	1.000000	1.000000	1.000000	1.000000	0.000000	0.000000	0.000000	0.000000	0.000000	-2.959488E-7	-2.563129E-5
3729695015.483470	-14.200500	-0.000500	-1.000000	-4.020000	-13.400000	15.000000	100.000000	8.000000	-9.000000	4.780000	0.000000	0.000000	0.000000	0.000000	1	1	0.000000	1.000000	1.000000	1.000000	1.000000	1.000000	1.000000	0.000000	0.000000	0.000000	0.000000	0.000000	-2.971040E-7	-2.563129E-5
3729695017.356821	-14.000500	-0.000500	-1.000000	-4.020000	-13.400000	15.000000	100.000000	8.000000	-9.000000	4.780000	0.000000	0.000000	0.000000	0.000000	1	1	0.000000	1.000000	1.000000	1.000000	1.000000	1.000000	1.000000	0.000000	0.000000	0.000000	0.000000	0.000000	-2.983364E-7	-2.563129E-5
3729695019.225751	-13.800500	-0.000500	-1.000000	-4.020000	-13.400000	15.000000	100.000000	8.000000	-9.000000	4.780000	0.000000	0.000000	0.000000	0.000000	1	1	0.000000	1.000000	1.000000	1.000000	1.000000	1.000000	1.000000	0.000000	0.000000	0.000000	0.000000	0.000000	-2.996163E-7	-2.563129E-5
3729695021.098150	-13.601000	-0.000500	-1.000000	-4.020000	-13.400000	15.000000	100.000000	8.000000	-9.000000	4.780000	0.000000	0.000000	0.000000	0.000000	1	1	0.000000	1.000000	1.000000	1.000000	1.000000	1.000000	1.000000	0.000000	0.000000	0.000000	0.000000	0.000000	-3.010128E-7	-2.563129E-5
3729695022.965175	-13.400500	-0.000500	-1.000000	-4.020000	-13.400000	15.000000	100.000000	8.000000	-9.000000	4.780000	0.000000	0.000000	0.000000	0.000000	1	1	0.000000	1.000000	1.000000	1.000000	1.000000	1.000000	1.000000	0.000000	0.000000	0.000000	0.000000	0.000000	-3.025488E-7	-2.563129E-5
3729695024.826792	-13.200500	-0.000500	-1.000000	-4.020000	-13.400000	15.000000	100.000000	8.000000	-9.000000	4.780000	0.000000	0.000000	0.000000	0.000000	1	1	0.000000	1.000000	1.000000	1.000000	1.000000	1.000000	1.000000	0.000000	0.000000	0.000000	0.000000	0.000000	-3.041849E-7	-2.563129E-5
3729695026.693605	-13.000500	-0.000500	-1.000000	-4.020000	-13.400000	15.000000	100.000000	8.000000	-9.000000	4.780000	0.000000	0.000000	0.000000	0.000000	1	1	0.000000	1.000000	1.000000	1.000000	1.000000	1.000000	1.000000	0.000000	0.000000	0.000000	0.000000	0.000000	-3.060354E-7	-2.563129E-5
3729695028.566658	-12.800500	-0.000500	-1.000000	-4.020000	-13.400000	15.000000	100.000000	8.000000	-9.000000	4.780000	0.000000	0.000000	0.000000	0.000000	1	1	0.000000	1.000000	1.000000	1.000000	1.000000	1.000000	1.000000	0.000000	0.000000	0.000000	0.000000	0.000000	-3.078909E-7	-2.563129E-5
3729695030.444520	-12.601000	-0.000500	-1.000000	-4.020000	-13.400000	15.000000	100.000000	8.000000	-9.000000	4.780000	0.000000	0.000000	0.000000	0.000000	1	1	0.000000	1.000000	1.000000	1.000000	1.000000	1.000000	1.000000	0.000000	0.000000	0.000000	0.000000	0.000000	-3.097461E-7	-2.563129E-5
3729695032.313834	-12.401000	-0.000500	-1.000000	-4.020000	-13.400000	15.000000	100.000000	8.000000	-9.000000	4.780000	0.000000	0.000000	0.000000	0.000000	1	1	0.000000	1.000000	1.000000	1.000000	1.000000	1.000000	1.000000	0.000000	0.000000	0.000000	0.000000	0.000000	-3.117826E-7	-2.563129E-5
3729695034.192632	-12.200500	-0.000500	-1.000000	-4.020000	-13.400000	15.000000	100.000000	8.000000	-9.000000	4.780000	0.000000	0.000000	0.000000	0.000000	1	1	0.000000	1.000000	1.000000	1.000000	1.000000	1.000000	1.000000	0.000000	0.000000	0.000000	0.000000	0.000000	-3.140633E-7	-2.563129E-5
3729695036.066483	-12.000500	-0.000500	-1.000000	-4.020000	-13.400000	15.000000	100.000000	8.000000	-9.000000	4.780000	0.000000	0.000000	0.000000	0.000000	1	1	0.000000	1.000000	1.000000	1.000000	1.000000	1.000000	1.000000	0.000000	0.000000	0.000000	0.000000	0.000000	-3.163780E-7	-2.563129E-5
3729695047.691505	-11.800500	-0.000500	-1.000000	-4.020000	-13.400000	15.000000	100.000000	8.000000	-9.000000	4.780000	0.000000	0.000000	0.000000	0.000000	1	1	0.000000	1.000000	1.000000	1.000000	1.000000	1.000000	1.000000	0.000000	0.000000	0.000000	0.000000	0.000000	-3.182760E-7	-2.563129E-5
3729695049.556672	-11.601000	-0.000500	-1.000000	-4.020000	-13.400000	15.000000	100.000000	8.000000	-9.000000	4.780000	0.000000	0.000000	0.000000	0.000000	1	1	0.000000	1.000000	1.000000	1.000000	1.000000	1.000000	1.000000	0.000000	0.000000	0.000000	0.000000	0.000000	-3.206542E-7	-2.563129E-5
3729695051.424068	-11.400500	-0.000500	-1.000000	-4.020000	-13.400000	15.000000	100.000000	8.000000	-9.000000	4.780000	0.000000	0.000000	0.000000	0.000000	1	1	0.000000	1.000000	1.000000	1.000000	1.000000	1.000000	1.000000	0.000000	0.000000	0.000000	0.000000	0.000000	-3.232938E-7	-2.563129E-5
3729695053.291622	-11.200500	-0.000500	-1.000000	-4.020000	-13.400000	15.000000	100.000000	8.000000	-9.000000	4.780000	0.000000	0.000000	0.000000	0.000000	1	1	0.000000	1.000000	1.000000	1.000000	1.000000	1.000000	1.000000	0.000000	0.000000	0.000000	0.000000	0.000000	-3.260617E-7	-2.563129E-5
3729695055.162697	-11.000500	-0.000500	-1.000000	-4.020000	-13.400000	15.000000	100.000000	8.000000	-9.000000	4.780000	0.000000	0.000000	0.000000	0.000000	1	1	0.000000	1.000000	1.000000	1.000000	1.000000	1.000000	1.000000	0.000000	0.000000	0.000000	0.000000	0.000000	-3.285392E-7	-2.563129E-5
3729695057.033853	-10.800500	-0.000500	-1.000000	-4.020000	-13.400000	15.000000	100.000000	8.000000	-9.000000	4.780000	0.000000	0.000000	0.000000	0.000000	1	1	0.000000	1.000000	1.000000	1.000000	1.000000	1.000000	1.000000	0.000000	0.000000	0.000000	0.000000	0.000000	-3.303172E-7	-2.563129E-5
3729695058.909652	-10.601000	-0.000500	-1.000000	-4.020000	-13.400000	15.000000	100.000000	8.000000	-9.000000	4.780000	0.000000	0.000000	0.000000	0.000000	1	1	0.000000	1.000000	1.000000	1.000000	1.000000	1.000000	1.000000	0.000000	0.000000	0.000000	0.000000	0.000000	-3.312854E-7	-2.563129E-5
3729695060.781160	-10.401000	-0.000500	-1.000000	-4.020000	-13.400000	15.000000	100.000000	8.000000	-9.000000	4.780000	0.000000	0.000000	0.000000	0.000000	1	1	0.000000	1.000000	1.000000	1.000000	1.000000	1.000000	1.000000	0.000000	0.000000	0.000000	0.000000	0.000000	-3.313785E-7	-2.563129E-5
3729695062.652567	-10.200500	-0.000500	-1.000000	-4.020000	-13.400000	15.000000	100.000000	8.000000	-9.000000	4.780000	0.000000	0.000000	0.000000	0.000000	1	1	0.000000	1.000000	1.000000	1.000000	1.000000	1.000000	1.000000	0.000000	0.000000	0.000000	0.000000	0.000000	-3.305765E-7	-2.563129E-5
3729695064.520615	-10.000500	-0.000500	-1.000000	-4.020000	-13.400000	15.000000	100.000000	8.000000	-9.000000	4.780000	0.000000	0.000000	0.000000	0.000000	1	1	0.000000	1.000000	1.000000	1.000000	1.000000	1.000000	1.000000	0.000000	0.000000	0.000000	0.000000	0.000000	-3.288679E-7	-2.563129E-5
3729695066.397800	-9.801000	-0.000500	-1.000000	-4.020000	-13.400000	15.000000	100.000000	8.000000	-9.000000	4.780000	0.000000	0.000000	0.000000	0.000000	1	1	0.000000	1.000000	1.000000	1.000000	1.000000	1.000000	1.000000	0.000000	0.000000	0.000000	0.000000	0.000000	-3.264223E-7	-2.563129E-5
3729695068.266049	-9.601000	-0.000500	-1.000000	-4.020000	-13.400000	15.000000	100.000000	8.000000	-9.000000	4.780000	0.000000	0.000000	0.000000	0.000000	1	1	0.000000	1.000000	1.000000	1.000000	1.000000	1.000000	1.000000	0.000000	0.000000	0.000000	0.000000	0.000000	-3.234835E-7	-2.563129E-5
3729695070.130071	-9.401000	-0.000500	-1.000000	-4.020000	-13.400000	15.000000	100.000000	8.000000	-9.000000	4.780000	0.000000	0.000000	0.000000	0.000000	1	1	0.000000	1.000000	1.000000	1.000000	1.000000	1.000000	1.000000	0.000000	0.000000	0.000000	0.000000	0.000000	-3.202649E-7	-2.563129E-5
3729695071.998120	-9.201000	-0.000500	-1.000000	-4.020000	-13.400000	15.000000	100.000000	8.000000	-9.000000	4.780000	0.000000	0.000000	0.000000	0.000000	1	1	0.000000	1.000000	1.000000	1.000000	1.000000	1.000000	1.000000	0.000000	0.000000	0.000000	0.000000	0.000000	-3.169571E-7	-2.563129E-5
3729695073.867277	-9.000500	-0.000500	-1.000000	-4.020000	-13.400000	15.000000	100.000000	8.000000	-9.000000	4.780000	0.000000	0.000000	0.000000	0.000000	1	1	0.000000	1.000000	1.000000	1.000000	1.000000	1.000000	1.000000	0.000000	0.000000	0.000000	0.000000	0.000000	-3.145578E-7	-2.563129E-5
3729695075.735403	-8.800500	-0.000500	-1.000000	-4.020000	-13.400000	15.000000	100.000000	8.000000	-9.000000	4.780000	0.000000	0.000000	0.000000	0.000000	1	1	0.000000	1.000000	1.000000	1.000000	1.000000	1.000000	1.000000	0.000000	0.000000	0.000000	0.000000	0.000000	-3.259372E-7	-2.563129E-5
3729695077.611406	-8.601000	-0.000500	-1.000000	-4.020000	-13.400000	15.000000	100.000000	8.000000	-9.000000	4.780000	0.000000	0.000000	0.000000	0.000000	1	1	0.000000	1.000000	1.000000	1.000000	1.000000	1.000000	1.000000	0.000000	0.000000	0.000000	0.000000	0.000000	-3.230068E-7	-2.563129E-5
3729695079.482251	-8.401000	-0.000500	-1.000000	-4.020000	-13.400000	15.000000	100.000000	8.000000	-9.000000	4.780000	0.000000	0.000000	0.000000	0.000000	1	1	0.000000	1.000000	1.000000	1.000000	1.000000	1.000000	1.000000	0.000000	0.000000	0.000000	0.000000	0.000000	-3.197564E-7	-2.563129E-5
3729695081.361645	-8.201000	-0.000500	-1.000000	-4.020000	-13.400000	15.000000	100.000000	8.000000	-9.000000	4.780000	0.000000	0.000000	0.000000	0.000000	1	1	0.000000	1.000000	1.000000	1.000000	1.000000	1.000000	1.000000	0.000000	0.000000	0.000000	0.000000	0.000000	-3.164378E-7	-2.563129E-5
3729695083.234509	-8.000500	-0.000500	-1.000000	-4.020000	-13.400000	15.000000	100.000000	8.000000	-9.000000	4.780000	0.000000	0.000000	0.000000	0.000000	1	1	0.000000	1.000000	1.000000	1.000000	1.000000	1.000000	1.000000	0.000000	0.000000	0.000000	0.000000	0.000000	-3.132279E-7	-2.563129E-5
3729695085.104821	-7.801000	-0.000500	-1.000000	-4.020000	-13.400000	15.000000	100.000000	8.000000	-9.000000	4.780000	0.000000	0.000000	0.000000	0.000000	1	1	0.000000	1.000000	1.000000	1.000000	1.000000	1.000000	1.000000	0.000000	0.000000	0.000000	0.000000	0.000000	-3.103073E-7	-2.563129E-5
3729695086.975836	-7.601000	-0.000500	-1.000000	-4.020000	-13.400000	15.000000	100.000000	8.000000	-9.000000	4.780000	0.000000	0.000000	0.000000	0.000000	1	1	0.000000	1.000000	1.000000	1.000000	1.000000	1.000000	1.000000	0.000000	0.000000	0.000000	0.000000	0.000000	-3.076948E-7	-2.563129E-5
3729695088.834207	-7.401000	-0.000500	-1.000000	-4.020000	-13.400000	15.000000	100.000000	8.000000	-9.000000	4.780000	0.000000	0.000000	0.000000	0.000000	1	1	0.000000	1.000000	1.000000	1.000000	1.000000	1.000000	1.000000	0.000000	0.000000	0.000000	0.000000	0.000000	-3.054584E-7	-2.563129E-5
3729695090.701141	-7.201000	-0.000500	-1.000000	-4.020000	-13.400000	15.000000	100.000000	8.000000	-9.000000	4.780000	0.000000	0.000000	0.000000	0.000000	1	1	0.000000	1.000000	1.000000	1.000000	1.000000	1.000000	1.000000	0.000000	0.000000	0.000000	0.000000	0.000000	-3.036453E-7	-2.563129E-5
3729695092.563406	-7.000500	-0.000500	-1.000000	-4.020000	-13.400000	15.000000	100.000000	8.000000	-9.000000	4.780000	0.000000	0.000000	0.000000	0.000000	1	1	0.000000	1.000000	1.000000	1.000000	1.000000	1.000000	1.000000	0.000000	0.000000	0.000000	0.000000	0.000000	-3.022326E-7	-2.563129E-5
3729695094.426687	-6.801000	-0.000500	-1.000000	-4.020000	-13.400000	15.000000	100.000000	8.000000	-9.000000	4.780000	0.000000	0.000000	0.000000	0.000000	1	1	0.000000	1.000000	1.000000	1.000000	1.000000	1.000000	1.000000	0.000000	0.000000	0.000000	0.000000	0.000000	-3.011468E-7	-2.563129E-5
3729695096.291832	-6.601000	-0.000500	-1.000000	-4.020000	-13.400000	15.000000	100.000000	8.000000	-9.000000	4.780000	0.000000	0.000000	0.000000	0.000000	1	1	0.000000	1.000000	1.000000	1.000000	1.000000	1.000000	1.000000	0.000000	0.000000	0.000000	0.000000	0.000000	-3.003867E-7	-2.563129E-5
3729695098.156387	-6.401000	-0.000500	-1.000000	-4.020000	-13.400000	15.000000	100.000000	8.000000	-9.000000	4.780000	0.000000	0.000000	0.000000	0.000000	1	1	0.000000	1.000000	1.000000	1.000000	1.000000	1.000000	1.000000	0.000000	0.000000	0.000000	0.000000	0.000000	-2.999290E-7	-2.563129E-5
3729695100.024106	-6.201000	-0.000500	-1.000000	-4.020000	-13.400000	15.000000	100.000000	8.000000	-9.000000	4.780000	0.000000	0.000000	0.000000	0.000000	1	1	0.000000	1.000000	1.000000	1.000000	1.000000	1.000000	1.000000	0.000000	0.000000	0.000000	0.000000	0.000000	-2.997245E-7	-2.563129E-5
3729695101.891525	-6.000500	-0.000500	-1.000000	-4.020000	-13.400000	15.000000	100.000000	8.000000	-9.000000	4.780000	0.000000	0.000000	0.000000	0.000000	1	1	0.000000	1.000000	1.000000	1.000000	1.000000	1.000000	1.000000	0.000000	0.000000	0.000000	0.000000	0.000000	-2.997647E-7	-2.563129E-5
3729695103.766990	-5.801000	-0.000500	-1.000000	-4.020000	-13.400000	15.000000	100.000000	8.000000	-9.000000	4.780000	0.000000	0.000000	0.000000	0.000000	1	1	0.000000	1.000000	1.000000	1.000000	1.000000	1.000000	1.000000	0.000000	0.000000	0.000000	0.000000	0.000000	-3.000697E-7	-2.563129E-5
3729695105.640939	-5.601000	-0.000500	-1.000000	-4.020000	-13.400000	15.000000	100.000000	8.000000	-9.000000	4.780000	0.000000	0.000000	0.000000	0.000000	1	1	0.000000	1.000000	1.000000	1.000000	1.000000	1.000000	1.000000	0.000000	0.000000	0.000000	0.000000	0.000000	-3.005637E-7	-2.563129E-5
3729695107.509431	-5.401000	-0.000500	-1.000000	-4.020000	-13.400000	15.000000	100.000000	8.000000	-9.000000	4.780000	0.000000	0.000000	0.000000	0.000000	1	1	0.000000	1.000000	1.000000	1.000000	1.000000	1.000000	1.000000	0.000000	0.000000	0.000000	0.000000	0.000000	-3.014301E-7	-2.563129E-5
3729695109.376687	-5.201000	-0.000500	-1.000000	-4.020000	-13.400000	15.000000	100.000000	8.000000	-9.000000	4.780000	0.000000	0.000000	0.000000	0.000000	1	1	0.000000	1.000000	1.000000	1.000000	1.000000	1.000000	1.000000	0.000000	0.000000	0.000000	0.000000	0.000000	-3.026334E-7	-2.563129E-5
3729695111.248048	-5.001000	-0.000500	-1.000000	-4.020000	-13.400000	15.000000	100.000000	8.000000	-9.000000	4.780000	0.000000	0.000000	0.000000	0.000000	1	1	0.000000	1.000000	1.000000	1.000000	1.000000	1.000000	1.000000	0.000000	0.000000	0.000000	0.000000	0.000000	-3.042016E-7	-2.563129E-5
3729695113.110140	-4.801000	-0.000500	-1.000000	-4.020000	-13.400000	15.000000	100.000000	8.000000	-9.000000	4.780000	0.000000	0.000000	0.000000	0.000000	1	1	0.000000	1.000000	1.000000	1.000000	1.000000	1.000000	1.000000	0.000000	0.000000	0.000000	0.000000	0.000000	-3.060964E-7	-2.563129E-5
3729695114.975047	-4.601000	-0.000500	-1.000000	-4.020000	-13.400000	15.000000	100.000000	8.000000	-9.000000	4.780000	0.000000	0.000000	0.000000	0.000000	1	1	0.000000	1.000000	1.000000	1.000000	1.000000	1.000000	1.000000	0.000000	0.000000	0.000000	0.000000	0.000000	-3.083019E-7	-2.563129E-5
3729695116.843462	-4.401000	-0.000500	-1.000000	-4.020000	-13.400000	15.000000	100.000000	8.000000	-9.000000	4.780000	0.000000	0.000000	0.000000	0.000000	1	1	0.000000	1.000000	1.000000	1.000000	1.000000	1.000000	1.000000	0.000000	0.000000	0.000000	0.000000	0.000000	-3.109050E-7	-2.563129E-5
3729695118.711649	-4.201000	-0.000500	-1.000000	-4.020000	-13.400000	15.000000	100.000000	8.000000	-9.000000	4.780000	0.000000	0.000000	0.000000	0.000000	1	1	0.000000	1.000000	1.000000	1.000000	1.000000	1.000000	1.000000	0.000000	0.000000	0.000000	0.000000	0.000000	-3.138107E-7	-2.563129E-5
3729695120.579282	-4.001000	-0.000500	-1.000000	-4.020000	-13.400000	15.000000	100.000000	8.000000	-9.000000	4.780000	0.000000	0.000000	0.000000	0.000000	1	1	0.000000	1.000000	1.000000	1.000000	1.000000	1.000000	1.000000	0.000000	0.000000	0.000000	0.000000	0.000000	-3.169481E-7	-2.563129E-5
3729695122.445085	-3.801000	-0.000500	-1.000000	-4.020000	-13.400000	15.000000	100.000000	8.000000	-9.000000	4.780000	0.000000	0.000000	0.000000	0.000000	1	1	0.000000	1.000000	1.000000	1.000000	1.000000	1.000000	1.000000	0.000000	0.000000	0.000000	0.000000	0.000000	-3.202367E-7	-2.563129E-5
3729695124.316337	-3.601000	-0.000500	-1.000000	-4.020000	-13.400000	15.000000	100.000000	8.000000	-9.000000	4.780000	0.000000	0.000000	0.000000	0.000000	1	1	0.000000	1.000000	1.000000	1.000000	1.000000	1.000000	1.000000	0.000000	0.000000	0.000000	0.000000	0.000000	-3.235082E-7	-2.563129E-5
3729695126.189487	-3.401000	-0.000500	-1.000000	-4.020000	-13.400000	15.000000	100.000000	8.000000	-9.000000	4.780000	0.000000	0.000000	0.000000	0.000000	1	1	0.000000	1.000000	1.000000	1.000000	1.000000	1.000000	1.000000	0.000000	0.000000	0.000000	0.000000	0.000000	-3.268607E-7	-2.563129E-5
3729695128.061666	-3.201000	-0.000500	-1.000000	-4.020000	-13.400000	15.000000	100.000000	8.000000	-9.000000	4.780000	0.000000	0.000000	0.000000	0.000000	1	1	0.000000	1.000000	1.000000	1.000000	1.000000	1.000000	1.000000	0.000000	0.000000	0.000000	0.000000	0.000000	-3.300843E-7	-2.563129E-5
3729695129.929513	-3.001000	-0.000500	-1.000000	-4.020000	-13.400000	15.000000	100.000000	8.000000	-9.000000	4.780000	0.000000	0.000000	0.000000	0.000000	1	1	0.000000	1.000000	1.000000	1.000000	1.000000	1.000000	1.000000	0.000000	0.000000	0.000000	0.000000	0.000000	-3.328464E-7	-2.563129E-5
3729695131.806340	-2.801000	-0.000500	-1.000000	-4.020000	-13.400000	15.000000	100.000000	8.000000	-9.000000	4.780000	0.000000	0.000000	0.000000	0.000000	1	1	0.000000	1.000000	1.000000	1.000000	1.000000	1.000000	1.000000	0.000000	0.000000	0.000000	0.000000	0.000000	-3.350488E-7	-2.563129E-5
3729695133.740494	-2.601000	-0.000500	-1.000000	-4.020000	-13.400000	15.000000	100.000000	8.000000	-9.000000	4.780000	0.000000	0.000000	0.000000	0.000000	1	1	0.000000	1.000000	1.000000	1.000000	1.000000	1.000000	1.000000	0.000000	0.000000	0.000000	0.000000	0.000000	-3.364916E-7	-2.563129E-5
3729695135.607670	-2.401000	-0.000500	-1.000000	-4.020000	-13.400000	15.000000	100.000000	8.000000	-9.000000	4.780000	0.000000	0.000000	0.000000	0.000000	1	1	0.000000	1.000000	1.000000	1.000000	1.000000	1.000000	1.000000	0.000000	0.000000	0.000000	0.000000	0.000000	-3.371599E-7	-2.563129E-5
3729695137.476980	-2.201000	-0.000500	-1.000000	-4.020000	-13.400000	15.000000	100.000000	8.000000	-9.000000	4.780000	0.000000	0.000000	0.000000	0.000000	1	1	0.000000	1.000000	1.000000	1.000000	1.000000	1.000000	1.000000	0.000000	0.000000	0.000000	0.000000	0.000000	-3.367944E-7	-2.563129E-5
