#BeamwidthBias7.5_22.dat
#3/11/2022 3:53:26 PM
#X (mm)
#From -21 To 1 By 0.2
#Measure 6485c
#110 points
#Timestamp (sec)	X (mm)	Y (mm)	Z (mm)	Theta (deg)	EG Grid (V)	EG Energy (eV)	EG Extraction (V)	EG Focus 1 (V)	EG Focus 2 (V)	EG Filament (V)	EG X1 Alignment (V)	EG X2 Alignment (V)	EG Y1 Alignment (V)	EG Y2 Alignment (V)	6485 Samples	6487 Samples	6487 Voltage (V)	GM2 Dwell Time (s)	GM2 SCA Lower Limit (V)	GM2 SCA Upper Limit (V)	GM1 Dwell Time (s)	GM1 SCA Lower Limit (V)	GM1 SCA Upper Limit (V)	Voltage Supply A (V)	Voltage Supply B (V)	Dummy	GM2 Counts	GM1 Counts	Keithley6485 Current (A)	Keithley6487 Current (A)
#time	xpos	ypos	zpos	theta	grid	en	ext	f1	f2	fil	x1	x2	y1	y2	6485s	6487s	6487v	gm2dw	gm2ll	gm2ul	gm1dw	gm1ll	gm1ul	va	vb	dummy	gm2	gm1	6485c	6487c
3729876820.166531	-21.000500	-0.000500	-1.000000	-4.020000	0.000000	15.000000	30.000000	0.000000	0.000000	4.880000	0.000000	0.000000	0.000000	0.000000	1	1	7.500000	1.000000	1.000000	1.000000	1.000000	1.000000	1.000000	0.000000	0.000000	0.000000	0.000000	0.000000	-5.256111E-11	-5.352181E-6
3729876822.051260	-20.801000	-0.000500	-1.000000	-4.020000	0.000000	15.000000	30.000000	0.000000	0.000000	4.880000	0.000000	0.000000	0.000000	0.000000	1	1	7.500000	1.000000	1.000000	1.000000	1.000000	1.000000	1.000000	0.000000	0.000000	0.000000	0.000000	0.000000	-5.432872E-11	-5.352181E-6
3729876823.935517	-20.601000	-0.000500	-1.000000	-4.020000	0.000000	15.000000	30.000000	0.000000	0.000000	4.880000	0.000000	0.000000	0.000000	0.000000	1	1	7.500000	1.000000	1.000000	1.000000	1.000000	1.000000	1.000000	0.000000	0.000000	0.000000	0.000000	0.000000	-5.648062E-11	-5.352181E-6
3729876825.820860	-20.401000	-0.000500	-1.000000	-4.020000	0.000000	15.000000	30.000000	0.000000	0.000000	4.880000	0.000000	0.000000	0.000000	0.000000	1	1	7.500000	1.000000	1.000000	1.000000	1.000000	1.000000	1.000000	0.000000	0.000000	0.000000	0.000000	0.000000	-5.873999E-11	-5.352181E-6
3729876827.704367	-20.201000	-0.000500	-1.000000	-4.020000	0.000000	15.000000	30.000000	0.000000	0.000000	4.880000	0.000000	0.000000	0.000000	0.000000	1	1	7.500000	1.000000	1.000000	1.000000	1.000000	1.000000	1.000000	0.000000	0.000000	0.000000	0.000000	0.000000	-6.173553E-11	-5.352181E-6
3729876829.592661	-20.001000	-0.000500	-1.000000	-4.020000	0.000000	15.000000	30.000000	0.000000	0.000000	4.880000	0.000000	0.000000	0.000000	0.000000	1	1	7.500000	1.000000	1.000000	1.000000	1.000000	1.000000	1.000000	0.000000	0.000000	0.000000	0.000000	0.000000	-6.534142E-11	-5.352181E-6
3729876831.476112	-19.801000	-0.000500	-1.000000	-4.020000	0.000000	15.000000	30.000000	0.000000	0.000000	4.880000	0.000000	0.000000	0.000000	0.000000	1	1	7.500000	1.000000	1.000000	1.000000	1.000000	1.000000	1.000000	0.000000	0.000000	0.000000	0.000000	0.000000	-6.890637E-11	-5.352181E-6
3729876833.359899	-19.601000	-0.000500	-1.000000	-4.020000	0.000000	15.000000	30.000000	0.000000	0.000000	4.880000	0.000000	0.000000	0.000000	0.000000	1	1	7.500000	1.000000	1.000000	1.000000	1.000000	1.000000	1.000000	0.000000	0.000000	0.000000	0.000000	0.000000	-7.402836E-11	-5.352181E-6
3729876835.241460	-19.401000	-0.000500	-1.000000	-4.020000	0.000000	15.000000	30.000000	0.000000	0.000000	4.880000	0.000000	0.000000	0.000000	0.000000	1	1	7.500000	1.000000	1.000000	1.000000	1.000000	1.000000	1.000000	0.000000	0.000000	0.000000	0.000000	0.000000	-8.972102E-11	-5.352181E-6
3729876837.125917	-19.201000	-0.000500	-1.000000	-4.020000	0.000000	15.000000	30.000000	0.000000	0.000000	4.880000	0.000000	0.000000	0.000000	0.000000	1	1	7.500000	1.000000	1.000000	1.000000	1.000000	1.000000	1.000000	0.000000	0.000000	0.000000	0.000000	0.000000	-3.221477E-10	-5.352181E-6
3729876839.839213	-19.001000	-0.000500	-1.000000	-4.020000	0.000000	15.000000	30.000000	0.000000	0.000000	4.880000	0.000000	0.000000	0.000000	0.000000	1	1	7.500000	1.000000	1.000000	1.000000	1.000000	1.000000	1.000000	0.000000	0.000000	0.000000	0.000000	0.000000	-4.159104E-9	-5.352181E-6
3729876841.718622	-18.801000	-0.000500	-1.000000	-4.020000	0.000000	15.000000	30.000000	0.000000	0.000000	4.880000	0.000000	0.000000	0.000000	0.000000	1	1	7.500000	1.000000	1.000000	1.000000	1.000000	1.000000	1.000000	0.000000	0.000000	0.000000	0.000000	0.000000	-1.729788E-8	-5.352181E-6
3729876844.382379	-18.601000	-0.000500	-1.000000	-4.020000	0.000000	15.000000	30.000000	0.000000	0.000000	4.880000	0.000000	0.000000	0.000000	0.000000	1	1	7.500000	1.000000	1.000000	1.000000	1.000000	1.000000	1.000000	0.000000	0.000000	0.000000	0.000000	0.000000	-4.420677E-8	-5.352181E-6
3729876846.269193	-18.401000	-0.000500	-1.000000	-4.020000	0.000000	15.000000	30.000000	0.000000	0.000000	4.880000	0.000000	0.000000	0.000000	0.000000	1	1	7.500000	1.000000	1.000000	1.000000	1.000000	1.000000	1.000000	0.000000	0.000000	0.000000	0.000000	0.000000	-8.787264E-8	-5.352181E-6
3729876848.155456	-18.201000	-0.000500	-1.000000	-4.020000	0.000000	15.000000	30.000000	0.000000	0.000000	4.880000	0.000000	0.000000	0.000000	0.000000	1	1	7.500000	1.000000	1.000000	1.000000	1.000000	1.000000	1.000000	0.000000	0.000000	0.000000	0.000000	0.000000	-1.473122E-7	-5.352181E-6
3729876850.813402	-18.001000	-0.000500	-1.000000	-4.020000	0.000000	15.000000	30.000000	0.000000	0.000000	4.880000	0.000000	0.000000	0.000000	0.000000	1	1	7.500000	1.000000	1.000000	1.000000	1.000000	1.000000	1.000000	0.000000	0.000000	0.000000	0.000000	0.000000	-2.115528E-7	-5.352181E-6
3729876852.690934	-17.801000	-0.000500	-1.000000	-4.020000	0.000000	15.000000	30.000000	0.000000	0.000000	4.880000	0.000000	0.000000	0.000000	0.000000	1	1	7.500000	1.000000	1.000000	1.000000	1.000000	1.000000	1.000000	0.000000	0.000000	0.000000	0.000000	0.000000	-2.693434E-7	-5.352181E-6
3729876854.567779	-17.601000	-0.000500	-1.000000	-4.020000	0.000000	15.000000	30.000000	0.000000	0.000000	4.880000	0.000000	0.000000	0.000000	0.000000	1	1	7.500000	1.000000	1.000000	1.000000	1.000000	1.000000	1.000000	0.000000	0.000000	0.000000	0.000000	0.000000	-3.144678E-7	-5.352181E-6
3729876856.448701	-17.401000	-0.000500	-1.000000	-4.020000	0.000000	15.000000	30.000000	0.000000	0.000000	4.880000	0.000000	0.000000	0.000000	0.000000	1	1	7.500000	1.000000	1.000000	1.000000	1.000000	1.000000	1.000000	0.000000	0.000000	0.000000	0.000000	0.000000	-3.424615E-7	-5.352181E-6
3729876858.320018	-17.201000	-0.000500	-1.000000	-4.020000	0.000000	15.000000	30.000000	0.000000	0.000000	4.880000	0.000000	0.000000	0.000000	0.000000	1	1	7.500000	1.000000	1.000000	1.000000	1.000000	1.000000	1.000000	0.000000	0.000000	0.000000	0.000000	0.000000	-3.534230E-7	-5.352181E-6
3729876860.196372	-17.001000	-0.000500	-1.000000	-4.020000	0.000000	15.000000	30.000000	0.000000	0.000000	4.880000	0.000000	0.000000	0.000000	0.000000	1	1	7.500000	1.000000	1.000000	1.000000	1.000000	1.000000	1.000000	0.000000	0.000000	0.000000	0.000000	0.000000	-3.488502E-7	-5.352181E-6
3729876862.082056	-16.801000	-0.000500	-1.000000	-4.020000	0.000000	15.000000	30.000000	0.000000	0.000000	4.880000	0.000000	0.000000	0.000000	0.000000	1	1	7.500000	1.000000	1.000000	1.000000	1.000000	1.000000	1.000000	0.000000	0.000000	0.000000	0.000000	0.000000	-3.357799E-7	-5.352181E-6
3729876863.959063	-16.601000	-0.000500	-1.000000	-4.020000	0.000000	15.000000	30.000000	0.000000	0.000000	4.880000	0.000000	0.000000	0.000000	0.000000	1	1	7.500000	1.000000	1.000000	1.000000	1.000000	1.000000	1.000000	0.000000	0.000000	0.000000	0.000000	0.000000	-3.222431E-7	-5.352181E-6
3729876865.837813	-16.401000	-0.000500	-1.000000	-4.020000	0.000000	15.000000	30.000000	0.000000	0.000000	4.880000	0.000000	0.000000	0.000000	0.000000	1	1	7.500000	1.000000	1.000000	1.000000	1.000000	1.000000	1.000000	0.000000	0.000000	0.000000	0.000000	0.000000	-3.117267E-7	-5.352181E-6
3729876867.718230	-16.200500	-0.000500	-1.000000	-4.020000	0.000000	15.000000	30.000000	0.000000	0.000000	4.880000	0.000000	0.000000	0.000000	0.000000	1	1	7.500000	1.000000	1.000000	1.000000	1.000000	1.000000	1.000000	0.000000	0.000000	0.000000	0.000000	0.000000	-3.039869E-7	-5.352181E-6
3729876869.597056	-16.000500	-0.000500	-1.000000	-4.020000	0.000000	15.000000	30.000000	0.000000	0.000000	4.880000	0.000000	0.000000	0.000000	0.000000	1	1	7.500000	1.000000	1.000000	1.000000	1.000000	1.000000	1.000000	0.000000	0.000000	0.000000	0.000000	0.000000	-2.981642E-7	-5.352181E-6
3729876871.471960	-15.801000	-0.000500	-1.000000	-4.020000	0.000000	15.000000	30.000000	0.000000	0.000000	4.880000	0.000000	0.000000	0.000000	0.000000	1	1	7.500000	1.000000	1.000000	1.000000	1.000000	1.000000	1.000000	0.000000	0.000000	0.000000	0.000000	0.000000	-2.937053E-7	-5.352181E-6
3729876873.360744	-15.601000	-0.000500	-1.000000	-4.020000	0.000000	15.000000	30.000000	0.000000	0.000000	4.880000	0.000000	0.000000	0.000000	0.000000	1	1	7.500000	1.000000	1.000000	1.000000	1.000000	1.000000	1.000000	0.000000	0.000000	0.000000	0.000000	0.000000	-2.900690E-7	-5.352181E-6
3729876875.242725	-15.401000	-0.000500	-1.000000	-4.020000	0.000000	15.000000	30.000000	0.000000	0.000000	4.880000	0.000000	0.000000	0.000000	0.000000	1	1	7.500000	1.000000	1.000000	1.000000	1.000000	1.000000	1.000000	0.000000	0.000000	0.000000	0.000000	0.000000	-2.870011E-7	-5.352181E-6
3729876877.120372	-15.200500	-0.000500	-1.000000	-4.020000	0.000000	15.000000	30.000000	0.000000	0.000000	4.880000	0.000000	0.000000	0.000000	0.000000	1	1	7.500000	1.000000	1.000000	1.000000	1.000000	1.000000	1.000000	0.000000	0.000000	0.000000	0.000000	0.000000	-2.844586E-7	-5.352181E-6
3729876878.999207	-15.000500	-0.000500	-1.000000	-4.020000	0.000000	15.000000	30.000000	0.000000	0.000000	4.880000	0.000000	0.000000	0.000000	0.000000	1	1	7.500000	1.000000	1.000000	1.000000	1.000000	1.000000	1.000000	0.000000	0.000000	0.000000	0.000000	0.000000	-2.823209E-7	-5.352181E-6
3729876880.886806	-14.801000	-0.000500	-1.000000	-4.020000	0.000000	15.000000	30.000000	0.000000	0.000000	4.880000	0.000000	0.000000	0.000000	0.000000	1	1	7.500000	1.000000	1.000000	1.000000	1.000000	1.000000	1.000000	0.000000	0.000000	0.000000	0.000000	0.000000	-2.805375E-7	-5.352181E-6
3729876882.767835	-14.601000	-0.000500	-1.000000	-4.020000	0.000000	15.000000	30.000000	0.000000	0.000000	4.880000	0.000000	0.000000	0.000000	0.000000	1	1	7.500000	1.000000	1.000000	1.000000	1.000000	1.000000	1.000000	0.000000	0.000000	0.000000	0.000000	0.000000	-2.791005E-7	-5.352181E-6
3729876884.648572	-14.401000	-0.000500	-1.000000	-4.020000	0.000000	15.000000	30.000000	0.000000	0.000000	4.880000	0.000000	0.000000	0.000000	0.000000	1	1	7.500000	1.000000	1.000000	1.000000	1.000000	1.000000	1.000000	0.000000	0.000000	0.000000	0.000000	0.000000	-2.778272E-7	-5.352181E-6
3729876886.537145	-14.200500	-0.000500	-1.000000	-4.020000	0.000000	15.000000	30.000000	0.000000	0.000000	4.880000	0.000000	0.000000	0.000000	0.000000	1	1	7.500000	1.000000	1.000000	1.000000	1.000000	1.000000	1.000000	0.000000	0.000000	0.000000	0.000000	0.000000	-2.768281E-7	-5.352181E-6
3729876888.425303	-14.000500	-0.000500	-1.000000	-4.020000	0.000000	15.000000	30.000000	0.000000	0.000000	4.880000	0.000000	0.000000	0.000000	0.000000	1	1	7.500000	1.000000	1.000000	1.000000	1.000000	1.000000	1.000000	0.000000	0.000000	0.000000	0.000000	0.000000	-2.758692E-7	-5.352181E-6
3729876890.307323	-13.801000	-0.000500	-1.000000	-4.020000	0.000000	15.000000	30.000000	0.000000	0.000000	4.880000	0.000000	0.000000	0.000000	0.000000	1	1	7.500000	1.000000	1.000000	1.000000	1.000000	1.000000	1.000000	0.000000	0.000000	0.000000	0.000000	0.000000	-2.751885E-7	-5.352181E-6
3729876892.191592	-13.601000	-0.000500	-1.000000	-4.020000	0.000000	15.000000	30.000000	0.000000	0.000000	4.880000	0.000000	0.000000	0.000000	0.000000	1	1	7.500000	1.000000	1.000000	1.000000	1.000000	1.000000	1.000000	0.000000	0.000000	0.000000	0.000000	0.000000	-2.745446E-7	-5.352181E-6
3729876894.078161	-13.401000	-0.000500	-1.000000	-4.020000	0.000000	15.000000	30.000000	0.000000	0.000000	4.880000	0.000000	0.000000	0.000000	0.000000	1	1	7.500000	1.000000	1.000000	1.000000	1.000000	1.000000	1.000000	0.000000	0.000000	0.000000	0.000000	0.000000	-2.740687E-7	-5.352181E-6
3729876895.966294	-13.200500	-0.000500	-1.000000	-4.020000	0.000000	15.000000	30.000000	0.000000	0.000000	4.880000	0.000000	0.000000	0.000000	0.000000	1	1	7.500000	1.000000	1.000000	1.000000	1.000000	1.000000	1.000000	0.000000	0.000000	0.000000	0.000000	0.000000	-2.736589E-7	-5.352181E-6
3729876897.842550	-13.000500	-0.000500	-1.000000	-4.020000	0.000000	15.000000	30.000000	0.000000	0.000000	4.880000	0.000000	0.000000	0.000000	0.000000	1	1	7.500000	1.000000	1.000000	1.000000	1.000000	1.000000	1.000000	0.000000	0.000000	0.000000	0.000000	0.000000	-2.733703E-7	-5.352181E-6
3729876899.723299	-12.801000	-0.000500	-1.000000	-4.020000	0.000000	15.000000	30.000000	0.000000	0.000000	4.880000	0.000000	0.000000	0.000000	0.000000	1	1	7.500000	1.000000	1.000000	1.000000	1.000000	1.000000	1.000000	0.000000	0.000000	0.000000	0.000000	0.000000	-2.730970E-7	-5.352181E-6
3729876901.600927	-12.601000	-0.000500	-1.000000	-4.020000	0.000000	15.000000	30.000000	0.000000	0.000000	4.880000	0.000000	0.000000	0.000000	0.000000	1	1	7.500000	1.000000	1.000000	1.000000	1.000000	1.000000	1.000000	0.000000	0.000000	0.000000	0.000000	0.000000	-2.729591E-7	-5.352181E-6
3729876903.482591	-12.401000	-0.000500	-1.000000	-4.020000	0.000000	15.000000	30.000000	0.000000	0.000000	4.880000	0.000000	0.000000	0.000000	0.000000	1	1	7.500000	1.000000	1.000000	1.000000	1.000000	1.000000	1.000000	0.000000	0.000000	0.000000	0.000000	0.000000	-2.728142E-7	-5.352181E-6
3729876905.350027	-12.200500	-0.000500	-1.000000	-4.020000	0.000000	15.000000	30.000000	0.000000	0.000000	4.880000	0.000000	0.000000	0.000000	0.000000	1	1	7.500000	1.000000	1.000000	1.000000	1.000000	1.000000	1.000000	0.000000	0.000000	0.000000	0.000000	0.000000	-2.727774E-7	-5.352181E-6
3729876907.218765	-12.000500	-0.000500	-1.000000	-4.020000	0.000000	15.000000	30.000000	0.000000	0.000000	4.880000	0.000000	0.000000	0.000000	0.000000	1	1	7.500000	1.000000	1.000000	1.000000	1.000000	1.000000	1.000000	0.000000	0.000000	0.000000	0.000000	0.000000	-2.728526E-7	-5.352181E-6
3729876909.091924	-11.801000	-0.000500	-1.000000	-4.020000	0.000000	15.000000	30.000000	0.000000	0.000000	4.880000	0.000000	0.000000	0.000000	0.000000	1	1	7.500000	1.000000	1.000000	1.000000	1.000000	1.000000	1.000000	0.000000	0.000000	0.000000	0.000000	0.000000	-2.729396E-7	-5.352181E-6
3729876910.966182	-11.601000	-0.000500	-1.000000	-4.020000	0.000000	15.000000	30.000000	0.000000	0.000000	4.880000	0.000000	0.000000	0.000000	0.000000	1	1	7.500000	1.000000	1.000000	1.000000	1.000000	1.000000	1.000000	0.000000	0.000000	0.000000	0.000000	0.000000	-2.730607E-7	-5.352181E-6
3729876912.843267	-11.401000	-0.000500	-1.000000	-4.020000	0.000000	15.000000	30.000000	0.000000	0.000000	4.880000	0.000000	0.000000	0.000000	0.000000	1	1	7.500000	1.000000	1.000000	1.000000	1.000000	1.000000	1.000000	0.000000	0.000000	0.000000	0.000000	0.000000	-2.732641E-7	-5.352181E-6
3729876914.717880	-11.200500	-0.000500	-1.000000	-4.020000	0.000000	15.000000	30.000000	0.000000	0.000000	4.880000	0.000000	0.000000	0.000000	0.000000	1	1	7.500000	1.000000	1.000000	1.000000	1.000000	1.000000	1.000000	0.000000	0.000000	0.000000	0.000000	0.000000	-2.734920E-7	-5.352181E-6
3729876916.598403	-11.000500	-0.000500	-1.000000	-4.020000	0.000000	15.000000	30.000000	0.000000	0.000000	4.880000	0.000000	0.000000	0.000000	0.000000	1	1	7.500000	1.000000	1.000000	1.000000	1.000000	1.000000	1.000000	0.000000	0.000000	0.000000	0.000000	0.000000	-2.737655E-7	-5.352181E-6
3729876918.478084	-10.801000	-0.000500	-1.000000	-4.020000	0.000000	15.000000	30.000000	0.000000	0.000000	4.880000	0.000000	0.000000	0.000000	0.000000	1	1	7.500000	1.000000	1.000000	1.000000	1.000000	1.000000	1.000000	0.000000	0.000000	0.000000	0.000000	0.000000	-2.740811E-7	-5.352181E-6
3729876920.356699	-10.601000	-0.000500	-1.000000	-4.020000	0.000000	15.000000	30.000000	0.000000	0.000000	4.880000	0.000000	0.000000	0.000000	0.000000	1	1	7.500000	1.000000	1.000000	1.000000	1.000000	1.000000	1.000000	0.000000	0.000000	0.000000	0.000000	0.000000	-2.744698E-7	-5.352181E-6
3729876922.240168	-10.401000	-0.000500	-1.000000	-4.020000	0.000000	15.000000	30.000000	0.000000	0.000000	4.880000	0.000000	0.000000	0.000000	0.000000	1	1	7.500000	1.000000	1.000000	1.000000	1.000000	1.000000	1.000000	0.000000	0.000000	0.000000	0.000000	0.000000	-2.747504E-7	-5.352181E-6
3729876924.114719	-10.200500	-0.000500	-1.000000	-4.020000	0.000000	15.000000	30.000000	0.000000	0.000000	4.880000	0.000000	0.000000	0.000000	0.000000	1	1	7.500000	1.000000	1.000000	1.000000	1.000000	1.000000	1.000000	0.000000	0.000000	0.000000	0.000000	0.000000	-2.752217E-7	-5.352181E-6
3729876925.998907	-10.000500	-0.000500	-1.000000	-4.020000	0.000000	15.000000	30.000000	0.000000	0.000000	4.880000	0.000000	0.000000	0.000000	0.000000	1	1	7.500000	1.000000	1.000000	1.000000	1.000000	1.000000	1.000000	0.000000	0.000000	0.000000	0.000000	0.000000	-2.756897E-7	-5.352181E-6
3729876927.874043	-9.801000	-0.000500	-1.000000	-4.020000	0.000000	15.000000	30.000000	0.000000	0.000000	4.880000	0.000000	0.000000	0.000000	0.000000	1	1	7.500000	1.000000	1.000000	1.000000	1.000000	1.000000	1.000000	0.000000	0.000000	0.000000	0.000000	0.000000	-2.761267E-7	-5.352181E-6
3729876929.752451	-9.601000	-0.000500	-1.000000	-4.020000	0.000000	15.000000	30.000000	0.000000	0.000000	4.880000	0.000000	0.000000	0.000000	0.000000	1	1	7.500000	1.000000	1.000000	1.000000	1.000000	1.000000	1.000000	0.000000	0.000000	0.000000	0.000000	0.000000	-2.766637E-7	-5.352181E-6
3729876931.627758	-9.401000	-0.000500	-1.000000	-4.020000	0.000000	15.000000	30.000000	0.000000	0.000000	4.880000	0.000000	0.000000	0.000000	0.000000	1	1	7.500000	1.000000	1.000000	1.000000	1.000000	1.000000	1.000000	0.000000	0.000000	0.000000	0.000000	0.000000	-2.772473E-7	-5.352181E-6
3729876933.510769	-9.200500	-0.000500	-1.000000	-4.020000	0.000000	15.000000	30.000000	0.000000	0.000000	4.880000	0.000000	0.000000	0.000000	0.000000	1	1	7.500000	1.000000	1.000000	1.000000	1.000000	1.000000	1.000000	0.000000	0.000000	0.000000	0.000000	0.000000	-2.779614E-7	-5.352181E-6
3729876935.386024	-9.000500	-0.000500	-1.000000	-4.020000	0.000000	15.000000	30.000000	0.000000	0.000000	4.880000	0.000000	0.000000	0.000000	0.000000	1	1	7.500000	1.000000	1.000000	1.000000	1.000000	1.000000	1.000000	0.000000	0.000000	0.000000	0.000000	0.000000	-2.787416E-7	-5.352181E-6
3729876937.267124	-8.801000	-0.000500	-1.000000	-4.020000	0.000000	15.000000	30.000000	0.000000	0.000000	4.880000	0.000000	0.000000	0.000000	0.000000	1	1	7.500000	1.000000	1.000000	1.000000	1.000000	1.000000	1.000000	0.000000	0.000000	0.000000	0.000000	0.000000	-2.794767E-7	-5.352181E-6
3729876939.148875	-8.601000	-0.000500	-1.000000	-4.020000	0.000000	15.000000	30.000000	0.000000	0.000000	4.880000	0.000000	0.000000	0.000000	0.000000	1	1	7.500000	1.000000	1.000000	1.000000	1.000000	1.000000	1.000000	0.000000	0.000000	0.000000	0.000000	0.000000	-2.802665E-7	-5.352181E-6
3729876941.032133	-8.401000	-0.000500	-1.000000	-4.020000	0.000000	15.000000	30.000000	0.000000	0.000000	4.880000	0.000000	0.000000	0.000000	0.000000	1	1	7.500000	1.000000	1.000000	1.000000	1.000000	1.000000	1.000000	0.000000	0.000000	0.000000	0.000000	0.000000	-2.812395E-7	-5.352181E-6
3729876942.920356	-8.201000	-0.000500	-1.000000	-4.020000	0.000000	15.000000	30.000000	0.000000	0.000000	4.880000	0.000000	0.000000	0.000000	0.000000	1	1	7.500000	1.000000	1.000000	1.000000	1.000000	1.000000	1.000000	0.000000	0.000000	0.000000	0.000000	0.000000	-2.772131E-7	-5.352181E-6
3729876944.810198	-8.000500	-0.000500	-1.000000	-4.020000	0.000000	15.000000	30.000000	0.000000	0.000000	4.880000	0.000000	0.000000	0.000000	0.000000	1	1	7.500000	1.000000	1.000000	1.000000	1.000000	1.000000	1.000000	0.000000	0.000000	0.000000	0.000000	0.000000	-2.779208E-7	-5.352181E-6
3729876946.698981	-7.800500	-0.000500	-1.000000	-4.020000	0.000000	15.000000	30.000000	0.000000	0.000000	4.880000	0.000000	0.000000	0.000000	0.000000	1	1	7.500000	1.000000	1.000000	1.000000	1.000000	1.000000	1.000000	0.000000	0.000000	0.000000	0.000000	0.000000	-2.786213E-7	-5.352181E-6
3729876948.582965	-7.601000	-0.000500	-1.000000	-4.020000	0.000000	15.000000	30.000000	0.000000	0.000000	4.880000	0.000000	0.000000	0.000000	0.000000	1	1	7.500000	1.000000	1.000000	1.000000	1.000000	1.000000	1.000000	0.000000	0.000000	0.000000	0.000000	0.000000	-2.793173E-7	-5.352181E-6
3729876950.460391	-7.401000	-0.000500	-1.000000	-4.020000	0.000000	15.000000	30.000000	0.000000	0.000000	4.880000	0.000000	0.000000	0.000000	0.000000	1	1	7.500000	1.000000	1.000000	1.000000	1.000000	1.000000	1.000000	0.000000	0.000000	0.000000	0.000000	0.000000	-2.800871E-7	-5.352181E-6
3729876952.335018	-7.201000	-0.000500	-1.000000	-4.020000	0.000000	15.000000	30.000000	0.000000	0.000000	4.880000	0.000000	0.000000	0.000000	0.000000	1	1	7.500000	1.000000	1.000000	1.000000	1.000000	1.000000	1.000000	0.000000	0.000000	0.000000	0.000000	0.000000	-2.809859E-7	-5.352181E-6
3729876954.212243	-7.000500	-0.000500	-1.000000	-4.020000	0.000000	15.000000	30.000000	0.000000	0.000000	4.880000	0.000000	0.000000	0.000000	0.000000	1	1	7.500000	1.000000	1.000000	1.000000	1.000000	1.000000	1.000000	0.000000	0.000000	0.000000	0.000000	0.000000	-2.820124E-7	-5.352181E-6
3729876956.095018	-6.801000	-0.000500	-1.000000	-4.020000	0.000000	15.000000	30.000000	0.000000	0.000000	4.880000	0.000000	0.000000	0.000000	0.000000	1	1	7.500000	1.000000	1.000000	1.000000	1.000000	1.000000	1.000000	0.000000	0.000000	0.000000	0.000000	0.000000	-2.829777E-7	-5.352181E-6
3729876957.970726	-6.601000	-0.000500	-1.000000	-4.020000	0.000000	15.000000	30.000000	0.000000	0.000000	4.880000	0.000000	0.000000	0.000000	0.000000	1	1	7.500000	1.000000	1.000000	1.000000	1.000000	1.000000	1.000000	0.000000	0.000000	0.000000	0.000000	0.000000	-2.839757E-7	-5.352181E-6
3729876959.849964	-6.401000	-0.000500	-1.000000	-4.020000	0.000000	15.000000	30.000000	0.000000	0.000000	4.880000	0.000000	0.000000	0.000000	0.000000	1	1	7.500000	1.000000	1.000000	1.000000	1.000000	1.000000	1.000000	0.000000	0.000000	0.000000	0.000000	0.000000	-2.852217E-7	-5.352181E-6
3729876961.736037	-6.201000	-0.000500	-1.000000	-4.020000	0.000000	15.000000	30.000000	0.000000	0.000000	4.880000	0.000000	0.000000	0.000000	0.000000	1	1	7.500000	1.000000	1.000000	1.000000	1.000000	1.000000	1.000000	0.000000	0.000000	0.000000	0.000000	0.000000	-2.865522E-7	-5.352181E-6
3729876963.622725	-6.000500	-0.000500	-1.000000	-4.020000	0.000000	15.000000	30.000000	0.000000	0.000000	4.880000	0.000000	0.000000	0.000000	0.000000	1	1	7.500000	1.000000	1.000000	1.000000	1.000000	1.000000	1.000000	0.000000	0.000000	0.000000	0.000000	0.000000	-2.879961E-7	-5.352181E-6
3729876965.538497	-5.801000	-0.000500	-1.000000	-4.020000	0.000000	15.000000	30.000000	0.000000	0.000000	4.880000	0.000000	0.000000	0.000000	0.000000	1	1	7.500000	1.000000	1.000000	1.000000	1.000000	1.000000	1.000000	0.000000	0.000000	0.000000	0.000000	0.000000	-2.894907E-7	-5.352181E-6
3729876967.486095	-5.601000	-0.000500	-1.000000	-4.020000	0.000000	15.000000	30.000000	0.000000	0.000000	4.880000	0.000000	0.000000	0.000000	0.000000	1	1	7.500000	1.000000	1.000000	1.000000	1.000000	1.000000	1.000000	0.000000	0.000000	0.000000	0.000000	0.000000	-2.912540E-7	-5.352181E-6
3729876969.374569	-5.401000	-0.000500	-1.000000	-4.020000	0.000000	15.000000	30.000000	0.000000	0.000000	4.880000	0.000000	0.000000	0.000000	0.000000	1	1	7.500000	1.000000	1.000000	1.000000	1.000000	1.000000	1.000000	0.000000	0.000000	0.000000	0.000000	0.000000	-2.931156E-7	-5.352181E-6
3729876971.252669	-5.200500	-0.000500	-1.000000	-4.020000	0.000000	15.000000	30.000000	0.000000	0.000000	4.880000	0.000000	0.000000	0.000000	0.000000	1	1	7.500000	1.000000	1.000000	1.000000	1.000000	1.000000	1.000000	0.000000	0.000000	0.000000	0.000000	0.000000	-2.952114E-7	-5.352181E-6
3729876973.130594	-5.001000	-0.000500	-1.000000	-4.020000	0.000000	15.000000	30.000000	0.000000	0.000000	4.880000	0.000000	0.000000	0.000000	0.000000	1	1	7.500000	1.000000	1.000000	1.000000	1.000000	1.000000	1.000000	0.000000	0.000000	0.000000	0.000000	0.000000	-2.975973E-7	-5.352181E-6
3729876975.008535	-4.801000	-0.000500	-1.000000	-4.020000	0.000000	15.000000	30.000000	0.000000	0.000000	4.880000	0.000000	0.000000	0.000000	0.000000	1	1	7.500000	1.000000	1.000000	1.000000	1.000000	1.000000	1.000000	0.000000	0.000000	0.000000	0.000000	0.000000	-3.003449E-7	-5.352181E-6
3729876976.886292	-4.601000	-0.000500	-1.000000	-4.020000	0.000000	15.000000	30.000000	0.000000	0.000000	4.880000	0.000000	0.000000	0.000000	0.000000	1	1	7.500000	1.000000	1.000000	1.000000	1.000000	1.000000	1.000000	0.000000	0.000000	0.000000	0.000000	0.000000	-3.033360E-7	-5.352181E-6
3729876978.759179	-4.401000	-0.000500	-1.000000	-4.020000	0.000000	15.000000	30.000000	0.000000	0.000000	4.880000	0.000000	0.000000	0.000000	0.000000	1	1	7.500000	1.000000	1.000000	1.000000	1.000000	1.000000	1.000000	0.000000	0.000000	0.000000	0.000000	0.000000	-3.069187E-7	-5.352181E-6
3729876980.633401	-4.200500	-0.000500	-1.000000	-4.020000	0.000000	15.000000	30.000000	0.000000	0.000000	4.880000	0.000000	0.000000	0.000000	0.000000	1	1	7.500000	1.000000	1.000000	1.000000	1.000000	1.000000	1.000000	0.000000	0.000000	0.000000	0.000000	0.000000	-3.110562E-7	-5.352181E-6
3729876982.523801	-4.001000	-0.000500	-1.000000	-4.020000	0.000000	15.000000	30.000000	0.000000	0.000000	4.880000	0.000000	0.000000	0.000000	0.000000	1	1	7.500000	1.000000	1.000000	1.000000	1.000000	1.000000	1.000000	0.000000	0.000000	0.000000	0.000000	0.000000	-3.161158E-7	-5.352181E-6
3729876984.401224	-3.801000	-0.000500	-1.000000	-4.020000	0.000000	15.000000	30.000000	0.000000	0.000000	4.880000	0.000000	0.000000	0.000000	0.000000	1	1	7.500000	1.000000	1.000000	1.000000	1.000000	1.000000	1.000000	0.000000	0.000000	0.000000	0.000000	0.000000	-3.220610E-7	-5.352181E-6
3729876986.279102	-3.601000	-0.000500	-1.000000	-4.020000	0.000000	15.000000	30.000000	0.000000	0.000000	4.880000	0.000000	0.000000	0.000000	0.000000	1	1	7.500000	1.000000	1.000000	1.000000	1.000000	1.000000	1.000000	0.000000	0.000000	0.000000	0.000000	0.000000	-3.293485E-7	-5.352181E-6
3729876988.163187	-3.401000	-0.000500	-1.000000	-4.020000	0.000000	15.000000	30.000000	0.000000	0.000000	4.880000	0.000000	0.000000	0.000000	0.000000	1	1	7.500000	1.000000	1.000000	1.000000	1.000000	1.000000	1.000000	0.000000	0.000000	0.000000	0.000000	0.000000	-3.388378E-7	-5.352181E-6
3729876990.050253	-3.201000	-0.000500	-1.000000	-4.020000	0.000000	15.000000	30.000000	0.000000	0.000000	4.880000	0.000000	0.000000	0.000000	0.000000	1	1	7.500000	1.000000	1.000000	1.000000	1.000000	1.000000	1.000000	0.000000	0.000000	0.000000	0.000000	0.000000	-3.519245E-7	-5.352181E-6
3729876991.936641	-3.001000	-0.000500	-1.000000	-4.020000	0.000000	15.000000	30.000000	0.000000	0.000000	4.880000	0.000000	0.000000	0.000000	0.000000	1	1	7.500000	1.000000	1.000000	1.000000	1.000000	1.000000	1.000000	0.000000	0.000000	0.000000	0.000000	0.000000	-3.680966E-7	-5.352181E-6
3729876993.817471	-2.801000	-0.000500	-1.000000	-4.020000	0.000000	15.000000	30.000000	0.000000	0.000000	4.880000	0.000000	0.000000	0.000000	0.000000	1	1	7.500000	1.000000	1.000000	1.000000	1.000000	1.000000	1.000000	0.000000	0.000000	0.000000	0.000000	0.000000	-3.788234E-7	-5.352181E-6
3729876995.701129	-2.601000	-0.000500	-1.000000	-4.020000	0.000000	15.000000	30.000000	0.000000	0.000000	4.880000	0.000000	0.000000	0.000000	0.000000	1	1	7.500000	1.000000	1.000000	1.000000	1.000000	1.000000	1.000000	0.000000	0.000000	0.000000	0.000000	0.000000	-3.770265E-7	-5.352181E-6
3729876997.579357	-2.401000	-0.000500	-1.000000	-4.020000	0.000000	15.000000	30.000000	0.000000	0.000000	4.880000	0.000000	0.000000	0.000000	0.000000	1	1	7.500000	1.000000	1.000000	1.000000	1.000000	1.000000	1.000000	0.000000	0.000000	0.000000	0.000000	0.000000	-3.579121E-7	-5.352181E-6
3729876999.458488	-2.201000	-0.000500	-1.000000	-4.020000	0.000000	15.000000	30.000000	0.000000	0.000000	4.880000	0.000000	0.000000	0.000000	0.000000	1	1	7.500000	1.000000	1.000000	1.000000	1.000000	1.000000	1.000000	0.000000	0.000000	0.000000	0.000000	0.000000	-3.206541E-7	-5.352181E-6
3729877001.335021	-2.001000	-0.000500	-1.000000	-4.020000	0.000000	15.000000	30.000000	0.000000	0.000000	4.880000	0.000000	0.000000	0.000000	0.000000	1	1	7.500000	1.000000	1.000000	1.000000	1.000000	1.000000	1.000000	0.000000	0.000000	0.000000	0.000000	0.000000	-2.680783E-7	-5.352181E-6
3729877003.216582	-1.801000	-0.000500	-1.000000	-4.020000	0.000000	15.000000	30.000000	0.000000	0.000000	4.880000	0.000000	0.000000	0.000000	0.000000	1	1	7.500000	1.000000	1.000000	1.000000	1.000000	1.000000	1.000000	0.000000	0.000000	0.000000	0.000000	0.000000	-2.092687E-7	-5.352181E-6
3729877005.506549	-1.601000	-0.000500	-1.000000	-4.020000	0.000000	15.000000	30.000000	0.000000	0.000000	4.880000	0.000000	0.000000	0.000000	0.000000	1	1	7.500000	1.000000	1.000000	1.000000	1.000000	1.000000	1.000000	0.000000	0.000000	0.000000	0.000000	0.000000	-1.513197E-7	-5.352181E-6
3729877007.386010	-1.401000	-0.000500	-1.000000	-4.020000	0.000000	15.000000	30.000000	0.000000	0.000000	4.880000	0.000000	0.000000	0.000000	0.000000	1	1	7.500000	1.000000	1.000000	1.000000	1.000000	1.000000	1.000000	0.000000	0.000000	0.000000	0.000000	0.000000	-9.754442E-8	-5.352181E-6
3729877009.269159	-1.201000	-0.000500	-1.000000	-4.020000	0.000000	15.000000	30.000000	0.000000	0.000000	4.880000	0.000000	0.000000	0.000000	0.000000	1	1	7.500000	1.000000	1.000000	1.000000	1.000000	1.000000	1.000000	0.000000	0.000000	0.000000	0.000000	0.000000	-5.481003E-8	-5.352181E-6
3729877011.150824	-1.001000	-0.000500	-1.000000	-4.020000	0.000000	15.000000	30.000000	0.000000	0.000000	4.880000	0.000000	0.000000	0.000000	0.000000	1	1	7.500000	1.000000	1.000000	1.000000	1.000000	1.000000	1.000000	0.000000	0.000000	0.000000	0.000000	0.000000	-2.572300E-8	-5.352181E-6
3729877013.478086	-0.801000	-0.000500	-1.000000	-4.020000	0.000000	15.000000	30.000000	0.000000	0.000000	4.880000	0.000000	0.000000	0.000000	0.000000	1	1	7.500000	1.000000	1.000000	1.000000	1.000000	1.000000	1.000000	0.000000	0.000000	0.000000	0.000000	0.000000	-1.026110E-8	-5.352181E-6
3729877015.369678	-0.601000	-0.000500	-1.000000	-4.020000	0.000000	15.000000	30.000000	0.000000	0.000000	4.880000	0.000000	0.000000	0.000000	0.000000	1	1	7.500000	1.000000	1.000000	1.000000	1.000000	1.000000	1.000000	0.000000	0.000000	0.000000	0.000000	0.000000	-4.184938E-9	-5.352181E-6
3729877017.283734	-0.401000	-0.000500	-1.000000	-4.020000	0.000000	15.000000	30.000000	0.000000	0.000000	4.880000	0.000000	0.000000	0.000000	0.000000	1	1	7.500000	1.000000	1.000000	1.000000	1.000000	1.000000	1.000000	0.000000	0.000000	0.000000	0.000000	0.000000	-2.978731E-9	-5.352181E-6
3729877019.166671	-0.201000	-0.000500	-1.000000	-4.020000	0.000000	15.000000	30.000000	0.000000	0.000000	4.880000	0.000000	0.000000	0.000000	0.000000	1	1	7.500000	1.000000	1.000000	1.000000	1.000000	1.000000	1.000000	0.000000	0.000000	0.000000	0.000000	0.000000	-2.282005E-9	-5.352181E-6
3729877021.457265	-0.001000	-0.000500	-1.000000	-4.020000	0.000000	15.000000	30.000000	0.000000	0.000000	4.880000	0.000000	0.000000	0.000000	0.000000	1	1	7.500000	1.000000	1.000000	1.000000	1.000000	1.000000	1.000000	0.000000	0.000000	0.000000	0.000000	0.000000	-1.517529E-9	-5.352181E-6
3729877023.327250	0.199000	-0.000500	-1.000000	-4.020000	0.000000	15.000000	30.000000	0.000000	0.000000	4.880000	0.000000	0.000000	0.000000	0.000000	1	1	7.500000	1.000000	1.000000	1.000000	1.000000	1.000000	1.000000	0.000000	0.000000	0.000000	0.000000	0.000000	-8.230561E-10	-5.352181E-6
3729877025.199991	0.399000	-0.000500	-1.000000	-4.020000	0.000000	15.000000	30.000000	0.000000	0.000000	4.880000	0.000000	0.000000	0.000000	0.000000	1	1	7.500000	1.000000	1.000000	1.000000	1.000000	1.000000	1.000000	0.000000	0.000000	0.000000	0.000000	0.000000	-3.645703E-10	-5.352181E-6
3729877027.078115	0.599000	-0.000500	-1.000000	-4.020000	0.000000	15.000000	30.000000	0.000000	0.000000	4.880000	0.000000	0.000000	0.000000	0.000000	1	1	7.500000	1.000000	1.000000	1.000000	1.000000	1.000000	1.000000	0.000000	0.000000	0.000000	0.000000	0.000000	-9.390984E-11	-5.352181E-6
3729877028.958073	0.799000	-0.000500	-1.000000	-4.020000	0.000000	15.000000	30.000000	0.000000	0.000000	4.880000	0.000000	0.000000	0.000000	0.000000	1	1	7.500000	1.000000	1.000000	1.000000	1.000000	1.000000	1.000000	0.000000	0.000000	0.000000	0.000000	0.000000	-3.243197E-11	-5.352181E-6
