#BeamwidthBias2_19.dat
#3/11/2022 3:39:41 PM
#X (mm)
#From -21 To 1 By 0.2
#Measure 6485c
#110 points
#Timestamp (sec)	X (mm)	Y (mm)	Z (mm)	Theta (deg)	EG Grid (V)	EG Energy (eV)	EG Extraction (V)	EG Focus 1 (V)	EG Focus 2 (V)	EG Filament (V)	EG X1 Alignment (V)	EG X2 Alignment (V)	EG Y1 Alignment (V)	EG Y2 Alignment (V)	6485 Samples	6487 Samples	6487 Voltage (V)	GM2 Dwell Time (s)	GM2 SCA Lower Limit (V)	GM2 SCA Upper Limit (V)	GM1 Dwell Time (s)	GM1 SCA Lower Limit (V)	GM1 SCA Upper Limit (V)	Voltage Supply A (V)	Voltage Supply B (V)	Dummy	GM2 Counts	GM1 Counts	Keithley6485 Current (A)	Keithley6487 Current (A)
#time	xpos	ypos	zpos	theta	grid	en	ext	f1	f2	fil	x1	x2	y1	y2	6485s	6487s	6487v	gm2dw	gm2ll	gm2ul	gm1dw	gm1ll	gm1ul	va	vb	dummy	gm2	gm1	6485c	6487c
3729875995.678843	-21.000500	-0.000500	-1.000000	-4.020000	0.000000	15.000000	30.000000	0.000000	0.000000	4.880000	0.000000	0.000000	0.000000	0.000000	1	1	2.000000	1.000000	1.000000	1.000000	1.000000	1.000000	1.000000	0.000000	0.000000	0.000000	0.000000	0.000000	-2.078101E-10	-7.078650E-6
3729875997.571154	-20.801000	-0.000500	-1.000000	-4.020000	0.000000	15.000000	30.000000	0.000000	0.000000	4.880000	0.000000	0.000000	0.000000	0.000000	1	1	2.000000	1.000000	1.000000	1.000000	1.000000	1.000000	1.000000	0.000000	0.000000	0.000000	0.000000	0.000000	-2.145042E-10	-7.078650E-6
3729875999.454135	-20.601000	-0.000500	-1.000000	-4.020000	0.000000	15.000000	30.000000	0.000000	0.000000	4.880000	0.000000	0.000000	0.000000	0.000000	1	1	2.000000	1.000000	1.000000	1.000000	1.000000	1.000000	1.000000	0.000000	0.000000	0.000000	0.000000	0.000000	-2.212170E-10	-7.078650E-6
3729876001.338363	-20.401000	-0.000500	-1.000000	-4.020000	0.000000	15.000000	30.000000	0.000000	0.000000	4.880000	0.000000	0.000000	0.000000	0.000000	1	1	2.000000	1.000000	1.000000	1.000000	1.000000	1.000000	1.000000	0.000000	0.000000	0.000000	0.000000	0.000000	-2.280963E-10	-7.078650E-6
3729876003.233715	-20.201000	-0.000500	-1.000000	-4.020000	0.000000	15.000000	30.000000	0.000000	0.000000	4.880000	0.000000	0.000000	0.000000	0.000000	1	1	2.000000	1.000000	1.000000	1.000000	1.000000	1.000000	1.000000	0.000000	0.000000	0.000000	0.000000	0.000000	-2.356821E-10	-7.078650E-6
3729876005.120045	-20.001000	-0.000500	-1.000000	-4.020000	0.000000	15.000000	30.000000	0.000000	0.000000	4.880000	0.000000	0.000000	0.000000	0.000000	1	1	2.000000	1.000000	1.000000	1.000000	1.000000	1.000000	1.000000	0.000000	0.000000	0.000000	0.000000	0.000000	-2.445447E-10	-7.078650E-6
3729876007.014227	-19.801000	-0.000500	-1.000000	-4.020000	0.000000	15.000000	30.000000	0.000000	0.000000	4.880000	0.000000	0.000000	0.000000	0.000000	1	1	2.000000	1.000000	1.000000	1.000000	1.000000	1.000000	1.000000	0.000000	0.000000	0.000000	0.000000	0.000000	-2.555575E-10	-7.078650E-6
3729876008.900239	-19.601000	-0.000500	-1.000000	-4.020000	0.000000	15.000000	30.000000	0.000000	0.000000	4.880000	0.000000	0.000000	0.000000	0.000000	1	1	2.000000	1.000000	1.000000	1.000000	1.000000	1.000000	1.000000	0.000000	0.000000	0.000000	0.000000	0.000000	-2.689355E-10	-7.078650E-6
3729876010.796735	-19.401000	-0.000500	-1.000000	-4.020000	0.000000	15.000000	30.000000	0.000000	0.000000	4.880000	0.000000	0.000000	0.000000	0.000000	1	1	2.000000	1.000000	1.000000	1.000000	1.000000	1.000000	1.000000	0.000000	0.000000	0.000000	0.000000	0.000000	-2.831688E-10	-7.078650E-6
3729876012.692826	-19.201000	-0.000500	-1.000000	-4.020000	0.000000	15.000000	30.000000	0.000000	0.000000	4.880000	0.000000	0.000000	0.000000	0.000000	1	1	2.000000	1.000000	1.000000	1.000000	1.000000	1.000000	1.000000	0.000000	0.000000	0.000000	0.000000	0.000000	-2.972143E-10	-7.078650E-6
3729876014.578391	-19.001000	-0.000500	-1.000000	-4.020000	0.000000	15.000000	30.000000	0.000000	0.000000	4.880000	0.000000	0.000000	0.000000	0.000000	1	1	2.000000	1.000000	1.000000	1.000000	1.000000	1.000000	1.000000	0.000000	0.000000	0.000000	0.000000	0.000000	-3.116092E-10	-7.078650E-6
3729876016.464726	-18.801000	-0.000500	-1.000000	-4.020000	0.000000	15.000000	30.000000	0.000000	0.000000	4.880000	0.000000	0.000000	0.000000	0.000000	1	1	2.000000	1.000000	1.000000	1.000000	1.000000	1.000000	1.000000	0.000000	0.000000	0.000000	0.000000	0.000000	-4.370327E-10	-7.078650E-6
3729876019.167370	-18.601000	-0.000500	-1.000000	-4.020000	0.000000	15.000000	30.000000	0.000000	0.000000	4.880000	0.000000	0.000000	0.000000	0.000000	1	1	2.000000	1.000000	1.000000	1.000000	1.000000	1.000000	1.000000	0.000000	0.000000	0.000000	0.000000	0.000000	-3.198332E-9	-7.078650E-6
3729876021.042227	-18.401000	-0.000500	-1.000000	-4.020000	0.000000	15.000000	30.000000	0.000000	0.000000	4.880000	0.000000	0.000000	0.000000	0.000000	1	1	2.000000	1.000000	1.000000	1.000000	1.000000	1.000000	1.000000	0.000000	0.000000	0.000000	0.000000	0.000000	-1.504543E-8	-7.078650E-6
3729876023.706076	-18.201000	-0.000500	-1.000000	-4.020000	0.000000	15.000000	30.000000	0.000000	0.000000	4.880000	0.000000	0.000000	0.000000	0.000000	1	1	2.000000	1.000000	1.000000	1.000000	1.000000	1.000000	1.000000	0.000000	0.000000	0.000000	0.000000	0.000000	-4.249600E-8	-7.078650E-6
3729876025.591176	-18.001000	-0.000500	-1.000000	-4.020000	0.000000	15.000000	30.000000	0.000000	0.000000	4.880000	0.000000	0.000000	0.000000	0.000000	1	1	2.000000	1.000000	1.000000	1.000000	1.000000	1.000000	1.000000	0.000000	0.000000	0.000000	0.000000	0.000000	-8.862668E-8	-7.078650E-6
3729876027.470667	-17.801000	-0.000500	-1.000000	-4.020000	0.000000	15.000000	30.000000	0.000000	0.000000	4.880000	0.000000	0.000000	0.000000	0.000000	1	1	2.000000	1.000000	1.000000	1.000000	1.000000	1.000000	1.000000	0.000000	0.000000	0.000000	0.000000	0.000000	-1.446450E-7	-7.078650E-6
3729876029.352020	-17.601000	-0.000500	-1.000000	-4.020000	0.000000	15.000000	30.000000	0.000000	0.000000	4.880000	0.000000	0.000000	0.000000	0.000000	1	1	2.000000	1.000000	1.000000	1.000000	1.000000	1.000000	1.000000	0.000000	0.000000	0.000000	0.000000	0.000000	-2.021931E-7	-7.078650E-6
3729876032.014069	-17.401000	-0.000500	-1.000000	-4.020000	0.000000	15.000000	30.000000	0.000000	0.000000	4.880000	0.000000	0.000000	0.000000	0.000000	1	1	2.000000	1.000000	1.000000	1.000000	1.000000	1.000000	1.000000	0.000000	0.000000	0.000000	0.000000	0.000000	-2.567232E-7	-7.078650E-6
3729876033.906346	-17.201000	-0.000500	-1.000000	-4.020000	0.000000	15.000000	30.000000	0.000000	0.000000	4.880000	0.000000	0.000000	0.000000	0.000000	1	1	2.000000	1.000000	1.000000	1.000000	1.000000	1.000000	1.000000	0.000000	0.000000	0.000000	0.000000	0.000000	-3.026996E-7	-7.078650E-6
3729876035.798823	-17.001000	-0.000500	-1.000000	-4.020000	0.000000	15.000000	30.000000	0.000000	0.000000	4.880000	0.000000	0.000000	0.000000	0.000000	1	1	2.000000	1.000000	1.000000	1.000000	1.000000	1.000000	1.000000	0.000000	0.000000	0.000000	0.000000	0.000000	-3.312981E-7	-7.078650E-6
3729876037.683640	-16.801000	-0.000500	-1.000000	-4.020000	0.000000	15.000000	30.000000	0.000000	0.000000	4.880000	0.000000	0.000000	0.000000	0.000000	1	1	2.000000	1.000000	1.000000	1.000000	1.000000	1.000000	1.000000	0.000000	0.000000	0.000000	0.000000	0.000000	-3.408710E-7	-7.078650E-6
3729876039.576919	-16.601000	-0.000500	-1.000000	-4.020000	0.000000	15.000000	30.000000	0.000000	0.000000	4.880000	0.000000	0.000000	0.000000	0.000000	1	1	2.000000	1.000000	1.000000	1.000000	1.000000	1.000000	1.000000	0.000000	0.000000	0.000000	0.000000	0.000000	-3.349184E-7	-7.078650E-6
3729876041.462819	-16.401000	-0.000500	-1.000000	-4.020000	0.000000	15.000000	30.000000	0.000000	0.000000	4.880000	0.000000	0.000000	0.000000	0.000000	1	1	2.000000	1.000000	1.000000	1.000000	1.000000	1.000000	1.000000	0.000000	0.000000	0.000000	0.000000	0.000000	-3.221395E-7	-7.078650E-6
3729876043.350815	-16.200500	-0.000500	-1.000000	-4.020000	0.000000	15.000000	30.000000	0.000000	0.000000	4.880000	0.000000	0.000000	0.000000	0.000000	1	1	2.000000	1.000000	1.000000	1.000000	1.000000	1.000000	1.000000	0.000000	0.000000	0.000000	0.000000	0.000000	-3.116336E-7	-7.078650E-6
3729876045.243265	-16.000500	-0.000500	-1.000000	-4.020000	0.000000	15.000000	30.000000	0.000000	0.000000	4.880000	0.000000	0.000000	0.000000	0.000000	1	1	2.000000	1.000000	1.000000	1.000000	1.000000	1.000000	1.000000	0.000000	0.000000	0.000000	0.000000	0.000000	-3.042034E-7	-7.078650E-6
3729876047.126325	-15.801000	-0.000500	-1.000000	-4.020000	0.000000	15.000000	30.000000	0.000000	0.000000	4.880000	0.000000	0.000000	0.000000	0.000000	1	1	2.000000	1.000000	1.000000	1.000000	1.000000	1.000000	1.000000	0.000000	0.000000	0.000000	0.000000	0.000000	-2.987670E-7	-7.078650E-6
3729876049.012753	-15.601000	-0.000500	-1.000000	-4.020000	0.000000	15.000000	30.000000	0.000000	0.000000	4.880000	0.000000	0.000000	0.000000	0.000000	1	1	2.000000	1.000000	1.000000	1.000000	1.000000	1.000000	1.000000	0.000000	0.000000	0.000000	0.000000	0.000000	-2.944850E-7	-7.078650E-6
3729876050.900680	-15.401000	-0.000500	-1.000000	-4.020000	0.000000	15.000000	30.000000	0.000000	0.000000	4.880000	0.000000	0.000000	0.000000	0.000000	1	1	2.000000	1.000000	1.000000	1.000000	1.000000	1.000000	1.000000	0.000000	0.000000	0.000000	0.000000	0.000000	-2.909324E-7	-7.078650E-6
3729876052.788591	-15.201000	-0.000500	-1.000000	-4.020000	0.000000	15.000000	30.000000	0.000000	0.000000	4.880000	0.000000	0.000000	0.000000	0.000000	1	1	2.000000	1.000000	1.000000	1.000000	1.000000	1.000000	1.000000	0.000000	0.000000	0.000000	0.000000	0.000000	-2.880839E-7	-7.078650E-6
3729876054.682264	-15.000500	-0.000500	-1.000000	-4.020000	0.000000	15.000000	30.000000	0.000000	0.000000	4.880000	0.000000	0.000000	0.000000	0.000000	1	1	2.000000	1.000000	1.000000	1.000000	1.000000	1.000000	1.000000	0.000000	0.000000	0.000000	0.000000	0.000000	-2.857384E-7	-7.078650E-6
3729876056.569478	-14.801000	-0.000500	-1.000000	-4.020000	0.000000	15.000000	30.000000	0.000000	0.000000	4.880000	0.000000	0.000000	0.000000	0.000000	1	1	2.000000	1.000000	1.000000	1.000000	1.000000	1.000000	1.000000	0.000000	0.000000	0.000000	0.000000	0.000000	-2.838858E-7	-7.078650E-6
3729876058.455545	-14.601000	-0.000500	-1.000000	-4.020000	0.000000	15.000000	30.000000	0.000000	0.000000	4.880000	0.000000	0.000000	0.000000	0.000000	1	1	2.000000	1.000000	1.000000	1.000000	1.000000	1.000000	1.000000	0.000000	0.000000	0.000000	0.000000	0.000000	-2.822945E-7	-7.078650E-6
3729876060.348727	-14.401000	-0.000500	-1.000000	-4.020000	0.000000	15.000000	30.000000	0.000000	0.000000	4.880000	0.000000	0.000000	0.000000	0.000000	1	1	2.000000	1.000000	1.000000	1.000000	1.000000	1.000000	1.000000	0.000000	0.000000	0.000000	0.000000	0.000000	-2.809878E-7	-7.078650E-6
3729876062.240465	-14.200500	-0.000500	-1.000000	-4.020000	0.000000	15.000000	30.000000	0.000000	0.000000	4.880000	0.000000	0.000000	0.000000	0.000000	1	1	2.000000	1.000000	1.000000	1.000000	1.000000	1.000000	1.000000	0.000000	0.000000	0.000000	0.000000	0.000000	-2.799014E-7	-7.078650E-6
3729876064.127528	-14.000500	-0.000500	-1.000000	-4.020000	0.000000	15.000000	30.000000	0.000000	0.000000	4.880000	0.000000	0.000000	0.000000	0.000000	1	1	2.000000	1.000000	1.000000	1.000000	1.000000	1.000000	1.000000	0.000000	0.000000	0.000000	0.000000	0.000000	-2.789491E-7	-7.078650E-6
3729876066.007098	-13.801000	-0.000500	-1.000000	-4.020000	0.000000	15.000000	30.000000	0.000000	0.000000	4.880000	0.000000	0.000000	0.000000	0.000000	1	1	2.000000	1.000000	1.000000	1.000000	1.000000	1.000000	1.000000	0.000000	0.000000	0.000000	0.000000	0.000000	-2.782455E-7	-7.078650E-6
3729876067.882722	-13.601000	-0.000500	-1.000000	-4.020000	0.000000	15.000000	30.000000	0.000000	0.000000	4.880000	0.000000	0.000000	0.000000	0.000000	1	1	2.000000	1.000000	1.000000	1.000000	1.000000	1.000000	1.000000	0.000000	0.000000	0.000000	0.000000	0.000000	-2.776655E-7	-7.078650E-6
3729876069.764977	-13.401000	-0.000500	-1.000000	-4.020000	0.000000	15.000000	30.000000	0.000000	0.000000	4.880000	0.000000	0.000000	0.000000	0.000000	1	1	2.000000	1.000000	1.000000	1.000000	1.000000	1.000000	1.000000	0.000000	0.000000	0.000000	0.000000	0.000000	-2.771350E-7	-7.078650E-6
3729876071.640643	-13.200500	-0.000500	-1.000000	-4.020000	0.000000	15.000000	30.000000	0.000000	0.000000	4.880000	0.000000	0.000000	0.000000	0.000000	1	1	2.000000	1.000000	1.000000	1.000000	1.000000	1.000000	1.000000	0.000000	0.000000	0.000000	0.000000	0.000000	-2.767777E-7	-7.078650E-6
3729876073.525254	-13.000500	-0.000500	-1.000000	-4.020000	0.000000	15.000000	30.000000	0.000000	0.000000	4.880000	0.000000	0.000000	0.000000	0.000000	1	1	2.000000	1.000000	1.000000	1.000000	1.000000	1.000000	1.000000	0.000000	0.000000	0.000000	0.000000	0.000000	-2.764202E-7	-7.078650E-6
3729876075.408622	-12.800500	-0.000500	-1.000000	-4.020000	0.000000	15.000000	30.000000	0.000000	0.000000	4.880000	0.000000	0.000000	0.000000	0.000000	1	1	2.000000	1.000000	1.000000	1.000000	1.000000	1.000000	1.000000	0.000000	0.000000	0.000000	0.000000	0.000000	-2.761844E-7	-7.078650E-6
3729876077.285888	-12.601000	-0.000500	-1.000000	-4.020000	0.000000	15.000000	30.000000	0.000000	0.000000	4.880000	0.000000	0.000000	0.000000	0.000000	1	1	2.000000	1.000000	1.000000	1.000000	1.000000	1.000000	1.000000	0.000000	0.000000	0.000000	0.000000	0.000000	-2.759896E-7	-7.078650E-6
3729876079.158765	-12.401000	-0.000500	-1.000000	-4.020000	0.000000	15.000000	30.000000	0.000000	0.000000	4.880000	0.000000	0.000000	0.000000	0.000000	1	1	2.000000	1.000000	1.000000	1.000000	1.000000	1.000000	1.000000	0.000000	0.000000	0.000000	0.000000	0.000000	-2.758557E-7	-7.078650E-6
3729876081.042837	-12.200500	-0.000500	-1.000000	-4.020000	0.000000	15.000000	30.000000	0.000000	0.000000	4.880000	0.000000	0.000000	0.000000	0.000000	1	1	2.000000	1.000000	1.000000	1.000000	1.000000	1.000000	1.000000	0.000000	0.000000	0.000000	0.000000	0.000000	-2.757773E-7	-7.078650E-6
3729876082.931763	-12.000500	-0.000500	-1.000000	-4.020000	0.000000	15.000000	30.000000	0.000000	0.000000	4.880000	0.000000	0.000000	0.000000	0.000000	1	1	2.000000	1.000000	1.000000	1.000000	1.000000	1.000000	1.000000	0.000000	0.000000	0.000000	0.000000	0.000000	-2.758460E-7	-7.078650E-6
3729876084.815186	-11.801000	-0.000500	-1.000000	-4.020000	0.000000	15.000000	30.000000	0.000000	0.000000	4.880000	0.000000	0.000000	0.000000	0.000000	1	1	2.000000	1.000000	1.000000	1.000000	1.000000	1.000000	1.000000	0.000000	0.000000	0.000000	0.000000	0.000000	-2.757280E-7	-7.078650E-6
3729876086.709261	-11.601000	-0.000500	-1.000000	-4.020000	0.000000	15.000000	30.000000	0.000000	0.000000	4.880000	0.000000	0.000000	0.000000	0.000000	1	1	2.000000	1.000000	1.000000	1.000000	1.000000	1.000000	1.000000	0.000000	0.000000	0.000000	0.000000	0.000000	-2.756243E-7	-7.078650E-6
3729876088.592011	-11.401000	-0.000500	-1.000000	-4.020000	0.000000	15.000000	30.000000	0.000000	0.000000	4.880000	0.000000	0.000000	0.000000	0.000000	1	1	2.000000	1.000000	1.000000	1.000000	1.000000	1.000000	1.000000	0.000000	0.000000	0.000000	0.000000	0.000000	-2.757069E-7	-7.078650E-6
3729876090.481313	-11.200500	-0.000500	-1.000000	-4.020000	0.000000	15.000000	30.000000	0.000000	0.000000	4.880000	0.000000	0.000000	0.000000	0.000000	1	1	2.000000	1.000000	1.000000	1.000000	1.000000	1.000000	1.000000	0.000000	0.000000	0.000000	0.000000	0.000000	-2.757789E-7	-7.078650E-6
3729876092.355962	-11.000500	-0.000500	-1.000000	-4.020000	0.000000	15.000000	30.000000	0.000000	0.000000	4.880000	0.000000	0.000000	0.000000	0.000000	1	1	2.000000	1.000000	1.000000	1.000000	1.000000	1.000000	1.000000	0.000000	0.000000	0.000000	0.000000	0.000000	-2.756943E-7	-7.078650E-6
3729876094.248338	-10.801000	-0.000500	-1.000000	-4.020000	0.000000	15.000000	30.000000	0.000000	0.000000	4.880000	0.000000	0.000000	0.000000	0.000000	1	1	2.000000	1.000000	1.000000	1.000000	1.000000	1.000000	1.000000	0.000000	0.000000	0.000000	0.000000	0.000000	-2.758257E-7	-7.078650E-6
3729876096.134784	-10.601000	-0.000500	-1.000000	-4.020000	0.000000	15.000000	30.000000	0.000000	0.000000	4.880000	0.000000	0.000000	0.000000	0.000000	1	1	2.000000	1.000000	1.000000	1.000000	1.000000	1.000000	1.000000	0.000000	0.000000	0.000000	0.000000	0.000000	-2.759777E-7	-7.078650E-6
3729876098.030032	-10.401000	-0.000500	-1.000000	-4.020000	0.000000	15.000000	30.000000	0.000000	0.000000	4.880000	0.000000	0.000000	0.000000	0.000000	1	1	2.000000	1.000000	1.000000	1.000000	1.000000	1.000000	1.000000	0.000000	0.000000	0.000000	0.000000	0.000000	-2.759427E-7	-7.078650E-6
3729876099.923206	-10.200500	-0.000500	-1.000000	-4.020000	0.000000	15.000000	30.000000	0.000000	0.000000	4.880000	0.000000	0.000000	0.000000	0.000000	1	1	2.000000	1.000000	1.000000	1.000000	1.000000	1.000000	1.000000	0.000000	0.000000	0.000000	0.000000	0.000000	-2.761315E-7	-7.078650E-6
3729876101.821488	-10.000500	-0.000500	-1.000000	-4.020000	0.000000	15.000000	30.000000	0.000000	0.000000	4.880000	0.000000	0.000000	0.000000	0.000000	1	1	2.000000	1.000000	1.000000	1.000000	1.000000	1.000000	1.000000	0.000000	0.000000	0.000000	0.000000	0.000000	-2.762604E-7	-7.078650E-6
3729876103.710149	-9.801000	-0.000500	-1.000000	-4.020000	0.000000	15.000000	30.000000	0.000000	0.000000	4.880000	0.000000	0.000000	0.000000	0.000000	1	1	2.000000	1.000000	1.000000	1.000000	1.000000	1.000000	1.000000	0.000000	0.000000	0.000000	0.000000	0.000000	-2.764581E-7	-7.078650E-6
3729876105.599291	-9.601000	-0.000500	-1.000000	-4.020000	0.000000	15.000000	30.000000	0.000000	0.000000	4.880000	0.000000	0.000000	0.000000	0.000000	1	1	2.000000	1.000000	1.000000	1.000000	1.000000	1.000000	1.000000	0.000000	0.000000	0.000000	0.000000	0.000000	-2.766748E-7	-7.078650E-6
3729876107.488317	-9.401000	-0.000500	-1.000000	-4.020000	0.000000	15.000000	30.000000	0.000000	0.000000	4.880000	0.000000	0.000000	0.000000	0.000000	1	1	2.000000	1.000000	1.000000	1.000000	1.000000	1.000000	1.000000	0.000000	0.000000	0.000000	0.000000	0.000000	-2.768417E-7	-7.078650E-6
3729876109.377669	-9.201000	-0.000500	-1.000000	-4.020000	0.000000	15.000000	30.000000	0.000000	0.000000	4.880000	0.000000	0.000000	0.000000	0.000000	1	1	2.000000	1.000000	1.000000	1.000000	1.000000	1.000000	1.000000	0.000000	0.000000	0.000000	0.000000	0.000000	-2.771675E-7	-7.078650E-6
3729876111.260802	-9.000500	-0.000500	-1.000000	-4.020000	0.000000	15.000000	30.000000	0.000000	0.000000	4.880000	0.000000	0.000000	0.000000	0.000000	1	1	2.000000	1.000000	1.000000	1.000000	1.000000	1.000000	1.000000	0.000000	0.000000	0.000000	0.000000	0.000000	-2.773612E-7	-7.078650E-6
3729876113.147711	-8.801000	-0.000500	-1.000000	-4.020000	0.000000	15.000000	30.000000	0.000000	0.000000	4.880000	0.000000	0.000000	0.000000	0.000000	1	1	2.000000	1.000000	1.000000	1.000000	1.000000	1.000000	1.000000	0.000000	0.000000	0.000000	0.000000	0.000000	-2.764102E-7	-7.078650E-6
3729876115.026907	-8.601000	-0.000500	-1.000000	-4.020000	0.000000	15.000000	30.000000	0.000000	0.000000	4.880000	0.000000	0.000000	0.000000	0.000000	1	1	2.000000	1.000000	1.000000	1.000000	1.000000	1.000000	1.000000	0.000000	0.000000	0.000000	0.000000	0.000000	-2.765517E-7	-7.078650E-6
3729876116.906102	-8.400500	-0.000500	-1.000000	-4.020000	0.000000	15.000000	30.000000	0.000000	0.000000	4.880000	0.000000	0.000000	0.000000	0.000000	1	1	2.000000	1.000000	1.000000	1.000000	1.000000	1.000000	1.000000	0.000000	0.000000	0.000000	0.000000	0.000000	-2.767863E-7	-7.078650E-6
3729876118.781201	-8.200500	-0.000500	-1.000000	-4.020000	0.000000	15.000000	30.000000	0.000000	0.000000	4.880000	0.000000	0.000000	0.000000	0.000000	1	1	2.000000	1.000000	1.000000	1.000000	1.000000	1.000000	1.000000	0.000000	0.000000	0.000000	0.000000	0.000000	-2.770188E-7	-7.078650E-6
3729876120.664256	-8.000500	-0.000500	-1.000000	-4.020000	0.000000	15.000000	30.000000	0.000000	0.000000	4.880000	0.000000	0.000000	0.000000	0.000000	1	1	2.000000	1.000000	1.000000	1.000000	1.000000	1.000000	1.000000	0.000000	0.000000	0.000000	0.000000	0.000000	-2.773040E-7	-7.078650E-6
3729876122.538254	-7.801000	-0.000500	-1.000000	-4.020000	0.000000	15.000000	30.000000	0.000000	0.000000	4.880000	0.000000	0.000000	0.000000	0.000000	1	1	2.000000	1.000000	1.000000	1.000000	1.000000	1.000000	1.000000	0.000000	0.000000	0.000000	0.000000	0.000000	-2.775380E-7	-7.078650E-6
3729876124.417310	-7.601000	-0.000500	-1.000000	-4.020000	0.000000	15.000000	30.000000	0.000000	0.000000	4.880000	0.000000	0.000000	0.000000	0.000000	1	1	2.000000	1.000000	1.000000	1.000000	1.000000	1.000000	1.000000	0.000000	0.000000	0.000000	0.000000	0.000000	-2.779310E-7	-7.078650E-6
3729876126.300725	-7.401000	-0.000500	-1.000000	-4.020000	0.000000	15.000000	30.000000	0.000000	0.000000	4.880000	0.000000	0.000000	0.000000	0.000000	1	1	2.000000	1.000000	1.000000	1.000000	1.000000	1.000000	1.000000	0.000000	0.000000	0.000000	0.000000	0.000000	-2.782468E-7	-7.078650E-6
3729876128.184838	-7.200500	-0.000500	-1.000000	-4.020000	0.000000	15.000000	30.000000	0.000000	0.000000	4.880000	0.000000	0.000000	0.000000	0.000000	1	1	2.000000	1.000000	1.000000	1.000000	1.000000	1.000000	1.000000	0.000000	0.000000	0.000000	0.000000	0.000000	-2.786933E-7	-7.078650E-6
3729876130.068344	-7.000500	-0.000500	-1.000000	-4.020000	0.000000	15.000000	30.000000	0.000000	0.000000	4.880000	0.000000	0.000000	0.000000	0.000000	1	1	2.000000	1.000000	1.000000	1.000000	1.000000	1.000000	1.000000	0.000000	0.000000	0.000000	0.000000	0.000000	-2.792582E-7	-7.078650E-6
3729876131.943739	-6.801000	-0.000500	-1.000000	-4.020000	0.000000	15.000000	30.000000	0.000000	0.000000	4.880000	0.000000	0.000000	0.000000	0.000000	1	1	2.000000	1.000000	1.000000	1.000000	1.000000	1.000000	1.000000	0.000000	0.000000	0.000000	0.000000	0.000000	-2.797789E-7	-7.078650E-6
3729876133.821586	-6.601000	-0.000500	-1.000000	-4.020000	0.000000	15.000000	30.000000	0.000000	0.000000	4.880000	0.000000	0.000000	0.000000	0.000000	1	1	2.000000	1.000000	1.000000	1.000000	1.000000	1.000000	1.000000	0.000000	0.000000	0.000000	0.000000	0.000000	-2.804402E-7	-7.078650E-6
3729876135.703309	-6.401000	-0.000500	-1.000000	-4.020000	0.000000	15.000000	30.000000	0.000000	0.000000	4.880000	0.000000	0.000000	0.000000	0.000000	1	1	2.000000	1.000000	1.000000	1.000000	1.000000	1.000000	1.000000	0.000000	0.000000	0.000000	0.000000	0.000000	-2.811911E-7	-7.078650E-6
3729876137.592913	-6.201000	-0.000500	-1.000000	-4.020000	0.000000	15.000000	30.000000	0.000000	0.000000	4.880000	0.000000	0.000000	0.000000	0.000000	1	1	2.000000	1.000000	1.000000	1.000000	1.000000	1.000000	1.000000	0.000000	0.000000	0.000000	0.000000	0.000000	-2.820887E-7	-7.078650E-6
3729876139.473779	-6.000500	-0.000500	-1.000000	-4.020000	0.000000	15.000000	30.000000	0.000000	0.000000	4.880000	0.000000	0.000000	0.000000	0.000000	1	1	2.000000	1.000000	1.000000	1.000000	1.000000	1.000000	1.000000	0.000000	0.000000	0.000000	0.000000	0.000000	-2.833424E-7	-7.078650E-6
3729876141.360126	-5.801000	-0.000500	-1.000000	-4.020000	0.000000	15.000000	30.000000	0.000000	0.000000	4.880000	0.000000	0.000000	0.000000	0.000000	1	1	2.000000	1.000000	1.000000	1.000000	1.000000	1.000000	1.000000	0.000000	0.000000	0.000000	0.000000	0.000000	-2.844776E-7	-7.078650E-6
3729876143.251734	-5.601000	-0.000500	-1.000000	-4.020000	0.000000	15.000000	30.000000	0.000000	0.000000	4.880000	0.000000	0.000000	0.000000	0.000000	1	1	2.000000	1.000000	1.000000	1.000000	1.000000	1.000000	1.000000	0.000000	0.000000	0.000000	0.000000	0.000000	-2.859504E-7	-7.078650E-6
3729876145.134104	-5.401000	-0.000500	-1.000000	-4.020000	0.000000	15.000000	30.000000	0.000000	0.000000	4.880000	0.000000	0.000000	0.000000	0.000000	1	1	2.000000	1.000000	1.000000	1.000000	1.000000	1.000000	1.000000	0.000000	0.000000	0.000000	0.000000	0.000000	-2.876038E-7	-7.078650E-6
3729876147.018050	-5.200500	-0.000500	-1.000000	-4.020000	0.000000	15.000000	30.000000	0.000000	0.000000	4.880000	0.000000	0.000000	0.000000	0.000000	1	1	2.000000	1.000000	1.000000	1.000000	1.000000	1.000000	1.000000	0.000000	0.000000	0.000000	0.000000	0.000000	-2.896206E-7	-7.078650E-6
3729876148.905464	-5.001000	-0.000500	-1.000000	-4.020000	0.000000	15.000000	30.000000	0.000000	0.000000	4.880000	0.000000	0.000000	0.000000	0.000000	1	1	2.000000	1.000000	1.000000	1.000000	1.000000	1.000000	1.000000	0.000000	0.000000	0.000000	0.000000	0.000000	-2.919599E-7	-7.078650E-6
3729876150.789890	-4.801000	-0.000500	-1.000000	-4.020000	0.000000	15.000000	30.000000	0.000000	0.000000	4.880000	0.000000	0.000000	0.000000	0.000000	1	1	2.000000	1.000000	1.000000	1.000000	1.000000	1.000000	1.000000	0.000000	0.000000	0.000000	0.000000	0.000000	-2.947177E-7	-7.078650E-6
3729876152.680788	-4.601000	-0.000500	-1.000000	-4.020000	0.000000	15.000000	30.000000	0.000000	0.000000	4.880000	0.000000	0.000000	0.000000	0.000000	1	1	2.000000	1.000000	1.000000	1.000000	1.000000	1.000000	1.000000	0.000000	0.000000	0.000000	0.000000	0.000000	-2.979997E-7	-7.078650E-6
3729876154.569335	-4.401000	-0.000500	-1.000000	-4.020000	0.000000	15.000000	30.000000	0.000000	0.000000	4.880000	0.000000	0.000000	0.000000	0.000000	1	1	2.000000	1.000000	1.000000	1.000000	1.000000	1.000000	1.000000	0.000000	0.000000	0.000000	0.000000	0.000000	-3.021220E-7	-7.078650E-6
3729876156.454709	-4.200500	-0.000500	-1.000000	-4.020000	0.000000	15.000000	30.000000	0.000000	0.000000	4.880000	0.000000	0.000000	0.000000	0.000000	1	1	2.000000	1.000000	1.000000	1.000000	1.000000	1.000000	1.000000	0.000000	0.000000	0.000000	0.000000	0.000000	-3.071813E-7	-7.078650E-6
3729876158.337862	-4.001000	-0.000500	-1.000000	-4.020000	0.000000	15.000000	30.000000	0.000000	0.000000	4.880000	0.000000	0.000000	0.000000	0.000000	1	1	2.000000	1.000000	1.000000	1.000000	1.000000	1.000000	1.000000	0.000000	0.000000	0.000000	0.000000	0.000000	-3.137380E-7	-7.078650E-6
3729876160.218312	-3.801000	-0.000500	-1.000000	-4.020000	0.000000	15.000000	30.000000	0.000000	0.000000	4.880000	0.000000	0.000000	0.000000	0.000000	1	1	2.000000	1.000000	1.000000	1.000000	1.000000	1.000000	1.000000	0.000000	0.000000	0.000000	0.000000	0.000000	-3.223115E-7	-7.078650E-6
3729876162.101103	-3.601000	-0.000500	-1.000000	-4.020000	0.000000	15.000000	30.000000	0.000000	0.000000	4.880000	0.000000	0.000000	0.000000	0.000000	1	1	2.000000	1.000000	1.000000	1.000000	1.000000	1.000000	1.000000	0.000000	0.000000	0.000000	0.000000	0.000000	-3.340924E-7	-7.078650E-6
3729876163.975501	-3.401000	-0.000500	-1.000000	-4.020000	0.000000	15.000000	30.000000	0.000000	0.000000	4.880000	0.000000	0.000000	0.000000	0.000000	1	1	2.000000	1.000000	1.000000	1.000000	1.000000	1.000000	1.000000	0.000000	0.000000	0.000000	0.000000	0.000000	-3.458097E-7	-7.078650E-6
3729876165.848050	-3.201000	-0.000500	-1.000000	-4.020000	0.000000	15.000000	30.000000	0.000000	0.000000	4.880000	0.000000	0.000000	0.000000	0.000000	1	1	2.000000	1.000000	1.000000	1.000000	1.000000	1.000000	1.000000	0.000000	0.000000	0.000000	0.000000	0.000000	-3.466286E-7	-7.078650E-6
3729876167.724835	-3.001000	-0.000500	-1.000000	-4.020000	0.000000	15.000000	30.000000	0.000000	0.000000	4.880000	0.000000	0.000000	0.000000	0.000000	1	1	2.000000	1.000000	1.000000	1.000000	1.000000	1.000000	1.000000	0.000000	0.000000	0.000000	0.000000	0.000000	-3.283521E-7	-7.078650E-6
3729876169.605700	-2.801000	-0.000500	-1.000000	-4.020000	0.000000	15.000000	30.000000	0.000000	0.000000	4.880000	0.000000	0.000000	0.000000	0.000000	1	1	2.000000	1.000000	1.000000	1.000000	1.000000	1.000000	1.000000	0.000000	0.000000	0.000000	0.000000	0.000000	-2.915592E-7	-7.078650E-6
3729876171.484880	-2.601000	-0.000500	-1.000000	-4.020000	0.000000	15.000000	30.000000	0.000000	0.000000	4.880000	0.000000	0.000000	0.000000	0.000000	1	1	2.000000	1.000000	1.000000	1.000000	1.000000	1.000000	1.000000	0.000000	0.000000	0.000000	0.000000	0.000000	-2.418841E-7	-7.078650E-6
3729876173.785367	-2.401000	-0.000500	-1.000000	-4.020000	0.000000	15.000000	30.000000	0.000000	0.000000	4.880000	0.000000	0.000000	0.000000	0.000000	1	1	2.000000	1.000000	1.000000	1.000000	1.000000	1.000000	1.000000	0.000000	0.000000	0.000000	0.000000	0.000000	-1.836895E-7	-7.078650E-6
3729876175.666926	-2.201000	-0.000500	-1.000000	-4.020000	0.000000	15.000000	30.000000	0.000000	0.000000	4.880000	0.000000	0.000000	0.000000	0.000000	1	1	2.000000	1.000000	1.000000	1.000000	1.000000	1.000000	1.000000	0.000000	0.000000	0.000000	0.000000	0.000000	-1.231498E-7	-7.078650E-6
3729876177.548899	-2.001000	-0.000500	-1.000000	-4.020000	0.000000	15.000000	30.000000	0.000000	0.000000	4.880000	0.000000	0.000000	0.000000	0.000000	1	1	2.000000	1.000000	1.000000	1.000000	1.000000	1.000000	1.000000	0.000000	0.000000	0.000000	0.000000	0.000000	-6.788666E-8	-7.078650E-6
3729876179.424481	-1.801000	-0.000500	-1.000000	-4.020000	0.000000	15.000000	30.000000	0.000000	0.000000	4.880000	0.000000	0.000000	0.000000	0.000000	1	1	2.000000	1.000000	1.000000	1.000000	1.000000	1.000000	1.000000	0.000000	0.000000	0.000000	0.000000	0.000000	-2.902953E-8	-7.078650E-6
3729876181.712938	-1.601000	-0.000500	-1.000000	-4.020000	0.000000	15.000000	30.000000	0.000000	0.000000	4.880000	0.000000	0.000000	0.000000	0.000000	1	1	2.000000	1.000000	1.000000	1.000000	1.000000	1.000000	1.000000	0.000000	0.000000	0.000000	0.000000	0.000000	-9.098451E-9	-7.078650E-6
3729876184.015021	-1.401000	-0.000500	-1.000000	-4.020000	0.000000	15.000000	30.000000	0.000000	0.000000	4.880000	0.000000	0.000000	0.000000	0.000000	1	1	2.000000	1.000000	1.000000	1.000000	1.000000	1.000000	1.000000	0.000000	0.000000	0.000000	0.000000	0.000000	-1.428240E-9	-7.078650E-6
3729876185.908263	-1.201000	-0.000500	-1.000000	-4.020000	0.000000	15.000000	30.000000	0.000000	0.000000	4.880000	0.000000	0.000000	0.000000	0.000000	1	1	2.000000	1.000000	1.000000	1.000000	1.000000	1.000000	1.000000	0.000000	0.000000	0.000000	0.000000	0.000000	-3.138140E-10	-7.078650E-6
3729876187.796371	-1.001000	-0.000500	-1.000000	-4.020000	0.000000	15.000000	30.000000	0.000000	0.000000	4.880000	0.000000	0.000000	0.000000	0.000000	1	1	2.000000	1.000000	1.000000	1.000000	1.000000	1.000000	1.000000	0.000000	0.000000	0.000000	0.000000	0.000000	-2.831372E-10	-7.078650E-6
3729876189.682966	-0.801000	-0.000500	-1.000000	-4.020000	0.000000	15.000000	30.000000	0.000000	0.000000	4.880000	0.000000	0.000000	0.000000	0.000000	1	1	2.000000	1.000000	1.000000	1.000000	1.000000	1.000000	1.000000	0.000000	0.000000	0.000000	0.000000	0.000000	-2.653194E-10	-7.078650E-6
3729876191.569867	-0.601000	-0.000500	-1.000000	-4.020000	0.000000	15.000000	30.000000	0.000000	0.000000	4.880000	0.000000	0.000000	0.000000	0.000000	1	1	2.000000	1.000000	1.000000	1.000000	1.000000	1.000000	1.000000	0.000000	0.000000	0.000000	0.000000	0.000000	-2.481954E-10	-7.078650E-6
3729876193.457252	-0.401000	-0.000500	-1.000000	-4.020000	0.000000	15.000000	30.000000	0.000000	0.000000	4.880000	0.000000	0.000000	0.000000	0.000000	1	1	2.000000	1.000000	1.000000	1.000000	1.000000	1.000000	1.000000	0.000000	0.000000	0.000000	0.000000	0.000000	-2.309196E-10	-7.078650E-6
3729876195.345461	-0.201000	-0.000500	-1.000000	-4.020000	0.000000	15.000000	30.000000	0.000000	0.000000	4.880000	0.000000	0.000000	0.000000	0.000000	1	1	2.000000	1.000000	1.000000	1.000000	1.000000	1.000000	1.000000	0.000000	0.000000	0.000000	0.000000	0.000000	-2.143898E-10	-7.078650E-6
3729876197.226651	-0.001000	-0.000500	-1.000000	-4.020000	0.000000	15.000000	30.000000	0.000000	0.000000	4.880000	0.000000	0.000000	0.000000	0.000000	1	1	2.000000	1.000000	1.000000	1.000000	1.000000	1.000000	1.000000	0.000000	0.000000	0.000000	0.000000	0.000000	-2.011665E-10	-7.078650E-6
3729876199.121252	0.199000	-0.000500	-1.000000	-4.020000	0.000000	15.000000	30.000000	0.000000	0.000000	4.880000	0.000000	0.000000	0.000000	0.000000	1	1	2.000000	1.000000	1.000000	1.000000	1.000000	1.000000	1.000000	0.000000	0.000000	0.000000	0.000000	0.000000	-1.921410E-10	-7.078650E-6
3729876201.006928	0.399000	-0.000500	-1.000000	-4.020000	0.000000	15.000000	30.000000	0.000000	0.000000	4.880000	0.000000	0.000000	0.000000	0.000000	1	1	2.000000	1.000000	1.000000	1.000000	1.000000	1.000000	1.000000	0.000000	0.000000	0.000000	0.000000	0.000000	-1.852662E-10	-7.078650E-6
3729876202.898534	0.599000	-0.000500	-1.000000	-4.020000	0.000000	15.000000	30.000000	0.000000	0.000000	4.880000	0.000000	0.000000	0.000000	0.000000	1	1	2.000000	1.000000	1.000000	1.000000	1.000000	1.000000	1.000000	0.000000	0.000000	0.000000	0.000000	0.000000	-1.795078E-10	-7.078650E-6
3729876204.783842	0.799000	-0.000500	-1.000000	-4.020000	0.000000	15.000000	30.000000	0.000000	0.000000	4.880000	0.000000	0.000000	0.000000	0.000000	1	1	2.000000	1.000000	1.000000	1.000000	1.000000	1.000000	1.000000	0.000000	0.000000	0.000000	0.000000	0.000000	-1.737246E-10	-7.078650E-6
