#BeamwidthBias0_18.dat
#3/11/2022 3:33:23 PM
#X (mm)
#From -21 To 1 By 0.2
#Measure 6485c
#110 points
#Timestamp (sec)	X (mm)	Y (mm)	Z (mm)	Theta (deg)	EG Grid (V)	EG Energy (eV)	EG Extraction (V)	EG Focus 1 (V)	EG Focus 2 (V)	EG Filament (V)	EG X1 Alignment (V)	EG X2 Alignment (V)	EG Y1 Alignment (V)	EG Y2 Alignment (V)	6485 Samples	6487 Samples	6487 Voltage (V)	GM2 Dwell Time (s)	GM2 SCA Lower Limit (V)	GM2 SCA Upper Limit (V)	GM1 Dwell Time (s)	GM1 SCA Lower Limit (V)	GM1 SCA Upper Limit (V)	Voltage Supply A (V)	Voltage Supply B (V)	Dummy	GM2 Counts	GM1 Counts	Keithley6485 Current (A)	Keithley6487 Current (A)
#time	xpos	ypos	zpos	theta	grid	en	ext	f1	f2	fil	x1	x2	y1	y2	6485s	6487s	6487v	gm2dw	gm2ll	gm2ul	gm1dw	gm1ll	gm1ul	va	vb	dummy	gm2	gm1	6485c	6487c
3729875616.954376	-21.000000	-0.000500	-1.000000	-4.020000	0.000000	15.000000	30.000000	0.000000	0.000000	4.880000	0.000000	0.000000	0.000000	0.000000	1	1	0.000000	1.000000	1.000000	1.000000	1.000000	1.000000	1.000000	0.000000	0.000000	0.000000	0.000000	0.000000	-1.939488E-10	-4.802704E-6
3729875618.842498	-20.801000	-0.000500	-1.000000	-4.020000	0.000000	15.000000	30.000000	0.000000	0.000000	4.880000	0.000000	0.000000	0.000000	0.000000	1	1	0.000000	1.000000	1.000000	1.000000	1.000000	1.000000	1.000000	0.000000	0.000000	0.000000	0.000000	0.000000	-2.001785E-10	-4.802704E-6
3729875620.721573	-20.601000	-0.000500	-1.000000	-4.020000	0.000000	15.000000	30.000000	0.000000	0.000000	4.880000	0.000000	0.000000	0.000000	0.000000	1	1	0.000000	1.000000	1.000000	1.000000	1.000000	1.000000	1.000000	0.000000	0.000000	0.000000	0.000000	0.000000	-2.065481E-10	-4.802704E-6
3729875622.606212	-20.401000	-0.000500	-1.000000	-4.020000	0.000000	15.000000	30.000000	0.000000	0.000000	4.880000	0.000000	0.000000	0.000000	0.000000	1	1	0.000000	1.000000	1.000000	1.000000	1.000000	1.000000	1.000000	0.000000	0.000000	0.000000	0.000000	0.000000	-2.129517E-10	-4.802704E-6
3729875624.493007	-20.201000	-0.000500	-1.000000	-4.020000	0.000000	15.000000	30.000000	0.000000	0.000000	4.880000	0.000000	0.000000	0.000000	0.000000	1	1	0.000000	1.000000	1.000000	1.000000	1.000000	1.000000	1.000000	0.000000	0.000000	0.000000	0.000000	0.000000	-2.197632E-10	-4.802704E-6
3729875626.382636	-20.001000	-0.000500	-1.000000	-4.020000	0.000000	15.000000	30.000000	0.000000	0.000000	4.880000	0.000000	0.000000	0.000000	0.000000	1	1	0.000000	1.000000	1.000000	1.000000	1.000000	1.000000	1.000000	0.000000	0.000000	0.000000	0.000000	0.000000	-2.271163E-10	-4.802704E-6
3729875628.272162	-19.801000	-0.000500	-1.000000	-4.020000	0.000000	15.000000	30.000000	0.000000	0.000000	4.880000	0.000000	0.000000	0.000000	0.000000	1	1	0.000000	1.000000	1.000000	1.000000	1.000000	1.000000	1.000000	0.000000	0.000000	0.000000	0.000000	0.000000	-2.351689E-10	-4.802704E-6
3729875630.161219	-19.601000	-0.000500	-1.000000	-4.020000	0.000000	15.000000	30.000000	0.000000	0.000000	4.880000	0.000000	0.000000	0.000000	0.000000	1	1	0.000000	1.000000	1.000000	1.000000	1.000000	1.000000	1.000000	0.000000	0.000000	0.000000	0.000000	0.000000	-2.445228E-10	-4.802704E-6
3729875632.049621	-19.401000	-0.000500	-1.000000	-4.020000	0.000000	15.000000	30.000000	0.000000	0.000000	4.880000	0.000000	0.000000	0.000000	0.000000	1	1	0.000000	1.000000	1.000000	1.000000	1.000000	1.000000	1.000000	0.000000	0.000000	0.000000	0.000000	0.000000	-2.554575E-10	-4.802704E-6
3729875633.935632	-19.201000	-0.000500	-1.000000	-4.020000	0.000000	15.000000	30.000000	0.000000	0.000000	4.880000	0.000000	0.000000	0.000000	0.000000	1	1	0.000000	1.000000	1.000000	1.000000	1.000000	1.000000	1.000000	0.000000	0.000000	0.000000	0.000000	0.000000	-2.669326E-10	-4.802704E-6
3729875635.819920	-19.001000	-0.000500	-1.000000	-4.020000	0.000000	15.000000	30.000000	0.000000	0.000000	4.880000	0.000000	0.000000	0.000000	0.000000	1	1	0.000000	1.000000	1.000000	1.000000	1.000000	1.000000	1.000000	0.000000	0.000000	0.000000	0.000000	0.000000	-2.775563E-10	-4.802704E-6
3729875637.702727	-18.801000	-0.000500	-1.000000	-4.020000	0.000000	15.000000	30.000000	0.000000	0.000000	4.880000	0.000000	0.000000	0.000000	0.000000	1	1	0.000000	1.000000	1.000000	1.000000	1.000000	1.000000	1.000000	0.000000	0.000000	0.000000	0.000000	0.000000	-2.892200E-10	-4.802704E-6
3729875639.591931	-18.601000	-0.000500	-1.000000	-4.020000	0.000000	15.000000	30.000000	0.000000	0.000000	4.880000	0.000000	0.000000	0.000000	0.000000	1	1	0.000000	1.000000	1.000000	1.000000	1.000000	1.000000	1.000000	0.000000	0.000000	0.000000	0.000000	0.000000	-5.032143E-10	-4.802704E-6
3729875642.307140	-18.401000	-0.000500	-1.000000	-4.020000	0.000000	15.000000	30.000000	0.000000	0.000000	4.880000	0.000000	0.000000	0.000000	0.000000	1	1	0.000000	1.000000	1.000000	1.000000	1.000000	1.000000	1.000000	0.000000	0.000000	0.000000	0.000000	0.000000	-4.408102E-9	-4.802704E-6
3729875644.187257	-18.201000	-0.000500	-1.000000	-4.020000	0.000000	15.000000	30.000000	0.000000	0.000000	4.880000	0.000000	0.000000	0.000000	0.000000	1	1	0.000000	1.000000	1.000000	1.000000	1.000000	1.000000	1.000000	0.000000	0.000000	0.000000	0.000000	0.000000	-1.854572E-8	-4.802704E-6
3729875646.852449	-18.001000	-0.000500	-1.000000	-4.020000	0.000000	15.000000	30.000000	0.000000	0.000000	4.880000	0.000000	0.000000	0.000000	0.000000	1	1	0.000000	1.000000	1.000000	1.000000	1.000000	1.000000	1.000000	0.000000	0.000000	0.000000	0.000000	0.000000	-4.562052E-8	-4.802704E-6
3729875648.743098	-17.801000	-0.000500	-1.000000	-4.020000	0.000000	15.000000	30.000000	0.000000	0.000000	4.880000	0.000000	0.000000	0.000000	0.000000	1	1	0.000000	1.000000	1.000000	1.000000	1.000000	1.000000	1.000000	0.000000	0.000000	0.000000	0.000000	0.000000	-8.546607E-8	-4.802704E-6
3729875650.635457	-17.601000	-0.000500	-1.000000	-4.020000	0.000000	15.000000	30.000000	0.000000	0.000000	4.880000	0.000000	0.000000	0.000000	0.000000	1	1	0.000000	1.000000	1.000000	1.000000	1.000000	1.000000	1.000000	0.000000	0.000000	0.000000	0.000000	0.000000	-1.327366E-7	-4.802704E-6
3729875652.527224	-17.401000	-0.000500	-1.000000	-4.020000	0.000000	15.000000	30.000000	0.000000	0.000000	4.880000	0.000000	0.000000	0.000000	0.000000	1	1	0.000000	1.000000	1.000000	1.000000	1.000000	1.000000	1.000000	0.000000	0.000000	0.000000	0.000000	0.000000	-1.818197E-7	-4.802704E-6
3729875655.193499	-17.201000	-0.000500	-1.000000	-4.020000	0.000000	15.000000	30.000000	0.000000	0.000000	4.880000	0.000000	0.000000	0.000000	0.000000	1	1	0.000000	1.000000	1.000000	1.000000	1.000000	1.000000	1.000000	0.000000	0.000000	0.000000	0.000000	0.000000	-2.284007E-7	-4.802704E-6
3729875657.086471	-17.001000	-0.000500	-1.000000	-4.020000	0.000000	15.000000	30.000000	0.000000	0.000000	4.880000	0.000000	0.000000	0.000000	0.000000	1	1	0.000000	1.000000	1.000000	1.000000	1.000000	1.000000	1.000000	0.000000	0.000000	0.000000	0.000000	0.000000	-2.649840E-7	-4.802704E-6
3729875658.973762	-16.801000	-0.000500	-1.000000	-4.020000	0.000000	15.000000	30.000000	0.000000	0.000000	4.880000	0.000000	0.000000	0.000000	0.000000	1	1	0.000000	1.000000	1.000000	1.000000	1.000000	1.000000	1.000000	0.000000	0.000000	0.000000	0.000000	0.000000	-2.858048E-7	-4.802704E-6
3729875660.854783	-16.601000	-0.000500	-1.000000	-4.020000	0.000000	15.000000	30.000000	0.000000	0.000000	4.880000	0.000000	0.000000	0.000000	0.000000	1	1	0.000000	1.000000	1.000000	1.000000	1.000000	1.000000	1.000000	0.000000	0.000000	0.000000	0.000000	0.000000	-2.931334E-7	-4.802704E-6
3729875662.740037	-16.401000	-0.000500	-1.000000	-4.020000	0.000000	15.000000	30.000000	0.000000	0.000000	4.880000	0.000000	0.000000	0.000000	0.000000	1	1	0.000000	1.000000	1.000000	1.000000	1.000000	1.000000	1.000000	0.000000	0.000000	0.000000	0.000000	0.000000	-2.893374E-7	-4.802704E-6
3729875664.618032	-16.200500	-0.000500	-1.000000	-4.020000	0.000000	15.000000	30.000000	0.000000	0.000000	4.880000	0.000000	0.000000	0.000000	0.000000	1	1	0.000000	1.000000	1.000000	1.000000	1.000000	1.000000	1.000000	0.000000	0.000000	0.000000	0.000000	0.000000	-2.811769E-7	-4.802704E-6
3729875666.496414	-16.000500	-0.000500	-1.000000	-4.020000	0.000000	15.000000	30.000000	0.000000	0.000000	4.880000	0.000000	0.000000	0.000000	0.000000	1	1	0.000000	1.000000	1.000000	1.000000	1.000000	1.000000	1.000000	0.000000	0.000000	0.000000	0.000000	0.000000	-2.752231E-7	-4.802704E-6
3729875668.381174	-15.801000	-0.000500	-1.000000	-4.020000	0.000000	15.000000	30.000000	0.000000	0.000000	4.880000	0.000000	0.000000	0.000000	0.000000	1	1	0.000000	1.000000	1.000000	1.000000	1.000000	1.000000	1.000000	0.000000	0.000000	0.000000	0.000000	0.000000	-2.713452E-7	-4.802704E-6
3729875670.262385	-15.601000	-0.000500	-1.000000	-4.020000	0.000000	15.000000	30.000000	0.000000	0.000000	4.880000	0.000000	0.000000	0.000000	0.000000	1	1	0.000000	1.000000	1.000000	1.000000	1.000000	1.000000	1.000000	0.000000	0.000000	0.000000	0.000000	0.000000	-2.685877E-7	-4.802704E-6
3729875672.151227	-15.401000	-0.000500	-1.000000	-4.020000	0.000000	15.000000	30.000000	0.000000	0.000000	4.880000	0.000000	0.000000	0.000000	0.000000	1	1	0.000000	1.000000	1.000000	1.000000	1.000000	1.000000	1.000000	0.000000	0.000000	0.000000	0.000000	0.000000	-2.665858E-7	-4.802704E-6
3729875674.030811	-15.201000	-0.000500	-1.000000	-4.020000	0.000000	15.000000	30.000000	0.000000	0.000000	4.880000	0.000000	0.000000	0.000000	0.000000	1	1	0.000000	1.000000	1.000000	1.000000	1.000000	1.000000	1.000000	0.000000	0.000000	0.000000	0.000000	0.000000	-2.650635E-7	-4.802704E-6
3729875675.913908	-15.000500	-0.000500	-1.000000	-4.020000	0.000000	15.000000	30.000000	0.000000	0.000000	4.880000	0.000000	0.000000	0.000000	0.000000	1	1	0.000000	1.000000	1.000000	1.000000	1.000000	1.000000	1.000000	0.000000	0.000000	0.000000	0.000000	0.000000	-2.640410E-7	-4.802704E-6
3729875677.807642	-14.801000	-0.000500	-1.000000	-4.020000	0.000000	15.000000	30.000000	0.000000	0.000000	4.880000	0.000000	0.000000	0.000000	0.000000	1	1	0.000000	1.000000	1.000000	1.000000	1.000000	1.000000	1.000000	0.000000	0.000000	0.000000	0.000000	0.000000	-2.632964E-7	-4.802704E-6
3729875679.691732	-14.601000	-0.000500	-1.000000	-4.020000	0.000000	15.000000	30.000000	0.000000	0.000000	4.880000	0.000000	0.000000	0.000000	0.000000	1	1	0.000000	1.000000	1.000000	1.000000	1.000000	1.000000	1.000000	0.000000	0.000000	0.000000	0.000000	0.000000	-2.627849E-7	-4.802704E-6
3729875681.577621	-14.401000	-0.000500	-1.000000	-4.020000	0.000000	15.000000	30.000000	0.000000	0.000000	4.880000	0.000000	0.000000	0.000000	0.000000	1	1	0.000000	1.000000	1.000000	1.000000	1.000000	1.000000	1.000000	0.000000	0.000000	0.000000	0.000000	0.000000	-2.624635E-7	-4.802704E-6
3729875683.457616	-14.200500	-0.000500	-1.000000	-4.020000	0.000000	15.000000	30.000000	0.000000	0.000000	4.880000	0.000000	0.000000	0.000000	0.000000	1	1	0.000000	1.000000	1.000000	1.000000	1.000000	1.000000	1.000000	0.000000	0.000000	0.000000	0.000000	0.000000	-2.622567E-7	-4.802704E-6
3729875685.336390	-14.000500	-0.000500	-1.000000	-4.020000	0.000000	15.000000	30.000000	0.000000	0.000000	4.880000	0.000000	0.000000	0.000000	0.000000	1	1	0.000000	1.000000	1.000000	1.000000	1.000000	1.000000	1.000000	0.000000	0.000000	0.000000	0.000000	0.000000	-2.622237E-7	-4.802704E-6
3729875687.223051	-13.801000	-0.000500	-1.000000	-4.020000	0.000000	15.000000	30.000000	0.000000	0.000000	4.880000	0.000000	0.000000	0.000000	0.000000	1	1	0.000000	1.000000	1.000000	1.000000	1.000000	1.000000	1.000000	0.000000	0.000000	0.000000	0.000000	0.000000	-2.622575E-7	-4.802704E-6
3729875689.106585	-13.601000	-0.000500	-1.000000	-4.020000	0.000000	15.000000	30.000000	0.000000	0.000000	4.880000	0.000000	0.000000	0.000000	0.000000	1	1	0.000000	1.000000	1.000000	1.000000	1.000000	1.000000	1.000000	0.000000	0.000000	0.000000	0.000000	0.000000	-2.624181E-7	-4.802704E-6
3729875690.991087	-13.401000	-0.000500	-1.000000	-4.020000	0.000000	15.000000	30.000000	0.000000	0.000000	4.880000	0.000000	0.000000	0.000000	0.000000	1	1	0.000000	1.000000	1.000000	1.000000	1.000000	1.000000	1.000000	0.000000	0.000000	0.000000	0.000000	0.000000	-2.626143E-7	-4.802704E-6
3729875692.883642	-13.200500	-0.000500	-1.000000	-4.020000	0.000000	15.000000	30.000000	0.000000	0.000000	4.880000	0.000000	0.000000	0.000000	0.000000	1	1	0.000000	1.000000	1.000000	1.000000	1.000000	1.000000	1.000000	0.000000	0.000000	0.000000	0.000000	0.000000	-2.629421E-7	-4.802704E-6
3729875694.772710	-13.000500	-0.000500	-1.000000	-4.020000	0.000000	15.000000	30.000000	0.000000	0.000000	4.880000	0.000000	0.000000	0.000000	0.000000	1	1	0.000000	1.000000	1.000000	1.000000	1.000000	1.000000	1.000000	0.000000	0.000000	0.000000	0.000000	0.000000	-2.632370E-7	-4.802704E-6
3729875696.657959	-12.801000	-0.000500	-1.000000	-4.020000	0.000000	15.000000	30.000000	0.000000	0.000000	4.880000	0.000000	0.000000	0.000000	0.000000	1	1	0.000000	1.000000	1.000000	1.000000	1.000000	1.000000	1.000000	0.000000	0.000000	0.000000	0.000000	0.000000	-2.635673E-7	-4.802704E-6
3729875698.543267	-12.601000	-0.000500	-1.000000	-4.020000	0.000000	15.000000	30.000000	0.000000	0.000000	4.880000	0.000000	0.000000	0.000000	0.000000	1	1	0.000000	1.000000	1.000000	1.000000	1.000000	1.000000	1.000000	0.000000	0.000000	0.000000	0.000000	0.000000	-2.638573E-7	-4.802704E-6
3729875700.430191	-12.401000	-0.000500	-1.000000	-4.020000	0.000000	15.000000	30.000000	0.000000	0.000000	4.880000	0.000000	0.000000	0.000000	0.000000	1	1	0.000000	1.000000	1.000000	1.000000	1.000000	1.000000	1.000000	0.000000	0.000000	0.000000	0.000000	0.000000	-2.642421E-7	-4.802704E-6
3729875702.316766	-12.200500	-0.000500	-1.000000	-4.020000	0.000000	15.000000	30.000000	0.000000	0.000000	4.880000	0.000000	0.000000	0.000000	0.000000	1	1	0.000000	1.000000	1.000000	1.000000	1.000000	1.000000	1.000000	0.000000	0.000000	0.000000	0.000000	0.000000	-2.646024E-7	-4.802704E-6
3729875704.195913	-12.000500	-0.000500	-1.000000	-4.020000	0.000000	15.000000	30.000000	0.000000	0.000000	4.880000	0.000000	0.000000	0.000000	0.000000	1	1	0.000000	1.000000	1.000000	1.000000	1.000000	1.000000	1.000000	0.000000	0.000000	0.000000	0.000000	0.000000	-2.649624E-7	-4.802704E-6
3729875706.072444	-11.801000	-0.000500	-1.000000	-4.020000	0.000000	15.000000	30.000000	0.000000	0.000000	4.880000	0.000000	0.000000	0.000000	0.000000	1	1	0.000000	1.000000	1.000000	1.000000	1.000000	1.000000	1.000000	0.000000	0.000000	0.000000	0.000000	0.000000	-2.654041E-7	-4.802704E-6
3729875707.953776	-11.601000	-0.000500	-1.000000	-4.020000	0.000000	15.000000	30.000000	0.000000	0.000000	4.880000	0.000000	0.000000	0.000000	0.000000	1	1	0.000000	1.000000	1.000000	1.000000	1.000000	1.000000	1.000000	0.000000	0.000000	0.000000	0.000000	0.000000	-2.657323E-7	-4.802704E-6
3729875709.829529	-11.401000	-0.000500	-1.000000	-4.020000	0.000000	15.000000	30.000000	0.000000	0.000000	4.880000	0.000000	0.000000	0.000000	0.000000	1	1	0.000000	1.000000	1.000000	1.000000	1.000000	1.000000	1.000000	0.000000	0.000000	0.000000	0.000000	0.000000	-2.659455E-7	-4.802704E-6
3729875711.704597	-11.200500	-0.000500	-1.000000	-4.020000	0.000000	15.000000	30.000000	0.000000	0.000000	4.880000	0.000000	0.000000	0.000000	0.000000	1	1	0.000000	1.000000	1.000000	1.000000	1.000000	1.000000	1.000000	0.000000	0.000000	0.000000	0.000000	0.000000	-2.664066E-7	-4.802704E-6
3729875713.586470	-11.000500	-0.000500	-1.000000	-4.020000	0.000000	15.000000	30.000000	0.000000	0.000000	4.880000	0.000000	0.000000	0.000000	0.000000	1	1	0.000000	1.000000	1.000000	1.000000	1.000000	1.000000	1.000000	0.000000	0.000000	0.000000	0.000000	0.000000	-2.666584E-7	-4.802704E-6
3729875715.465246	-10.801000	-0.000500	-1.000000	-4.020000	0.000000	15.000000	30.000000	0.000000	0.000000	4.880000	0.000000	0.000000	0.000000	0.000000	1	1	0.000000	1.000000	1.000000	1.000000	1.000000	1.000000	1.000000	0.000000	0.000000	0.000000	0.000000	0.000000	-2.670484E-7	-4.802704E-6
3729875717.347698	-10.601000	-0.000500	-1.000000	-4.020000	0.000000	15.000000	30.000000	0.000000	0.000000	4.880000	0.000000	0.000000	0.000000	0.000000	1	1	0.000000	1.000000	1.000000	1.000000	1.000000	1.000000	1.000000	0.000000	0.000000	0.000000	0.000000	0.000000	-2.672143E-7	-4.802704E-6
3729875719.232456	-10.401000	-0.000500	-1.000000	-4.020000	0.000000	15.000000	30.000000	0.000000	0.000000	4.880000	0.000000	0.000000	0.000000	0.000000	1	1	0.000000	1.000000	1.000000	1.000000	1.000000	1.000000	1.000000	0.000000	0.000000	0.000000	0.000000	0.000000	-2.674504E-7	-4.802704E-6
3729875721.123239	-10.200500	-0.000500	-1.000000	-4.020000	0.000000	15.000000	30.000000	0.000000	0.000000	4.880000	0.000000	0.000000	0.000000	0.000000	1	1	0.000000	1.000000	1.000000	1.000000	1.000000	1.000000	1.000000	0.000000	0.000000	0.000000	0.000000	0.000000	-2.677145E-7	-4.802704E-6
3729875723.011588	-10.000500	-0.000500	-1.000000	-4.020000	0.000000	15.000000	30.000000	0.000000	0.000000	4.880000	0.000000	0.000000	0.000000	0.000000	1	1	0.000000	1.000000	1.000000	1.000000	1.000000	1.000000	1.000000	0.000000	0.000000	0.000000	0.000000	0.000000	-2.678914E-7	-4.802704E-6
3729875724.901247	-9.801000	-0.000500	-1.000000	-4.020000	0.000000	15.000000	30.000000	0.000000	0.000000	4.880000	0.000000	0.000000	0.000000	0.000000	1	1	0.000000	1.000000	1.000000	1.000000	1.000000	1.000000	1.000000	0.000000	0.000000	0.000000	0.000000	0.000000	-2.680657E-7	-4.802704E-6
3729875726.782608	-9.601000	-0.000500	-1.000000	-4.020000	0.000000	15.000000	30.000000	0.000000	0.000000	4.880000	0.000000	0.000000	0.000000	0.000000	1	1	0.000000	1.000000	1.000000	1.000000	1.000000	1.000000	1.000000	0.000000	0.000000	0.000000	0.000000	0.000000	-2.681384E-7	-4.802704E-6
3729875728.667850	-9.401000	-0.000500	-1.000000	-4.020000	0.000000	15.000000	30.000000	0.000000	0.000000	4.880000	0.000000	0.000000	0.000000	0.000000	1	1	0.000000	1.000000	1.000000	1.000000	1.000000	1.000000	1.000000	0.000000	0.000000	0.000000	0.000000	0.000000	-2.683192E-7	-4.802704E-6
3729875730.558549	-9.200500	-0.000500	-1.000000	-4.020000	0.000000	15.000000	30.000000	0.000000	0.000000	4.880000	0.000000	0.000000	0.000000	0.000000	1	1	0.000000	1.000000	1.000000	1.000000	1.000000	1.000000	1.000000	0.000000	0.000000	0.000000	0.000000	0.000000	-2.685360E-7	-4.802704E-6
3729875732.448204	-9.000500	-0.000500	-1.000000	-4.020000	0.000000	15.000000	30.000000	0.000000	0.000000	4.880000	0.000000	0.000000	0.000000	0.000000	1	1	0.000000	1.000000	1.000000	1.000000	1.000000	1.000000	1.000000	0.000000	0.000000	0.000000	0.000000	0.000000	-2.688368E-7	-4.802704E-6
3729875734.327589	-8.801000	-0.000500	-1.000000	-4.020000	0.000000	15.000000	30.000000	0.000000	0.000000	4.880000	0.000000	0.000000	0.000000	0.000000	1	1	0.000000	1.000000	1.000000	1.000000	1.000000	1.000000	1.000000	0.000000	0.000000	0.000000	0.000000	0.000000	-2.690075E-7	-4.802704E-6
3729875736.210145	-8.601000	-0.000500	-1.000000	-4.020000	0.000000	15.000000	30.000000	0.000000	0.000000	4.880000	0.000000	0.000000	0.000000	0.000000	1	1	0.000000	1.000000	1.000000	1.000000	1.000000	1.000000	1.000000	0.000000	0.000000	0.000000	0.000000	0.000000	-2.691905E-7	-4.802704E-6
3729875738.095616	-8.401000	-0.000500	-1.000000	-4.020000	0.000000	15.000000	30.000000	0.000000	0.000000	4.880000	0.000000	0.000000	0.000000	0.000000	1	1	0.000000	1.000000	1.000000	1.000000	1.000000	1.000000	1.000000	0.000000	0.000000	0.000000	0.000000	0.000000	-2.693274E-7	-4.802704E-6
3729875739.979586	-8.200500	-0.000500	-1.000000	-4.020000	0.000000	15.000000	30.000000	0.000000	0.000000	4.880000	0.000000	0.000000	0.000000	0.000000	1	1	0.000000	1.000000	1.000000	1.000000	1.000000	1.000000	1.000000	0.000000	0.000000	0.000000	0.000000	0.000000	-2.693601E-7	-4.802704E-6
3729875741.865992	-8.000500	-0.000500	-1.000000	-4.020000	0.000000	15.000000	30.000000	0.000000	0.000000	4.880000	0.000000	0.000000	0.000000	0.000000	1	1	0.000000	1.000000	1.000000	1.000000	1.000000	1.000000	1.000000	0.000000	0.000000	0.000000	0.000000	0.000000	-2.697314E-7	-4.802704E-6
3729875743.756569	-7.800500	-0.000500	-1.000000	-4.020000	0.000000	15.000000	30.000000	0.000000	0.000000	4.880000	0.000000	0.000000	0.000000	0.000000	1	1	0.000000	1.000000	1.000000	1.000000	1.000000	1.000000	1.000000	0.000000	0.000000	0.000000	0.000000	0.000000	-2.697224E-7	-4.802704E-6
3729875745.644317	-7.601000	-0.000500	-1.000000	-4.020000	0.000000	15.000000	30.000000	0.000000	0.000000	4.880000	0.000000	0.000000	0.000000	0.000000	1	1	0.000000	1.000000	1.000000	1.000000	1.000000	1.000000	1.000000	0.000000	0.000000	0.000000	0.000000	0.000000	-2.699306E-7	-4.802704E-6
3729875747.539002	-7.401000	-0.000500	-1.000000	-4.020000	0.000000	15.000000	30.000000	0.000000	0.000000	4.880000	0.000000	0.000000	0.000000	0.000000	1	1	0.000000	1.000000	1.000000	1.000000	1.000000	1.000000	1.000000	0.000000	0.000000	0.000000	0.000000	0.000000	-2.702574E-7	-4.802704E-6
3729875749.432986	-7.200500	-0.000500	-1.000000	-4.020000	0.000000	15.000000	30.000000	0.000000	0.000000	4.880000	0.000000	0.000000	0.000000	0.000000	1	1	0.000000	1.000000	1.000000	1.000000	1.000000	1.000000	1.000000	0.000000	0.000000	0.000000	0.000000	0.000000	-2.705407E-7	-4.802704E-6
3729875751.320122	-7.000500	-0.000500	-1.000000	-4.020000	0.000000	15.000000	30.000000	0.000000	0.000000	4.880000	0.000000	0.000000	0.000000	0.000000	1	1	0.000000	1.000000	1.000000	1.000000	1.000000	1.000000	1.000000	0.000000	0.000000	0.000000	0.000000	0.000000	-2.708705E-7	-4.802704E-6
3729875753.207831	-6.801000	-0.000500	-1.000000	-4.020000	0.000000	15.000000	30.000000	0.000000	0.000000	4.880000	0.000000	0.000000	0.000000	0.000000	1	1	0.000000	1.000000	1.000000	1.000000	1.000000	1.000000	1.000000	0.000000	0.000000	0.000000	0.000000	0.000000	-2.713701E-7	-4.802704E-6
3729875755.089884	-6.601000	-0.000500	-1.000000	-4.020000	0.000000	15.000000	30.000000	0.000000	0.000000	4.880000	0.000000	0.000000	0.000000	0.000000	1	1	0.000000	1.000000	1.000000	1.000000	1.000000	1.000000	1.000000	0.000000	0.000000	0.000000	0.000000	0.000000	-2.717400E-7	-4.802704E-6
3729875756.964088	-6.401000	-0.000500	-1.000000	-4.020000	0.000000	15.000000	30.000000	0.000000	0.000000	4.880000	0.000000	0.000000	0.000000	0.000000	1	1	0.000000	1.000000	1.000000	1.000000	1.000000	1.000000	1.000000	0.000000	0.000000	0.000000	0.000000	0.000000	-2.722434E-7	-4.802704E-6
3729875758.840386	-6.201000	-0.000500	-1.000000	-4.020000	0.000000	15.000000	30.000000	0.000000	0.000000	4.880000	0.000000	0.000000	0.000000	0.000000	1	1	0.000000	1.000000	1.000000	1.000000	1.000000	1.000000	1.000000	0.000000	0.000000	0.000000	0.000000	0.000000	-2.729008E-7	-4.802704E-6
3729875760.717876	-6.000500	-0.000500	-1.000000	-4.020000	0.000000	15.000000	30.000000	0.000000	0.000000	4.880000	0.000000	0.000000	0.000000	0.000000	1	1	0.000000	1.000000	1.000000	1.000000	1.000000	1.000000	1.000000	0.000000	0.000000	0.000000	0.000000	0.000000	-2.735318E-7	-4.802704E-6
3729875762.600139	-5.801000	-0.000500	-1.000000	-4.020000	0.000000	15.000000	30.000000	0.000000	0.000000	4.880000	0.000000	0.000000	0.000000	0.000000	1	1	0.000000	1.000000	1.000000	1.000000	1.000000	1.000000	1.000000	0.000000	0.000000	0.000000	0.000000	0.000000	-2.744366E-7	-4.802704E-6
3729875764.487011	-5.601000	-0.000500	-1.000000	-4.020000	0.000000	15.000000	30.000000	0.000000	0.000000	4.880000	0.000000	0.000000	0.000000	0.000000	1	1	0.000000	1.000000	1.000000	1.000000	1.000000	1.000000	1.000000	0.000000	0.000000	0.000000	0.000000	0.000000	-2.754160E-7	-4.802704E-6
3729875766.369143	-5.401000	-0.000500	-1.000000	-4.020000	0.000000	15.000000	30.000000	0.000000	0.000000	4.880000	0.000000	0.000000	0.000000	0.000000	1	1	0.000000	1.000000	1.000000	1.000000	1.000000	1.000000	1.000000	0.000000	0.000000	0.000000	0.000000	0.000000	-2.767044E-7	-4.802704E-6
3729875768.250663	-5.200500	-0.000500	-1.000000	-4.020000	0.000000	15.000000	30.000000	0.000000	0.000000	4.880000	0.000000	0.000000	0.000000	0.000000	1	1	0.000000	1.000000	1.000000	1.000000	1.000000	1.000000	1.000000	0.000000	0.000000	0.000000	0.000000	0.000000	-2.782363E-7	-4.802704E-6
3729875770.139657	-5.001000	-0.000500	-1.000000	-4.020000	0.000000	15.000000	30.000000	0.000000	0.000000	4.880000	0.000000	0.000000	0.000000	0.000000	1	1	0.000000	1.000000	1.000000	1.000000	1.000000	1.000000	1.000000	0.000000	0.000000	0.000000	0.000000	0.000000	-2.800952E-7	-4.802704E-6
3729875772.026928	-4.801000	-0.000500	-1.000000	-4.020000	0.000000	15.000000	30.000000	0.000000	0.000000	4.880000	0.000000	0.000000	0.000000	0.000000	1	1	0.000000	1.000000	1.000000	1.000000	1.000000	1.000000	1.000000	0.000000	0.000000	0.000000	0.000000	0.000000	-2.824347E-7	-4.802704E-6
3729875773.913033	-4.601000	-0.000500	-1.000000	-4.020000	0.000000	15.000000	30.000000	0.000000	0.000000	4.880000	0.000000	0.000000	0.000000	0.000000	1	1	0.000000	1.000000	1.000000	1.000000	1.000000	1.000000	1.000000	0.000000	0.000000	0.000000	0.000000	0.000000	-2.852693E-7	-4.802704E-6
3729875775.797327	-4.401000	-0.000500	-1.000000	-4.020000	0.000000	15.000000	30.000000	0.000000	0.000000	4.880000	0.000000	0.000000	0.000000	0.000000	1	1	0.000000	1.000000	1.000000	1.000000	1.000000	1.000000	1.000000	0.000000	0.000000	0.000000	0.000000	0.000000	-2.890347E-7	-4.802704E-6
3729875777.679891	-4.200500	-0.000500	-1.000000	-4.020000	0.000000	15.000000	30.000000	0.000000	0.000000	4.880000	0.000000	0.000000	0.000000	0.000000	1	1	0.000000	1.000000	1.000000	1.000000	1.000000	1.000000	1.000000	0.000000	0.000000	0.000000	0.000000	0.000000	-2.939406E-7	-4.802704E-6
3729875779.562467	-4.001000	-0.000500	-1.000000	-4.020000	0.000000	15.000000	30.000000	0.000000	0.000000	4.880000	0.000000	0.000000	0.000000	0.000000	1	1	0.000000	1.000000	1.000000	1.000000	1.000000	1.000000	1.000000	0.000000	0.000000	0.000000	0.000000	0.000000	-3.005687E-7	-4.802704E-6
3729875781.440760	-3.801000	-0.000500	-1.000000	-4.020000	0.000000	15.000000	30.000000	0.000000	0.000000	4.880000	0.000000	0.000000	0.000000	0.000000	1	1	0.000000	1.000000	1.000000	1.000000	1.000000	1.000000	1.000000	0.000000	0.000000	0.000000	0.000000	0.000000	-3.097086E-7	-4.802704E-6
3729875783.320578	-3.601000	-0.000500	-1.000000	-4.020000	0.000000	15.000000	30.000000	0.000000	0.000000	4.880000	0.000000	0.000000	0.000000	0.000000	1	1	0.000000	1.000000	1.000000	1.000000	1.000000	1.000000	1.000000	0.000000	0.000000	0.000000	0.000000	0.000000	-3.183888E-7	-4.802704E-6
3729875785.210438	-3.401000	-0.000500	-1.000000	-4.020000	0.000000	15.000000	30.000000	0.000000	0.000000	4.880000	0.000000	0.000000	0.000000	0.000000	1	1	0.000000	1.000000	1.000000	1.000000	1.000000	1.000000	1.000000	0.000000	0.000000	0.000000	0.000000	0.000000	-3.191653E-7	-4.802704E-6
3729875787.094953	-3.201000	-0.000500	-1.000000	-4.020000	0.000000	15.000000	30.000000	0.000000	0.000000	4.880000	0.000000	0.000000	0.000000	0.000000	1	1	0.000000	1.000000	1.000000	1.000000	1.000000	1.000000	1.000000	0.000000	0.000000	0.000000	0.000000	0.000000	-3.039709E-7	-4.802704E-6
3729875788.972801	-3.001000	-0.000500	-1.000000	-4.020000	0.000000	15.000000	30.000000	0.000000	0.000000	4.880000	0.000000	0.000000	0.000000	0.000000	1	1	0.000000	1.000000	1.000000	1.000000	1.000000	1.000000	1.000000	0.000000	0.000000	0.000000	0.000000	0.000000	-2.708201E-7	-4.802704E-6
3729875790.862300	-2.801000	-0.000500	-1.000000	-4.020000	0.000000	15.000000	30.000000	0.000000	0.000000	4.880000	0.000000	0.000000	0.000000	0.000000	1	1	0.000000	1.000000	1.000000	1.000000	1.000000	1.000000	1.000000	0.000000	0.000000	0.000000	0.000000	0.000000	-2.252155E-7	-4.802704E-6
3729875793.165555	-2.601000	-0.000500	-1.000000	-4.020000	0.000000	15.000000	30.000000	0.000000	0.000000	4.880000	0.000000	0.000000	0.000000	0.000000	1	1	0.000000	1.000000	1.000000	1.000000	1.000000	1.000000	1.000000	0.000000	0.000000	0.000000	0.000000	0.000000	-1.735632E-7	-4.802704E-6
3729875795.060813	-2.401000	-0.000500	-1.000000	-4.020000	0.000000	15.000000	30.000000	0.000000	0.000000	4.880000	0.000000	0.000000	0.000000	0.000000	1	1	0.000000	1.000000	1.000000	1.000000	1.000000	1.000000	1.000000	0.000000	0.000000	0.000000	0.000000	0.000000	-1.185202E-7	-4.802704E-6
3729875796.942644	-2.201000	-0.000500	-1.000000	-4.020000	0.000000	15.000000	30.000000	0.000000	0.000000	4.880000	0.000000	0.000000	0.000000	0.000000	1	1	0.000000	1.000000	1.000000	1.000000	1.000000	1.000000	1.000000	0.000000	0.000000	0.000000	0.000000	0.000000	-6.732031E-8	-4.802704E-6
3729875798.827957	-2.001000	-0.000500	-1.000000	-4.020000	0.000000	15.000000	30.000000	0.000000	0.000000	4.880000	0.000000	0.000000	0.000000	0.000000	1	1	0.000000	1.000000	1.000000	1.000000	1.000000	1.000000	1.000000	0.000000	0.000000	0.000000	0.000000	0.000000	-2.918473E-8	-4.802704E-6
3729875801.119362	-1.801000	-0.000500	-1.000000	-4.020000	0.000000	15.000000	30.000000	0.000000	0.000000	4.880000	0.000000	0.000000	0.000000	0.000000	1	1	0.000000	1.000000	1.000000	1.000000	1.000000	1.000000	1.000000	0.000000	0.000000	0.000000	0.000000	0.000000	-8.665107E-9	-4.802704E-6
3729875803.416329	-1.601000	-0.000500	-1.000000	-4.020000	0.000000	15.000000	30.000000	0.000000	0.000000	4.880000	0.000000	0.000000	0.000000	0.000000	1	1	0.000000	1.000000	1.000000	1.000000	1.000000	1.000000	1.000000	0.000000	0.000000	0.000000	0.000000	0.000000	-1.380190E-9	-4.802704E-6
3729875805.293437	-1.401000	-0.000500	-1.000000	-4.020000	0.000000	15.000000	30.000000	0.000000	0.000000	4.880000	0.000000	0.000000	0.000000	0.000000	1	1	0.000000	1.000000	1.000000	1.000000	1.000000	1.000000	1.000000	0.000000	0.000000	0.000000	0.000000	0.000000	-3.064808E-10	-4.802704E-6
3729875807.178597	-1.201000	-0.000500	-1.000000	-4.020000	0.000000	15.000000	30.000000	0.000000	0.000000	4.880000	0.000000	0.000000	0.000000	0.000000	1	1	0.000000	1.000000	1.000000	1.000000	1.000000	1.000000	1.000000	0.000000	0.000000	0.000000	0.000000	0.000000	-2.819481E-10	-4.802704E-6
3729875809.060721	-1.001000	-0.000500	-1.000000	-4.020000	0.000000	15.000000	30.000000	0.000000	0.000000	4.880000	0.000000	0.000000	0.000000	0.000000	1	1	0.000000	1.000000	1.000000	1.000000	1.000000	1.000000	1.000000	0.000000	0.000000	0.000000	0.000000	0.000000	-2.683582E-10	-4.802704E-6
3729875810.940052	-0.801000	-0.000500	-1.000000	-4.020000	0.000000	15.000000	30.000000	0.000000	0.000000	4.880000	0.000000	0.000000	0.000000	0.000000	1	1	0.000000	1.000000	1.000000	1.000000	1.000000	1.000000	1.000000	0.000000	0.000000	0.000000	0.000000	0.000000	-2.552864E-10	-4.802704E-6
3729875812.822977	-0.601000	-0.000500	-1.000000	-4.020000	0.000000	15.000000	30.000000	0.000000	0.000000	4.880000	0.000000	0.000000	0.000000	0.000000	1	1	0.000000	1.000000	1.000000	1.000000	1.000000	1.000000	1.000000	0.000000	0.000000	0.000000	0.000000	0.000000	-2.422348E-10	-4.802704E-6
3729875814.707399	-0.401000	-0.000500	-1.000000	-4.020000	0.000000	15.000000	30.000000	0.000000	0.000000	4.880000	0.000000	0.000000	0.000000	0.000000	1	1	0.000000	1.000000	1.000000	1.000000	1.000000	1.000000	1.000000	0.000000	0.000000	0.000000	0.000000	0.000000	-2.291577E-10	-4.802704E-6
3729875816.594903	-0.201000	-0.000500	-1.000000	-4.020000	0.000000	15.000000	30.000000	0.000000	0.000000	4.880000	0.000000	0.000000	0.000000	0.000000	1	1	0.000000	1.000000	1.000000	1.000000	1.000000	1.000000	1.000000	0.000000	0.000000	0.000000	0.000000	0.000000	-2.174960E-10	-4.802704E-6
3729875818.471142	-0.001000	-0.000500	-1.000000	-4.020000	0.000000	15.000000	30.000000	0.000000	0.000000	4.880000	0.000000	0.000000	0.000000	0.000000	1	1	0.000000	1.000000	1.000000	1.000000	1.000000	1.000000	1.000000	0.000000	0.000000	0.000000	0.000000	0.000000	-2.088110E-10	-4.802704E-6
3729875820.353919	0.199000	-0.000500	-1.000000	-4.020000	0.000000	15.000000	30.000000	0.000000	0.000000	4.880000	0.000000	0.000000	0.000000	0.000000	1	1	0.000000	1.000000	1.000000	1.000000	1.000000	1.000000	1.000000	0.000000	0.000000	0.000000	0.000000	0.000000	-2.021302E-10	-4.802704E-6
3729875822.239537	0.399000	-0.000500	-1.000000	-4.020000	0.000000	15.000000	30.000000	0.000000	0.000000	4.880000	0.000000	0.000000	0.000000	0.000000	1	1	0.000000	1.000000	1.000000	1.000000	1.000000	1.000000	1.000000	0.000000	0.000000	0.000000	0.000000	0.000000	-1.965328E-10	-4.802704E-6
3729875824.119719	0.599000	-0.000500	-1.000000	-4.020000	0.000000	15.000000	30.000000	0.000000	0.000000	4.880000	0.000000	0.000000	0.000000	0.000000	1	1	0.000000	1.000000	1.000000	1.000000	1.000000	1.000000	1.000000	0.000000	0.000000	0.000000	0.000000	0.000000	-1.909206E-10	-4.802704E-6
3729875825.995827	0.799000	-0.000500	-1.000000	-4.020000	0.000000	15.000000	30.000000	0.000000	0.000000	4.880000	0.000000	0.000000	0.000000	0.000000	1	1	0.000000	1.000000	1.000000	1.000000	1.000000	1.000000	1.000000	0.000000	0.000000	0.000000	0.000000	0.000000	-1.854140E-10	-4.802704E-6
