#BeamwidthBias8.5_23.dat
#3/11/2022 3:58:11 PM
#X (mm)
#From -21 To 1 By 0.2
#Measure 6485c
#110 points
#Timestamp (sec)	X (mm)	Y (mm)	Z (mm)	Theta (deg)	EG Grid (V)	EG Energy (eV)	EG Extraction (V)	EG Focus 1 (V)	EG Focus 2 (V)	EG Filament (V)	EG X1 Alignment (V)	EG X2 Alignment (V)	EG Y1 Alignment (V)	EG Y2 Alignment (V)	6485 Samples	6487 Samples	6487 Voltage (V)	GM2 Dwell Time (s)	GM2 SCA Lower Limit (V)	GM2 SCA Upper Limit (V)	GM1 Dwell Time (s)	GM1 SCA Lower Limit (V)	GM1 SCA Upper Limit (V)	Voltage Supply A (V)	Voltage Supply B (V)	Dummy	GM2 Counts	GM1 Counts	Keithley6485 Current (A)	Keithley6487 Current (A)
#time	xpos	ypos	zpos	theta	grid	en	ext	f1	f2	fil	x1	x2	y1	y2	6485s	6487s	6487v	gm2dw	gm2ll	gm2ul	gm1dw	gm1ll	gm1ul	va	vb	dummy	gm2	gm1	6485c	6487c
3729877105.178924	-21.000500	-0.000500	-1.000000	-4.020000	0.000000	15.000000	30.000000	0.000000	0.000000	4.880000	0.000000	0.000000	0.000000	0.000000	1	1	8.500000	1.000000	1.000000	1.000000	1.000000	1.000000	1.000000	0.000000	0.000000	0.000000	0.000000	0.000000	-2.335767E-12	1.732230E-6
3729877107.061170	-20.801000	-0.000500	-1.000000	-4.020000	0.000000	15.000000	30.000000	0.000000	0.000000	4.880000	0.000000	0.000000	0.000000	0.000000	1	1	8.500000	1.000000	1.000000	1.000000	1.000000	1.000000	1.000000	0.000000	0.000000	0.000000	0.000000	0.000000	-2.347237E-12	1.732230E-6
3729877108.950346	-20.601000	-0.000500	-1.000000	-4.020000	0.000000	15.000000	30.000000	0.000000	0.000000	4.880000	0.000000	0.000000	0.000000	0.000000	1	1	8.500000	1.000000	1.000000	1.000000	1.000000	1.000000	1.000000	0.000000	0.000000	0.000000	0.000000	0.000000	-2.364236E-12	1.732230E-6
3729877110.832710	-20.401000	-0.000500	-1.000000	-4.020000	0.000000	15.000000	30.000000	0.000000	0.000000	4.880000	0.000000	0.000000	0.000000	0.000000	1	1	8.500000	1.000000	1.000000	1.000000	1.000000	1.000000	1.000000	0.000000	0.000000	0.000000	0.000000	0.000000	-2.587699E-12	1.732230E-6
3729877112.708351	-20.201000	-0.000500	-1.000000	-4.020000	0.000000	15.000000	30.000000	0.000000	0.000000	4.880000	0.000000	0.000000	0.000000	0.000000	1	1	8.500000	1.000000	1.000000	1.000000	1.000000	1.000000	1.000000	0.000000	0.000000	0.000000	0.000000	0.000000	-2.545914E-12	1.732230E-6
3729877114.593093	-20.001000	-0.000500	-1.000000	-4.020000	0.000000	15.000000	30.000000	0.000000	0.000000	4.880000	0.000000	0.000000	0.000000	0.000000	1	1	8.500000	1.000000	1.000000	1.000000	1.000000	1.000000	1.000000	0.000000	0.000000	0.000000	0.000000	0.000000	-3.060019E-12	1.732230E-6
3729877116.465446	-19.801000	-0.000500	-1.000000	-4.020000	0.000000	15.000000	30.000000	0.000000	0.000000	4.880000	0.000000	0.000000	0.000000	0.000000	1	1	8.500000	1.000000	1.000000	1.000000	1.000000	1.000000	1.000000	0.000000	0.000000	0.000000	0.000000	0.000000	-2.360534E-11	1.732230E-6
3729877118.339142	-19.601000	-0.000500	-1.000000	-4.020000	0.000000	15.000000	30.000000	0.000000	0.000000	4.880000	0.000000	0.000000	0.000000	0.000000	1	1	8.500000	1.000000	1.000000	1.000000	1.000000	1.000000	1.000000	0.000000	0.000000	0.000000	0.000000	0.000000	-1.647051E-10	1.732230E-6
3729877120.214037	-19.401000	-0.000500	-1.000000	-4.020000	0.000000	15.000000	30.000000	0.000000	0.000000	4.880000	0.000000	0.000000	0.000000	0.000000	1	1	8.500000	1.000000	1.000000	1.000000	1.000000	1.000000	1.000000	0.000000	0.000000	0.000000	0.000000	0.000000	-5.863469E-10	1.732230E-6
3729877122.090438	-19.201000	-0.000500	-1.000000	-4.020000	0.000000	15.000000	30.000000	0.000000	0.000000	4.880000	0.000000	0.000000	0.000000	0.000000	1	1	8.500000	1.000000	1.000000	1.000000	1.000000	1.000000	1.000000	0.000000	0.000000	0.000000	0.000000	0.000000	-1.498356E-9	1.732230E-6
3729877124.795754	-19.001000	-0.000500	-1.000000	-4.020000	0.000000	15.000000	30.000000	0.000000	0.000000	4.880000	0.000000	0.000000	0.000000	0.000000	1	1	8.500000	1.000000	1.000000	1.000000	1.000000	1.000000	1.000000	0.000000	0.000000	0.000000	0.000000	0.000000	-3.002092E-9	1.732230E-6
3729877126.674389	-18.801000	-0.000500	-1.000000	-4.020000	0.000000	15.000000	30.000000	0.000000	0.000000	4.880000	0.000000	0.000000	0.000000	0.000000	1	1	8.500000	1.000000	1.000000	1.000000	1.000000	1.000000	1.000000	0.000000	0.000000	0.000000	0.000000	0.000000	-5.032853E-9	1.732230E-6
3729877128.552640	-18.601000	-0.000500	-1.000000	-4.020000	0.000000	15.000000	30.000000	0.000000	0.000000	4.880000	0.000000	0.000000	0.000000	0.000000	1	1	8.500000	1.000000	1.000000	1.000000	1.000000	1.000000	1.000000	0.000000	0.000000	0.000000	0.000000	0.000000	-7.559730E-9	1.732230E-6
3729877130.427347	-18.401000	-0.000500	-1.000000	-4.020000	0.000000	15.000000	30.000000	0.000000	0.000000	4.880000	0.000000	0.000000	0.000000	0.000000	1	1	8.500000	1.000000	1.000000	1.000000	1.000000	1.000000	1.000000	0.000000	0.000000	0.000000	0.000000	0.000000	-1.032196E-8	1.732230E-6
3729877132.308993	-18.201000	-0.000500	-1.000000	-4.020000	0.000000	15.000000	30.000000	0.000000	0.000000	4.880000	0.000000	0.000000	0.000000	0.000000	1	1	8.500000	1.000000	1.000000	1.000000	1.000000	1.000000	1.000000	0.000000	0.000000	0.000000	0.000000	0.000000	-1.339815E-8	1.732230E-6
3729877134.191213	-18.001000	-0.000500	-1.000000	-4.020000	0.000000	15.000000	30.000000	0.000000	0.000000	4.880000	0.000000	0.000000	0.000000	0.000000	1	1	8.500000	1.000000	1.000000	1.000000	1.000000	1.000000	1.000000	0.000000	0.000000	0.000000	0.000000	0.000000	-1.616709E-8	1.732230E-6
3729877136.073006	-17.801000	-0.000500	-1.000000	-4.020000	0.000000	15.000000	30.000000	0.000000	0.000000	4.880000	0.000000	0.000000	0.000000	0.000000	1	1	8.500000	1.000000	1.000000	1.000000	1.000000	1.000000	1.000000	0.000000	0.000000	0.000000	0.000000	0.000000	-1.850669E-8	1.732230E-6
3729877137.957305	-17.601000	-0.000500	-1.000000	-4.020000	0.000000	15.000000	30.000000	0.000000	0.000000	4.880000	0.000000	0.000000	0.000000	0.000000	1	1	8.500000	1.000000	1.000000	1.000000	1.000000	1.000000	1.000000	0.000000	0.000000	0.000000	0.000000	0.000000	-1.995533E-8	1.732230E-6
3729877140.617966	-17.401000	-0.000500	-1.000000	-4.020000	0.000000	15.000000	30.000000	0.000000	0.000000	4.880000	0.000000	0.000000	0.000000	0.000000	1	1	8.500000	1.000000	1.000000	1.000000	1.000000	1.000000	1.000000	0.000000	0.000000	0.000000	0.000000	0.000000	-2.104205E-8	1.732230E-6
3729877142.497688	-17.201000	-0.000500	-1.000000	-4.020000	0.000000	15.000000	30.000000	0.000000	0.000000	4.880000	0.000000	0.000000	0.000000	0.000000	1	1	8.500000	1.000000	1.000000	1.000000	1.000000	1.000000	1.000000	0.000000	0.000000	0.000000	0.000000	0.000000	-2.148735E-8	1.732230E-6
3729877144.373986	-17.001000	-0.000500	-1.000000	-4.020000	0.000000	15.000000	30.000000	0.000000	0.000000	4.880000	0.000000	0.000000	0.000000	0.000000	1	1	8.500000	1.000000	1.000000	1.000000	1.000000	1.000000	1.000000	0.000000	0.000000	0.000000	0.000000	0.000000	-2.133528E-8	1.732230E-6
3729877146.260574	-16.801000	-0.000500	-1.000000	-4.020000	0.000000	15.000000	30.000000	0.000000	0.000000	4.880000	0.000000	0.000000	0.000000	0.000000	1	1	8.500000	1.000000	1.000000	1.000000	1.000000	1.000000	1.000000	0.000000	0.000000	0.000000	0.000000	0.000000	-2.092979E-8	1.732230E-6
3729877148.140152	-16.601000	-0.000500	-1.000000	-4.020000	0.000000	15.000000	30.000000	0.000000	0.000000	4.880000	0.000000	0.000000	0.000000	0.000000	1	1	8.500000	1.000000	1.000000	1.000000	1.000000	1.000000	1.000000	0.000000	0.000000	0.000000	0.000000	0.000000	-2.104023E-8	1.732230E-6
3729877150.022028	-16.401000	-0.000500	-1.000000	-4.020000	0.000000	15.000000	30.000000	0.000000	0.000000	4.880000	0.000000	0.000000	0.000000	0.000000	1	1	8.500000	1.000000	1.000000	1.000000	1.000000	1.000000	1.000000	0.000000	0.000000	0.000000	0.000000	0.000000	-2.057188E-8	1.732230E-6
3729877151.901276	-16.200500	-0.000500	-1.000000	-4.020000	0.000000	15.000000	30.000000	0.000000	0.000000	4.880000	0.000000	0.000000	0.000000	0.000000	1	1	8.500000	1.000000	1.000000	1.000000	1.000000	1.000000	1.000000	0.000000	0.000000	0.000000	0.000000	0.000000	-2.031038E-8	1.732230E-6
3729877153.789099	-16.000500	-0.000500	-1.000000	-4.020000	0.000000	15.000000	30.000000	0.000000	0.000000	4.880000	0.000000	0.000000	0.000000	0.000000	1	1	8.500000	1.000000	1.000000	1.000000	1.000000	1.000000	1.000000	0.000000	0.000000	0.000000	0.000000	0.000000	-2.035052E-8	1.732230E-6
3729877155.670465	-15.801000	-0.000500	-1.000000	-4.020000	0.000000	15.000000	30.000000	0.000000	0.000000	4.880000	0.000000	0.000000	0.000000	0.000000	1	1	8.500000	1.000000	1.000000	1.000000	1.000000	1.000000	1.000000	0.000000	0.000000	0.000000	0.000000	0.000000	-2.027208E-8	1.732230E-6
3729877157.547326	-15.601000	-0.000500	-1.000000	-4.020000	0.000000	15.000000	30.000000	0.000000	0.000000	4.880000	0.000000	0.000000	0.000000	0.000000	1	1	8.500000	1.000000	1.000000	1.000000	1.000000	1.000000	1.000000	0.000000	0.000000	0.000000	0.000000	0.000000	-2.030569E-8	1.732230E-6
3729877159.431501	-15.401000	-0.000500	-1.000000	-4.020000	0.000000	15.000000	30.000000	0.000000	0.000000	4.880000	0.000000	0.000000	0.000000	0.000000	1	1	8.500000	1.000000	1.000000	1.000000	1.000000	1.000000	1.000000	0.000000	0.000000	0.000000	0.000000	0.000000	-2.023045E-8	1.732230E-6
3729877161.313880	-15.200500	-0.000500	-1.000000	-4.020000	0.000000	15.000000	30.000000	0.000000	0.000000	4.880000	0.000000	0.000000	0.000000	0.000000	1	1	8.500000	1.000000	1.000000	1.000000	1.000000	1.000000	1.000000	0.000000	0.000000	0.000000	0.000000	0.000000	-2.007793E-8	1.732230E-6
3729877163.197723	-15.000500	-0.000500	-1.000000	-4.020000	0.000000	15.000000	30.000000	0.000000	0.000000	4.880000	0.000000	0.000000	0.000000	0.000000	1	1	8.500000	1.000000	1.000000	1.000000	1.000000	1.000000	1.000000	0.000000	0.000000	0.000000	0.000000	0.000000	-2.044497E-8	1.732230E-6
3729877165.079523	-14.801000	-0.000500	-1.000000	-4.020000	0.000000	15.000000	30.000000	0.000000	0.000000	4.880000	0.000000	0.000000	0.000000	0.000000	1	1	8.500000	1.000000	1.000000	1.000000	1.000000	1.000000	1.000000	0.000000	0.000000	0.000000	0.000000	0.000000	-2.034023E-8	1.732230E-6
3729877166.956943	-14.601000	-0.000500	-1.000000	-4.020000	0.000000	15.000000	30.000000	0.000000	0.000000	4.880000	0.000000	0.000000	0.000000	0.000000	1	1	8.500000	1.000000	1.000000	1.000000	1.000000	1.000000	1.000000	0.000000	0.000000	0.000000	0.000000	0.000000	-2.037967E-8	1.732230E-6
3729877168.835112	-14.401000	-0.000500	-1.000000	-4.020000	0.000000	15.000000	30.000000	0.000000	0.000000	4.880000	0.000000	0.000000	0.000000	0.000000	1	1	8.500000	1.000000	1.000000	1.000000	1.000000	1.000000	1.000000	0.000000	0.000000	0.000000	0.000000	0.000000	-2.014395E-8	1.732230E-6
3729877170.702870	-14.200500	-0.000500	-1.000000	-4.020000	0.000000	15.000000	30.000000	0.000000	0.000000	4.880000	0.000000	0.000000	0.000000	0.000000	1	1	8.500000	1.000000	1.000000	1.000000	1.000000	1.000000	1.000000	0.000000	0.000000	0.000000	0.000000	0.000000	-2.007930E-8	1.732230E-6
3729877172.578642	-14.000500	-0.000500	-1.000000	-4.020000	0.000000	15.000000	30.000000	0.000000	0.000000	4.880000	0.000000	0.000000	0.000000	0.000000	1	1	8.500000	1.000000	1.000000	1.000000	1.000000	1.000000	1.000000	0.000000	0.000000	0.000000	0.000000	0.000000	-2.041274E-8	1.732230E-6
3729877174.456156	-13.801000	-0.000500	-1.000000	-4.020000	0.000000	15.000000	30.000000	0.000000	0.000000	4.880000	0.000000	0.000000	0.000000	0.000000	1	1	8.500000	1.000000	1.000000	1.000000	1.000000	1.000000	1.000000	0.000000	0.000000	0.000000	0.000000	0.000000	-2.042996E-8	1.732230E-6
3729877176.332488	-13.601000	-0.000500	-1.000000	-4.020000	0.000000	15.000000	30.000000	0.000000	0.000000	4.880000	0.000000	0.000000	0.000000	0.000000	1	1	8.500000	1.000000	1.000000	1.000000	1.000000	1.000000	1.000000	0.000000	0.000000	0.000000	0.000000	0.000000	-2.047334E-8	1.732230E-6
3729877178.209730	-13.401000	-0.000500	-1.000000	-4.020000	0.000000	15.000000	30.000000	0.000000	0.000000	4.880000	0.000000	0.000000	0.000000	0.000000	1	1	8.500000	1.000000	1.000000	1.000000	1.000000	1.000000	1.000000	0.000000	0.000000	0.000000	0.000000	0.000000	-2.044156E-8	1.732230E-6
3729877180.088099	-13.200500	-0.000500	-1.000000	-4.020000	0.000000	15.000000	30.000000	0.000000	0.000000	4.880000	0.000000	0.000000	0.000000	0.000000	1	1	8.500000	1.000000	1.000000	1.000000	1.000000	1.000000	1.000000	0.000000	0.000000	0.000000	0.000000	0.000000	-2.022257E-8	1.732230E-6
3729877181.968077	-13.000500	-0.000500	-1.000000	-4.020000	0.000000	15.000000	30.000000	0.000000	0.000000	4.880000	0.000000	0.000000	0.000000	0.000000	1	1	8.500000	1.000000	1.000000	1.000000	1.000000	1.000000	1.000000	0.000000	0.000000	0.000000	0.000000	0.000000	-2.011310E-8	1.732230E-6
3729877183.859534	-12.800500	-0.000500	-1.000000	-4.020000	0.000000	15.000000	30.000000	0.000000	0.000000	4.880000	0.000000	0.000000	0.000000	0.000000	1	1	8.500000	1.000000	1.000000	1.000000	1.000000	1.000000	1.000000	0.000000	0.000000	0.000000	0.000000	0.000000	-2.017000E-8	1.732230E-6
3729877186.160662	-12.601000	-0.000500	-1.000000	-4.020000	0.000000	15.000000	30.000000	0.000000	0.000000	4.880000	0.000000	0.000000	0.000000	0.000000	1	1	8.500000	1.000000	1.000000	1.000000	1.000000	1.000000	1.000000	0.000000	0.000000	0.000000	0.000000	0.000000	-1.999885E-8	1.732230E-6
3729877188.039517	-12.401000	-0.000500	-1.000000	-4.020000	0.000000	15.000000	30.000000	0.000000	0.000000	4.880000	0.000000	0.000000	0.000000	0.000000	1	1	8.500000	1.000000	1.000000	1.000000	1.000000	1.000000	1.000000	0.000000	0.000000	0.000000	0.000000	0.000000	-1.983986E-8	1.732230E-6
3729877189.918193	-12.200500	-0.000500	-1.000000	-4.020000	0.000000	15.000000	30.000000	0.000000	0.000000	4.880000	0.000000	0.000000	0.000000	0.000000	1	1	8.500000	1.000000	1.000000	1.000000	1.000000	1.000000	1.000000	0.000000	0.000000	0.000000	0.000000	0.000000	-1.998415E-8	1.732230E-6
3729877191.799922	-12.000500	-0.000500	-1.000000	-4.020000	0.000000	15.000000	30.000000	0.000000	0.000000	4.880000	0.000000	0.000000	0.000000	0.000000	1	1	8.500000	1.000000	1.000000	1.000000	1.000000	1.000000	1.000000	0.000000	0.000000	0.000000	0.000000	0.000000	-1.993057E-8	1.732230E-6
3729877193.682419	-11.801000	-0.000500	-1.000000	-4.020000	0.000000	15.000000	30.000000	0.000000	0.000000	4.880000	0.000000	0.000000	0.000000	0.000000	1	1	8.500000	1.000000	1.000000	1.000000	1.000000	1.000000	1.000000	0.000000	0.000000	0.000000	0.000000	0.000000	-1.998067E-8	1.732230E-6
3729877195.567610	-11.601000	-0.000500	-1.000000	-4.020000	0.000000	15.000000	30.000000	0.000000	0.000000	4.880000	0.000000	0.000000	0.000000	0.000000	1	1	8.500000	1.000000	1.000000	1.000000	1.000000	1.000000	1.000000	0.000000	0.000000	0.000000	0.000000	0.000000	-2.023421E-8	1.732230E-6
3729877197.444829	-11.401000	-0.000500	-1.000000	-4.020000	0.000000	15.000000	30.000000	0.000000	0.000000	4.880000	0.000000	0.000000	0.000000	0.000000	1	1	8.500000	1.000000	1.000000	1.000000	1.000000	1.000000	1.000000	0.000000	0.000000	0.000000	0.000000	0.000000	-2.018877E-8	1.732230E-6
3729877199.323339	-11.200500	-0.000500	-1.000000	-4.020000	0.000000	15.000000	30.000000	0.000000	0.000000	4.880000	0.000000	0.000000	0.000000	0.000000	1	1	8.500000	1.000000	1.000000	1.000000	1.000000	1.000000	1.000000	0.000000	0.000000	0.000000	0.000000	0.000000	-2.015413E-8	1.732230E-6
3729877201.198897	-11.000500	-0.000500	-1.000000	-4.020000	0.000000	15.000000	30.000000	0.000000	0.000000	4.880000	0.000000	0.000000	0.000000	0.000000	1	1	8.500000	1.000000	1.000000	1.000000	1.000000	1.000000	1.000000	0.000000	0.000000	0.000000	0.000000	0.000000	-2.026671E-8	1.732230E-6
3729877203.088029	-10.801000	-0.000500	-1.000000	-4.020000	0.000000	15.000000	30.000000	0.000000	0.000000	4.880000	0.000000	0.000000	0.000000	0.000000	1	1	8.500000	1.000000	1.000000	1.000000	1.000000	1.000000	1.000000	0.000000	0.000000	0.000000	0.000000	0.000000	-2.025676E-8	1.732230E-6
3729877204.972725	-10.601000	-0.000500	-1.000000	-4.020000	0.000000	15.000000	30.000000	0.000000	0.000000	4.880000	0.000000	0.000000	0.000000	0.000000	1	1	8.500000	1.000000	1.000000	1.000000	1.000000	1.000000	1.000000	0.000000	0.000000	0.000000	0.000000	0.000000	-2.053427E-8	1.732230E-6
3729877206.856009	-10.401000	-0.000500	-1.000000	-4.020000	0.000000	15.000000	30.000000	0.000000	0.000000	4.880000	0.000000	0.000000	0.000000	0.000000	1	1	8.500000	1.000000	1.000000	1.000000	1.000000	1.000000	1.000000	0.000000	0.000000	0.000000	0.000000	0.000000	-2.040566E-8	1.732230E-6
3729877208.744831	-10.200500	-0.000500	-1.000000	-4.020000	0.000000	15.000000	30.000000	0.000000	0.000000	4.880000	0.000000	0.000000	0.000000	0.000000	1	1	8.500000	1.000000	1.000000	1.000000	1.000000	1.000000	1.000000	0.000000	0.000000	0.000000	0.000000	0.000000	-2.049987E-8	1.732230E-6
3729877210.628121	-10.000500	-0.000500	-1.000000	-4.020000	0.000000	15.000000	30.000000	0.000000	0.000000	4.880000	0.000000	0.000000	0.000000	0.000000	1	1	8.500000	1.000000	1.000000	1.000000	1.000000	1.000000	1.000000	0.000000	0.000000	0.000000	0.000000	0.000000	-2.066408E-8	1.732230E-6
3729877212.513978	-9.801000	-0.000500	-1.000000	-4.020000	0.000000	15.000000	30.000000	0.000000	0.000000	4.880000	0.000000	0.000000	0.000000	0.000000	1	1	8.500000	1.000000	1.000000	1.000000	1.000000	1.000000	1.000000	0.000000	0.000000	0.000000	0.000000	0.000000	-2.078566E-8	1.732230E-6
3729877214.401773	-9.601000	-0.000500	-1.000000	-4.020000	0.000000	15.000000	30.000000	0.000000	0.000000	4.880000	0.000000	0.000000	0.000000	0.000000	1	1	8.500000	1.000000	1.000000	1.000000	1.000000	1.000000	1.000000	0.000000	0.000000	0.000000	0.000000	0.000000	-2.086737E-8	1.732230E-6
3729877216.272567	-9.401000	-0.000500	-1.000000	-4.020000	0.000000	15.000000	30.000000	0.000000	0.000000	4.880000	0.000000	0.000000	0.000000	0.000000	1	1	8.500000	1.000000	1.000000	1.000000	1.000000	1.000000	1.000000	0.000000	0.000000	0.000000	0.000000	0.000000	-2.096018E-8	1.732230E-6
3729877218.924219	-9.200500	-0.000500	-1.000000	-4.020000	0.000000	15.000000	30.000000	0.000000	0.000000	4.880000	0.000000	0.000000	0.000000	0.000000	1	1	8.500000	1.000000	1.000000	1.000000	1.000000	1.000000	1.000000	0.000000	0.000000	0.000000	0.000000	0.000000	-2.113494E-8	1.732230E-6
3729877220.800651	-9.000500	-0.000500	-1.000000	-4.020000	0.000000	15.000000	30.000000	0.000000	0.000000	4.880000	0.000000	0.000000	0.000000	0.000000	1	1	8.500000	1.000000	1.000000	1.000000	1.000000	1.000000	1.000000	0.000000	0.000000	0.000000	0.000000	0.000000	-2.106881E-8	1.732230E-6
3729877222.670648	-8.801000	-0.000500	-1.000000	-4.020000	0.000000	15.000000	30.000000	0.000000	0.000000	4.880000	0.000000	0.000000	0.000000	0.000000	1	1	8.500000	1.000000	1.000000	1.000000	1.000000	1.000000	1.000000	0.000000	0.000000	0.000000	0.000000	0.000000	-2.137721E-8	1.732230E-6
3729877224.552494	-8.601000	-0.000500	-1.000000	-4.020000	0.000000	15.000000	30.000000	0.000000	0.000000	4.880000	0.000000	0.000000	0.000000	0.000000	1	1	8.500000	1.000000	1.000000	1.000000	1.000000	1.000000	1.000000	0.000000	0.000000	0.000000	0.000000	0.000000	-2.123348E-8	1.732230E-6
3729877226.436110	-8.401000	-0.000500	-1.000000	-4.020000	0.000000	15.000000	30.000000	0.000000	0.000000	4.880000	0.000000	0.000000	0.000000	0.000000	1	1	8.500000	1.000000	1.000000	1.000000	1.000000	1.000000	1.000000	0.000000	0.000000	0.000000	0.000000	0.000000	-2.162152E-8	1.732230E-6
3729877228.316141	-8.200500	-0.000500	-1.000000	-4.020000	0.000000	15.000000	30.000000	0.000000	0.000000	4.880000	0.000000	0.000000	0.000000	0.000000	1	1	8.500000	1.000000	1.000000	1.000000	1.000000	1.000000	1.000000	0.000000	0.000000	0.000000	0.000000	0.000000	-2.100625E-8	1.732230E-6
3729877230.193900	-8.000500	-0.000500	-1.000000	-4.020000	0.000000	15.000000	30.000000	0.000000	0.000000	4.880000	0.000000	0.000000	0.000000	0.000000	1	1	8.500000	1.000000	1.000000	1.000000	1.000000	1.000000	1.000000	0.000000	0.000000	0.000000	0.000000	0.000000	-2.117721E-8	1.732230E-6
3729877232.068125	-7.800500	-0.000500	-1.000000	-4.020000	0.000000	15.000000	30.000000	0.000000	0.000000	4.880000	0.000000	0.000000	0.000000	0.000000	1	1	8.500000	1.000000	1.000000	1.000000	1.000000	1.000000	1.000000	0.000000	0.000000	0.000000	0.000000	0.000000	-2.152435E-8	1.732230E-6
3729877233.949970	-7.601000	-0.000500	-1.000000	-4.020000	0.000000	15.000000	30.000000	0.000000	0.000000	4.880000	0.000000	0.000000	0.000000	0.000000	1	1	8.500000	1.000000	1.000000	1.000000	1.000000	1.000000	1.000000	0.000000	0.000000	0.000000	0.000000	0.000000	-2.141289E-8	1.732230E-6
3729877235.828819	-7.401000	-0.000500	-1.000000	-4.020000	0.000000	15.000000	30.000000	0.000000	0.000000	4.880000	0.000000	0.000000	0.000000	0.000000	1	1	8.500000	1.000000	1.000000	1.000000	1.000000	1.000000	1.000000	0.000000	0.000000	0.000000	0.000000	0.000000	-2.146479E-8	1.732230E-6
3729877237.715499	-7.200500	-0.000500	-1.000000	-4.020000	0.000000	15.000000	30.000000	0.000000	0.000000	4.880000	0.000000	0.000000	0.000000	0.000000	1	1	8.500000	1.000000	1.000000	1.000000	1.000000	1.000000	1.000000	0.000000	0.000000	0.000000	0.000000	0.000000	-2.158941E-8	1.732230E-6
3729877239.590538	-7.000500	-0.000500	-1.000000	-4.020000	0.000000	15.000000	30.000000	0.000000	0.000000	4.880000	0.000000	0.000000	0.000000	0.000000	1	1	8.500000	1.000000	1.000000	1.000000	1.000000	1.000000	1.000000	0.000000	0.000000	0.000000	0.000000	0.000000	-2.158913E-8	1.732230E-6
3729877241.467080	-6.801000	-0.000500	-1.000000	-4.020000	0.000000	15.000000	30.000000	0.000000	0.000000	4.880000	0.000000	0.000000	0.000000	0.000000	1	1	8.500000	1.000000	1.000000	1.000000	1.000000	1.000000	1.000000	0.000000	0.000000	0.000000	0.000000	0.000000	-2.195433E-8	1.732230E-6
3729877243.345893	-6.601000	-0.000500	-1.000000	-4.020000	0.000000	15.000000	30.000000	0.000000	0.000000	4.880000	0.000000	0.000000	0.000000	0.000000	1	1	8.500000	1.000000	1.000000	1.000000	1.000000	1.000000	1.000000	0.000000	0.000000	0.000000	0.000000	0.000000	-2.177895E-8	1.732230E-6
3729877245.222040	-6.401000	-0.000500	-1.000000	-4.020000	0.000000	15.000000	30.000000	0.000000	0.000000	4.880000	0.000000	0.000000	0.000000	0.000000	1	1	8.500000	1.000000	1.000000	1.000000	1.000000	1.000000	1.000000	0.000000	0.000000	0.000000	0.000000	0.000000	-2.183906E-8	1.732230E-6
3729877247.106185	-6.201000	-0.000500	-1.000000	-4.020000	0.000000	15.000000	30.000000	0.000000	0.000000	4.880000	0.000000	0.000000	0.000000	0.000000	1	1	8.500000	1.000000	1.000000	1.000000	1.000000	1.000000	1.000000	0.000000	0.000000	0.000000	0.000000	0.000000	-2.199130E-8	1.732230E-6
3729877248.989814	-6.000500	-0.000500	-1.000000	-4.020000	0.000000	15.000000	30.000000	0.000000	0.000000	4.880000	0.000000	0.000000	0.000000	0.000000	1	1	8.500000	1.000000	1.000000	1.000000	1.000000	1.000000	1.000000	0.000000	0.000000	0.000000	0.000000	0.000000	-2.224590E-8	1.732230E-6
3729877250.873933	-5.801000	-0.000500	-1.000000	-4.020000	0.000000	15.000000	30.000000	0.000000	0.000000	4.880000	0.000000	0.000000	0.000000	0.000000	1	1	8.500000	1.000000	1.000000	1.000000	1.000000	1.000000	1.000000	0.000000	0.000000	0.000000	0.000000	0.000000	-2.200145E-8	1.732230E-6
3729877252.758851	-5.601000	-0.000500	-1.000000	-4.020000	0.000000	15.000000	30.000000	0.000000	0.000000	4.880000	0.000000	0.000000	0.000000	0.000000	1	1	8.500000	1.000000	1.000000	1.000000	1.000000	1.000000	1.000000	0.000000	0.000000	0.000000	0.000000	0.000000	-2.186247E-8	1.732230E-6
3729877254.645758	-5.401000	-0.000500	-1.000000	-4.020000	0.000000	15.000000	30.000000	0.000000	0.000000	4.880000	0.000000	0.000000	0.000000	0.000000	1	1	8.500000	1.000000	1.000000	1.000000	1.000000	1.000000	1.000000	0.000000	0.000000	0.000000	0.000000	0.000000	-2.197987E-8	1.732230E-6
3729877256.526401	-5.200500	-0.000500	-1.000000	-4.020000	0.000000	15.000000	30.000000	0.000000	0.000000	4.880000	0.000000	0.000000	0.000000	0.000000	1	1	8.500000	1.000000	1.000000	1.000000	1.000000	1.000000	1.000000	0.000000	0.000000	0.000000	0.000000	0.000000	-2.185098E-8	1.732230E-6
3729877258.407338	-5.001000	-0.000500	-1.000000	-4.020000	0.000000	15.000000	30.000000	0.000000	0.000000	4.880000	0.000000	0.000000	0.000000	0.000000	1	1	8.500000	1.000000	1.000000	1.000000	1.000000	1.000000	1.000000	0.000000	0.000000	0.000000	0.000000	0.000000	-2.189213E-8	1.732230E-6
3729877260.289775	-4.801000	-0.000500	-1.000000	-4.020000	0.000000	15.000000	30.000000	0.000000	0.000000	4.880000	0.000000	0.000000	0.000000	0.000000	1	1	8.500000	1.000000	1.000000	1.000000	1.000000	1.000000	1.000000	0.000000	0.000000	0.000000	0.000000	0.000000	-2.195033E-8	1.732230E-6
3729877262.163333	-4.601000	-0.000500	-1.000000	-4.020000	0.000000	15.000000	30.000000	0.000000	0.000000	4.880000	0.000000	0.000000	0.000000	0.000000	1	1	8.500000	1.000000	1.000000	1.000000	1.000000	1.000000	1.000000	0.000000	0.000000	0.000000	0.000000	0.000000	-2.189681E-8	1.732230E-6
3729877264.037661	-4.401000	-0.000500	-1.000000	-4.020000	0.000000	15.000000	30.000000	0.000000	0.000000	4.880000	0.000000	0.000000	0.000000	0.000000	1	1	8.500000	1.000000	1.000000	1.000000	1.000000	1.000000	1.000000	0.000000	0.000000	0.000000	0.000000	0.000000	-2.188489E-8	1.732230E-6
3729877265.908753	-4.200500	-0.000500	-1.000000	-4.020000	0.000000	15.000000	30.000000	0.000000	0.000000	4.880000	0.000000	0.000000	0.000000	0.000000	1	1	8.500000	1.000000	1.000000	1.000000	1.000000	1.000000	1.000000	0.000000	0.000000	0.000000	0.000000	0.000000	-2.189495E-8	1.732230E-6
3729877267.785135	-4.001000	-0.000500	-1.000000	-4.020000	0.000000	15.000000	30.000000	0.000000	0.000000	4.880000	0.000000	0.000000	0.000000	0.000000	1	1	8.500000	1.000000	1.000000	1.000000	1.000000	1.000000	1.000000	0.000000	0.000000	0.000000	0.000000	0.000000	-2.195603E-8	1.732230E-6
3729877269.664497	-3.801000	-0.000500	-1.000000	-4.020000	0.000000	15.000000	30.000000	0.000000	0.000000	4.880000	0.000000	0.000000	0.000000	0.000000	1	1	8.500000	1.000000	1.000000	1.000000	1.000000	1.000000	1.000000	0.000000	0.000000	0.000000	0.000000	0.000000	-2.184616E-8	1.732230E-6
3729877271.540694	-3.601000	-0.000500	-1.000000	-4.020000	0.000000	15.000000	30.000000	0.000000	0.000000	4.880000	0.000000	0.000000	0.000000	0.000000	1	1	8.500000	1.000000	1.000000	1.000000	1.000000	1.000000	1.000000	0.000000	0.000000	0.000000	0.000000	0.000000	-2.188328E-8	1.732230E-6
3729877273.416930	-3.401000	-0.000500	-1.000000	-4.020000	0.000000	15.000000	30.000000	0.000000	0.000000	4.880000	0.000000	0.000000	0.000000	0.000000	1	1	8.500000	1.000000	1.000000	1.000000	1.000000	1.000000	1.000000	0.000000	0.000000	0.000000	0.000000	0.000000	-2.188523E-8	1.732230E-6
3729877275.290139	-3.201000	-0.000500	-1.000000	-4.020000	0.000000	15.000000	30.000000	0.000000	0.000000	4.880000	0.000000	0.000000	0.000000	0.000000	1	1	8.500000	1.000000	1.000000	1.000000	1.000000	1.000000	1.000000	0.000000	0.000000	0.000000	0.000000	0.000000	-2.189689E-8	1.732230E-6
3729877277.171687	-3.001000	-0.000500	-1.000000	-4.020000	0.000000	15.000000	30.000000	0.000000	0.000000	4.880000	0.000000	0.000000	0.000000	0.000000	1	1	8.500000	1.000000	1.000000	1.000000	1.000000	1.000000	1.000000	0.000000	0.000000	0.000000	0.000000	0.000000	-2.250218E-8	1.732230E-6
3729877279.049980	-2.801000	-0.000500	-1.000000	-4.020000	0.000000	15.000000	30.000000	0.000000	0.000000	4.880000	0.000000	0.000000	0.000000	0.000000	1	1	8.500000	1.000000	1.000000	1.000000	1.000000	1.000000	1.000000	0.000000	0.000000	0.000000	0.000000	0.000000	-2.223286E-8	1.732230E-6
3729877280.929771	-2.601000	-0.000500	-1.000000	-4.020000	0.000000	15.000000	30.000000	0.000000	0.000000	4.880000	0.000000	0.000000	0.000000	0.000000	1	1	8.500000	1.000000	1.000000	1.000000	1.000000	1.000000	1.000000	0.000000	0.000000	0.000000	0.000000	0.000000	-2.246023E-8	1.732230E-6
3729877282.808320	-2.401000	-0.000500	-1.000000	-4.020000	0.000000	15.000000	30.000000	0.000000	0.000000	4.880000	0.000000	0.000000	0.000000	0.000000	1	1	8.500000	1.000000	1.000000	1.000000	1.000000	1.000000	1.000000	0.000000	0.000000	0.000000	0.000000	0.000000	-2.250935E-8	1.732230E-6
3729877284.688542	-2.201000	-0.000500	-1.000000	-4.020000	0.000000	15.000000	30.000000	0.000000	0.000000	4.880000	0.000000	0.000000	0.000000	0.000000	1	1	8.500000	1.000000	1.000000	1.000000	1.000000	1.000000	1.000000	0.000000	0.000000	0.000000	0.000000	0.000000	-2.193863E-8	1.732230E-6
3729877286.564641	-2.001000	-0.000500	-1.000000	-4.020000	0.000000	15.000000	30.000000	0.000000	0.000000	4.880000	0.000000	0.000000	0.000000	0.000000	1	1	8.500000	1.000000	1.000000	1.000000	1.000000	1.000000	1.000000	0.000000	0.000000	0.000000	0.000000	0.000000	-2.107929E-8	1.732230E-6
3729877288.868367	-1.801000	-0.000500	-1.000000	-4.020000	0.000000	15.000000	30.000000	0.000000	0.000000	4.880000	0.000000	0.000000	0.000000	0.000000	1	1	8.500000	1.000000	1.000000	1.000000	1.000000	1.000000	1.000000	0.000000	0.000000	0.000000	0.000000	0.000000	-1.963127E-8	1.732230E-6
3729877290.749428	-1.601000	-0.000500	-1.000000	-4.020000	0.000000	15.000000	30.000000	0.000000	0.000000	4.880000	0.000000	0.000000	0.000000	0.000000	1	1	8.500000	1.000000	1.000000	1.000000	1.000000	1.000000	1.000000	0.000000	0.000000	0.000000	0.000000	0.000000	-1.729565E-8	1.732230E-6
3729877292.625985	-1.401000	-0.000500	-1.000000	-4.020000	0.000000	15.000000	30.000000	0.000000	0.000000	4.880000	0.000000	0.000000	0.000000	0.000000	1	1	8.500000	1.000000	1.000000	1.000000	1.000000	1.000000	1.000000	0.000000	0.000000	0.000000	0.000000	0.000000	-1.491752E-8	1.732230E-6
3729877294.509147	-1.201000	-0.000500	-1.000000	-4.020000	0.000000	15.000000	30.000000	0.000000	0.000000	4.880000	0.000000	0.000000	0.000000	0.000000	1	1	8.500000	1.000000	1.000000	1.000000	1.000000	1.000000	1.000000	0.000000	0.000000	0.000000	0.000000	0.000000	-1.188870E-8	1.732230E-6
3729877296.394934	-1.001000	-0.000500	-1.000000	-4.020000	0.000000	15.000000	30.000000	0.000000	0.000000	4.880000	0.000000	0.000000	0.000000	0.000000	1	1	8.500000	1.000000	1.000000	1.000000	1.000000	1.000000	1.000000	0.000000	0.000000	0.000000	0.000000	0.000000	-8.782093E-9	1.732230E-6
3729877298.279395	-0.801000	-0.000500	-1.000000	-4.020000	0.000000	15.000000	30.000000	0.000000	0.000000	4.880000	0.000000	0.000000	0.000000	0.000000	1	1	8.500000	1.000000	1.000000	1.000000	1.000000	1.000000	1.000000	0.000000	0.000000	0.000000	0.000000	0.000000	-6.062234E-9	1.732230E-6
3729877300.163158	-0.601000	-0.000500	-1.000000	-4.020000	0.000000	15.000000	30.000000	0.000000	0.000000	4.880000	0.000000	0.000000	0.000000	0.000000	1	1	8.500000	1.000000	1.000000	1.000000	1.000000	1.000000	1.000000	0.000000	0.000000	0.000000	0.000000	0.000000	-3.846805E-9	1.732230E-6
3729877302.045942	-0.401000	-0.000500	-1.000000	-4.020000	0.000000	15.000000	30.000000	0.000000	0.000000	4.880000	0.000000	0.000000	0.000000	0.000000	1	1	8.500000	1.000000	1.000000	1.000000	1.000000	1.000000	1.000000	0.000000	0.000000	0.000000	0.000000	0.000000	-2.179362E-9	1.732230E-6
3729877304.346513	-0.201000	-0.000500	-1.000000	-4.020000	0.000000	15.000000	30.000000	0.000000	0.000000	4.880000	0.000000	0.000000	0.000000	0.000000	1	1	8.500000	1.000000	1.000000	1.000000	1.000000	1.000000	1.000000	0.000000	0.000000	0.000000	0.000000	0.000000	-1.112805E-9	1.732230E-6
3729877306.226583	-0.001000	-0.000500	-1.000000	-4.020000	0.000000	15.000000	30.000000	0.000000	0.000000	4.880000	0.000000	0.000000	0.000000	0.000000	1	1	8.500000	1.000000	1.000000	1.000000	1.000000	1.000000	1.000000	0.000000	0.000000	0.000000	0.000000	0.000000	-5.047136E-10	1.732230E-6
3729877308.106920	0.199000	-0.000500	-1.000000	-4.020000	0.000000	15.000000	30.000000	0.000000	0.000000	4.880000	0.000000	0.000000	0.000000	0.000000	1	1	8.500000	1.000000	1.000000	1.000000	1.000000	1.000000	1.000000	0.000000	0.000000	0.000000	0.000000	0.000000	-2.023246E-10	1.732230E-6
3729877309.980320	0.399000	-0.000500	-1.000000	-4.020000	0.000000	15.000000	30.000000	0.000000	0.000000	4.880000	0.000000	0.000000	0.000000	0.000000	1	1	8.500000	1.000000	1.000000	1.000000	1.000000	1.000000	1.000000	0.000000	0.000000	0.000000	0.000000	0.000000	-7.127144E-11	1.732230E-6
3729877311.852146	0.599000	-0.000500	-1.000000	-4.020000	0.000000	15.000000	30.000000	0.000000	0.000000	4.880000	0.000000	0.000000	0.000000	0.000000	1	1	8.500000	1.000000	1.000000	1.000000	1.000000	1.000000	1.000000	0.000000	0.000000	0.000000	0.000000	0.000000	-2.166609E-11	1.732230E-6
3729877313.726107	0.799000	-0.000500	-1.000000	-4.020000	0.000000	15.000000	30.000000	0.000000	0.000000	4.880000	0.000000	0.000000	0.000000	0.000000	1	1	8.500000	1.000000	1.000000	1.000000	1.000000	1.000000	1.000000	0.000000	0.000000	0.000000	0.000000	0.000000	-6.836742E-12	1.732230E-6
